-1.803060019113437829e+00
6.643049172179091855e-01
-1.233249653217553643e+00
1.625477153802694197e+00
1.610925900773853670e+00
1.200669101311359732e+00
-2.801299716609459978e-01
-1.011707187496821536e+00
-1.099056947383235006e+00
-7.021102109926893320e-01
-1.739330386354503766e+00
4.101751266413780073e-01
1.763836117140241910e+00
-1.917662578584853783e+00
2.880323221796854405e-01
-7.367285626456405723e-01
-1.987487075606752196e+00
-1.815772837077003210e-01
-1.017598704263780629e+00
1.987197007381404479e+00
-2.171908567702889314e-01
-1.560744299219494646e+00
6.274132061962154339e-01
-3.221402135885091944e-01
4.670444544667384790e-02
-8.903987252604528280e-01
6.205712560602658634e-01
-1.192951561706707686e+00
1.044352877360033016e+00
1.475749184234602218e+00
1.673203896055512896e+00
1.675625931569120208e+00
1.172178220496482126e+00
-8.728553913112011564e-01
1.786590321968514417e+00
-9.750268661222665223e-01
2.821754341160822577e-01
1.273703846401089024e+00
-6.271937631940560642e-01
1.420730274165381335e+00
4.361908622905468214e-01
6.738590496390175488e-01
5.019684194885609685e-02
-1.875622768903814297e+00
-7.603078208501932167e-01
1.036367348832047952e-01
-1.282189116442125076e-01
1.903212964883072900e+00
1.630200957187111221e-01
5.143677702957831777e-01
