1.223141151209998778e+00
-1.717308672213972098e+00
5.927492514957890535e-01
1.721144698424682318e+00
-5.245872338557155956e-01
6.296605181479484337e-01
2.316365771998452061e-02
1.369055868445467894e-01
1.620239387978731571e+00
1.892294283218725504e+00
-8.163794671673243464e-01
5.642217377438050185e-01
1.563528238199809461e+00
-1.505561701220615500e+00
1.217974898252964788e+00
1.806455948771769293e+00
-1.872738285096046340e+00
-4.160701105355664176e-01
1.527969576365354687e+00
-1.388751529815010599e+00
-1.020704099475174598e+00
2.333647720572602502e-01
-1.680228884114401744e+00
-5.957757435216666231e-01
-1.688567486464835898e+00
2.108854543754219435e-01
-1.632138894146984320e+00
-2.304860642638999479e-01
1.569910525569572002e+00
-1.303063576098217435e+00
4.490209536426990056e-01
-4.176380339853067447e-01
1.045762676887858067e+00
-3.371260819373391726e-01
-7.317948394283688707e-01
-1.471142873065361734e+00
-7.313173171012254947e-01
-4.385461748490548928e-02
-1.644332221386455295e+00
-1.098460070536261046e+00
5.183750527641080019e-01
-7.119095145813947312e-01
-1.763792521070265629e+00
1.678564381591951538e-01
1.421101410318324820e+00
-6.215715613685057761e-01
1.773443978556712430e+00
-6.792621852573255126e-01
1.719132139902844081e+00
9.682017192232317271e-02
