5.396312608068951633e-01
8.953042970140505652e-01
9.250081925535735827e-01
1.618322884629194824e+00
-3.813024008594401160e-01
1.486446401636853487e+00
1.636163330648735759e+00
-1.824180680979079927e+00
6.020396266840388755e-01
1.380633677482416388e+00
-3.906942696125570436e-02
1.329582298802058915e+00
-8.669658166861076154e-01
-2.993656709591197007e-01
-6.963308671514027992e-01
1.265762272772445129e+00
-7.752775374615765713e-01
1.549770808940417854e+00
1.163462971675403690e+00
6.201313613744567910e-01
9.694688665615314171e-01
-9.997301140702377076e-01
-1.753040496706028684e-01
1.879806106685005140e+00
1.924715080091843333e+00
6.837965807619736935e-01
-1.691319817171195172e+00
-1.480803876661415330e+00
-1.646884874853986602e+00
1.309904137765245391e+00
9.936354049234008556e-01
-1.355285969160910930e-01
-8.703325411556273039e-02
1.647246428289464770e+00
-1.822682978419004396e+00
1.738710998270143193e+00
-1.398601252106078441e+00
5.169703745130029837e-01
1.053091894259178041e+00
1.766209497239342063e+00
1.573631188499593492e-01
-6.332093747629343738e-01
-1.897098463118806588e+00
5.473853423012235986e-01
-1.522547497870252897e+00
-8.252363888967741978e-01
7.374244009456538684e-01
1.810540905836407699e+00
-2.333362421639306739e-01
5.667983152393700763e-01
