-5.849806112235134137e-01
1.057302093338274407e+00
3.524077303068038347e-01
-3.881017597103633143e-01
-7.183508595252647844e-01
7.370608177354474044e-01
1.633749241855422252e+00
-1.212450103689219016e+00
8.729805749009162952e-01
-1.987832289089134008e+00
-1.390766332351525136e+00
9.714223560356680665e-01
3.275478006805760955e-01
-6.931530502776062086e-01
-1.414540539265962238e+00
1.372240669841373162e+00
1.477533890061823563e+00
-8.292092483978472650e-01
-1.128289338438658085e+00
6.278938134964211493e-01
-1.913297149350763338e+00
-8.340258992674565164e-02
9.301540885332211239e-01
1.614270407916978289e+00
-1.435292613502699766e+00
1.211111821208274986e+00
1.993371272786305326e+00
-1.704411571356426958e+00
1.653576836432604225e-01
-8.032513004538470724e-01
-3.787103997226415331e-01
-4.050079884224757620e-01
3.375103666348095999e-01
3.661366300701889287e-01
1.823743263573165407e+00
1.336051204418933214e+00
4.312988649748095149e-01
-8.266274345940654023e-01
3.660455577591057441e-01
1.820208870230384246e+00
-1.328442802834949088e+00
-4.090986573858916842e-01
2.585723063552647361e-01
-8.584742733152528338e-01
9.960796144928751872e-02
-1.140224622162126611e+00
-1.172115490204150845e-01
1.378985873195551992e+00
8.199768205118607156e-02
-8.393819840791763021e-01
