-8.513908416658391154e-01
1.577551170893933818e+00
1.140012304522065811e+00
6.751105286914818038e-01
-7.701362845571977367e-01
4.119078658669379500e-01
-7.857162901063627913e-01
6.444524259283133105e-01
-4.946297115851487902e-01
7.862854002570043299e-01
3.458613557244802905e-01
-1.728973754833755372e+00
1.918224268759558093e+00
-5.446402523662028372e-01
9.438435191521774570e-01
9.044433263755413677e-02
7.888644147448569122e-01
1.494406191137310991e+00
1.081886609733203386e+00
-2.085490400811180756e-01
8.219988309471624177e-01
7.074474545795328417e-01
-1.426510219150651348e+00
1.431596506000115898e+00
-1.655059604940066098e+00
9.626391529248579104e-02
-1.344446613751391961e+00
-1.172836326310446431e+00
5.327559679823781202e-01
-9.569157748682934894e-01
9.823758561502171638e-01
1.712458457875909446e+00
-9.155481417488102736e-01
-1.041070896619732622e+00
-1.769086403794442042e-01
2.008295379703062267e-02
1.683916689254565391e+00
9.192297739954451430e-01
1.329814035128930705e+00
1.684281420770689319e+00
1.482271462880078161e+00
-3.939368865279253562e-01
-1.502847311801513985e+00
-5.540967625721902046e-01
-8.220032284176577164e-01
4.937925093180468572e-01
-1.662598532963406761e+00
-2.239498355990043876e-01
1.668151886204221057e-01
1.055401120828459938e+00
