6.675886650704576653e-02
1.315007418357430513e+00
-8.972779981043772501e-01
1.409903269351872268e+00
-1.619457368719545265e+00
-1.120163740730944824e+00
-1.841396862374897747e+00
-6.369437118696925637e-01
1.152436581835611928e+00
-1.473386586485138761e+00
-7.009778923292029340e-01
-9.538427653208914059e-01
1.258659201343098832e+00
-8.548900376159229708e-01
-1.141383095942827275e+00
-6.182765089497270772e-01
3.705381549695867527e-01
1.438072145037670335e+00
1.760606458739367497e+00
2.969257735101966666e-01
6.375510999354343511e-01
1.613633991681671986e+00
3.438755125871422180e-01
-7.677488694743543896e-01
4.510243039465957615e-01
-1.968708167356793659e+00
1.983631635404380589e+00
-6.915316000461091406e-01
1.605264156854868673e-01
1.198301925410848234e+00
-1.340954879341679895e+00
-8.206769971168008659e-01
9.638147568661277198e-01
-7.309604076445581633e-01
-4.215029181727856233e-01
-7.959339745291429402e-01
1.936758347191815943e-01
5.227057409808142374e-01
-1.291447808815073373e+00
1.725751779989477264e-01
2.808010891102448170e-01
-1.399937065078606935e-01
1.622714278410357647e+00
1.389949820610845599e+00
4.126750613514778010e-01
6.749895776560221883e-01
-1.850436072084824524e+00
6.702941221109197656e-01
1.770485495830451228e+00
-1.122854712461293314e+00
