-6.152812290252285266e-02
1.909185632993943393e+00
1.348761268806275115e+00
1.497286066519336600e-01
1.887463045511859061e+00
1.428862798045295257e+00
1.446748013538820210e+00
-8.431830209930870623e-01
8.229839870212374286e-01
-1.134418560826043532e+00
-1.749078078205068110e+00
-7.993134158816284085e-02
2.811354510104471238e-01
-1.118526637432222692e+00
1.785092462878599129e+00
-5.347063350427561090e-03
-7.592842805808239781e-01
-1.790115353573838330e+00
1.811444048847677291e+00
7.169519431102724383e-01
1.427619104538695449e+00
-1.821019142939628299e+00
-9.925097646223299819e-01
1.257250763197855559e+00
1.284631542979906005e+00
6.855358433730094347e-01
-7.517280027280199839e-01
-7.357941337635076628e-01
2.731601203038964698e-01
-7.505657390697244580e-01
-8.257284616892657247e-01
-1.791688159634419186e-01
-7.317065503979796048e-01
-1.436724803046758314e+00
2.442891423289763608e-01
1.607512066446769694e+00
1.321940154960323799e+00
-4.116946275548349909e-01
-1.240106705842249912e+00
-1.395469052627793971e+00
-1.706030746449373137e+00
1.900878167518412099e+00
-1.112473192043659243e+00
-1.512632975565986637e+00
1.972575840768737265e+00
-1.393315993188907420e+00
-5.698335363136468601e-01
-1.383341028793673377e+00
-9.606386424416952785e-01
1.185599856258759299e+00
