1.599560411655910563e+00
-1.379196245265888354e+00
9.451911196925517622e-01
-1.231032552171944516e+00
1.664003283816485101e+00
-1.190245326600014586e+00
-1.021935922781464612e+00
5.930434142857636814e-01
-1.126423283065461689e+00
-1.163395067868024491e+00
6.907909431601311212e-02
1.699880968728688213e+00
-1.861353304311260004e+00
-1.272482750740296265e+00
-1.614535708622564236e+00
1.246482471695784078e+00
5.357674127958400589e-02
-5.573602776278856474e-01
-1.940136242129429256e+00
-1.766160566724303660e+00
-1.934989554278763180e-01
-3.808188638400351600e-01
9.699028084279031070e-01
1.449116340936276615e+00
1.351956277942272244e+00
1.912711686131803646e+00
1.213008779403131232e+00
-1.323696305971267861e+00
-1.726208951840421335e+00
1.752734684127831510e+00
1.919593642958014712e+00
-4.776694110063597343e-01
-5.530631644539547587e-01
4.529816280067966439e-01
-3.366742320848676862e-01
-1.621466790681917125e+00
1.196899240809806031e+00
1.461970217432162489e+00
4.760931150701046555e-01
1.018818303915228540e+00
7.118003419749046046e-01
-1.879207484224780789e+00
9.114752054639292389e-01
-1.141087972305478093e+00
2.942468054141200717e-01
1.305773137146867935e+00
1.688660967276443881e+00
9.457713153834923503e-02
1.721375284982058496e+00
-1.261132370064146357e+00
