-1.987962253151849712e+00
-6.050518951355452479e-01
1.061231460323293518e+00
-1.197467438299314679e+00
-1.045302074073787502e+00
-6.234977404448729388e-01
1.358739131944430412e+00
1.535244353317462895e+00
1.920030610160014195e+00
7.300008552795138606e-01
6.089662465225078591e-01
-8.533343847185332898e-01
7.059098962245116127e-01
8.784413575416705200e-01
-1.325696196201637367e+00
-1.340435826843234146e+00
8.393951727242221494e-01
1.518332793094736122e+00
1.828604802526947459e+00
-1.531080193133356193e+00
1.862826494231307084e+00
-4.800368681467994669e-01
-1.190944830781272223e+00
-1.332365506698812041e+00
2.790129765178055443e-01
-1.309993788029237827e-01
6.185240161643852375e-01
1.070356221812389208e+00
-1.710299542468105116e+00
1.476617868447204440e+00
1.007140352732172062e+00
6.259092995517501201e-01
1.727945756431744417e+00
1.431279660046526292e+00
-1.167449468170839388e+00
1.654738758467323212e+00
-1.558467512473057148e+00
-1.947110345297514034e+00
1.209492728763254643e+00
1.318891987686403588e-01
1.010880883247729844e+00
3.728090924558138397e-01
2.671777413418423563e-01
1.800521026548369985e+00
9.506548148245719254e-01
2.704532410242457274e-01
-7.874042536536949299e-01
7.549715303553403700e-01
-2.504245402684945887e-02
-6.527745589303073359e-01
