-1.815372460839898228e+00
-1.077477107848283655e+00
-1.969388712150491383e+00
1.669829898695488701e+00
3.422113041984928827e-01
7.253562197892211572e-01
-1.057393813331743093e+00
-7.654094982292658500e-02
-1.172223563270538005e+00
3.256556340287213303e-01
-1.841559280993152470e+00
-9.001778518945311447e-01
8.548546091444864103e-02
1.392684895810545775e+00
1.333687119896727502e+00
6.812612947627409987e-01
-1.813744672060778385e+00
1.934974502607047508e+00
-1.203726114235219136e+00
5.719458538137955905e-01
-1.309185454228609213e+00
-1.353742765523761715e+00
-9.607970102805891699e-01
-6.471514812976808528e-02
-1.980380207451378993e+00
-1.101421220909594823e+00
1.095821177820767378e+00
3.130811651247578098e-01
2.985496365575661670e-01
-8.484642137198181722e-01
6.629713804135963784e-01
4.273365804546718216e-01
-1.600261287884590544e+00
-1.199250954605781683e+00
-1.337190326247290617e+00
8.538253616371624943e-01
2.993636304038194140e-02
-8.173702169257475170e-01
1.095075964949542513e+00
5.412727013176135138e-01
-5.980163977158419186e-01
1.028230972895586071e+00
4.926629777154492018e-01
1.958379082228569157e+00
-1.640053059981371852e+00
2.549340649518589963e-01
1.771736818403558900e+00
-3.637921311647662748e-02
1.978181256576445612e+00
-9.879274348014064344e-01
