-2.304717297169411871e-01
1.302757520311166317e-01
-1.288539704306528311e-01
4.350919104281590899e-01
-2.152317330931500239e-01
9.926018259612046091e-02
3.079555527039408158e-01
7.116789776194054618e-02
3.266366137022530536e-01
8.043365836198101970e-02
-2.857565456452971775e-01
-4.409880863446115074e-01
3.465932948623995369e-02
3.741280613368159758e-01
1.080626630036571889e-01
-2.147483193723098704e-02
7.589268643284496907e-02
-1.432509314915698662e-01
-2.575963784280171920e-01
4.432458248171395887e-01
4.772282635407452123e-01
1.390562093622527140e-01
9.130983866049158237e-04
3.006143268793158851e-01
7.392492535876771242e-02
2.879650528739564619e-01
8.014689489709947434e-02
1.875569252589150970e-01
-5.501082019478764629e-02
-4.270008377491558704e-01
-4.330721422042321800e-01
2.325086798764373075e-01
3.119500269752251143e-01
5.599909385366219627e-02
-3.039183362560687884e-01
-2.624190226492482125e-01
-4.407234571147710112e-01
-3.101171548718595350e-02
-4.865126550142073736e-02
-4.279072455233927652e-01
6.454297368798356249e-02
-3.474876996553700748e-01
-4.727164233565812612e-01
-4.262895283814202019e-01
-3.617262899446593849e-01
-3.044708493079911760e-01
4.725328799070082075e-01
-2.595321757113230321e-01
-3.629479984601521325e-01
2.677014539442756913e-01
