-1.010351542617178300e-01
-2.293517891100086414e-01
3.209906275301980250e-01
2.614065927690349955e-01
3.680453836529672396e-01
-3.291532700357259200e-01
4.440275451524657857e-01
-2.279781555273668880e-01
4.837886787931499066e-01
-7.152691680753775483e-02
-4.671113309076888598e-01
-4.587944571695563578e-01
-4.546570735800180563e-01
-3.448164785126431875e-01
3.771130077602702357e-02
3.958237024395901971e-01
-1.449288175275709190e-01
-4.322201129012011034e-01
-4.355656454163036040e-01
2.331442860888344182e-02
4.333917233635300459e-01
-3.853697433120658600e-01
-2.472820591022402148e-01
2.099328661846169286e-01
2.986787907319810031e-01
-3.454980357359243026e-01
-1.163377603772577373e-01
-1.889883910084604324e-01
-5.647434913909332721e-02
-1.231901353176496627e-01
4.326401366932511872e-01
-3.368333721978001849e-01
3.231666233494460139e-01
-4.735803842724110035e-01
3.866520543434415202e-02
1.549102427910419300e-01
-2.420102913352349949e-01
-2.622498799164800776e-01
2.293321417581029031e-01
-4.675601539005735940e-01
1.261512441089780445e-01
2.926319059093515085e-01
-8.180900027174131672e-02
-3.771235931465926061e-01
4.037734079323536118e-01
1.619255636762044759e-01
-3.791526316421731657e-01
2.576016300486555499e-01
-1.353778735665999156e-01
4.057064186472353340e-01
