2.702673520696231568e-01
4.833061931143998180e-01
2.951184681776928276e-01
3.954450638578922428e-01
-2.624464578003534720e-01
-4.204548444533185991e-01
1.619331860860337979e-01
-1.231126517124569997e-01
4.937876307146662480e-01
-4.814209959395052696e-01
3.119453226490639386e-01
3.514893392036578801e-01
-5.894369155607603883e-02
-3.548737360181081213e-01
-4.140798004874089999e-01
1.991893195823716267e-01
-4.947746451776235954e-01
1.215876283243252365e-01
-3.985168713640220295e-01
3.914214279800415364e-01
-2.749727656693708999e-01
2.609135680584541150e-01
2.724010866496634486e-01
1.258215912503551914e-01
1.960485001647895853e-01
-3.662560369402073635e-01
4.063741403797604956e-01
-3.750784463350599340e-01
4.289869598906892456e-02
2.346962147729447778e-02
-1.601336397724035798e-01
8.577121005671206611e-03
2.088987608484160763e-02
-3.126966952589438353e-01
-3.054183312112198623e-01
-2.595634569780294054e-01
-2.236856983111223940e-01
4.481654625938901182e-01
-5.304453499037131703e-02
3.068336017402195637e-02
1.620075602905690637e-02
-2.103201494071575972e-01
-3.123820689634888570e-01
3.498972159825239903e-01
-5.840814266663230114e-02
4.296091466867699715e-01
6.542178222265548904e-03
1.453436334983778666e-01
-3.102781064828286084e-01
-2.600556878989553899e-01
