4.383857560325583602e-01
3.463010306992814202e-01
2.838085131238835546e-01
-3.452583481693648482e-01
3.329853715218369370e-01
7.283939917629933536e-02
2.922156164977040005e-01
9.693023977813153280e-02
-2.918021883061413524e-01
2.854654052400872333e-01
3.379202228492425020e-01
3.503850766394733807e-02
-1.251187199741954359e-02
-3.525851729260565115e-03
-3.660475092633588279e-01
-3.531050769013005519e-01
2.050039838620957289e-01
-6.820886918509783126e-02
3.447665623148051806e-01
-1.933219597029003367e-01
1.852237574085905392e-01
-1.579692529649506794e-01
-4.800565170409226701e-01
8.138511779201218488e-03
1.272855321136839857e-01
4.618255552179106882e-02
-4.483548973088324896e-02
4.213915277713489171e-01
7.399819634198567808e-02
4.440568669840430083e-01
2.284517684672990878e-01
-1.675862572188338007e-01
3.242255873443896652e-01
2.034139542854752625e-01
-3.102785491809926244e-01
4.071037176531917545e-01
-2.016305558996879244e-01
4.213928899444372433e-01
2.483065877690381340e-01
-2.021307766726687660e-01
2.328590087504326389e-01
-2.206062980998469980e-01
4.514141234380839585e-01
4.633512707729469104e-01
5.503175844728303012e-02
4.697978977951794421e-01
1.728335642513638692e-01
5.393349807194602885e-02
-4.113701691678836037e-01
3.879216493029913337e-02
