-4.437591581413324882e-03
1.447063610916632381e-01
-3.662029517980859294e-01
4.585769354425909272e-01
3.127768371879197096e-01
-2.997812258270629027e-01
-6.997853124435993166e-02
-1.616540374488185661e-01
-1.620168479114378890e-01
-9.480916467504052481e-02
-1.498948099941463941e-01
4.399559651363886825e-01
1.796937810939303048e-01
2.540082292119467677e-01
3.902033990576920797e-01
-1.523743687978698080e-01
-3.758022013966813013e-01
-1.107135624484915093e-01
4.276853711514815304e-01
5.511355784025850912e-02
5.673949101707020937e-02
-2.249627431614754647e-01
-3.808852898673219523e-01
2.991689984633374433e-01
3.081880887267097746e-01
-5.191611570850906965e-03
1.830170265314529088e-01
-2.071787236381142927e-01
3.729847833523841638e-01
2.992908014026294250e-01
-1.476940869702192405e-02
2.255938873492525643e-01
9.577071713927454155e-02
-2.259599808817021049e-01
3.148729465611825873e-01
-1.331803616631963560e-01
7.415624698704381679e-03
7.564899775933620063e-02
3.408917215313443938e-01
-1.915727414065900858e-01
2.674577679139167330e-01
7.037497778686452321e-03
1.410726577968569595e-01
2.845098819913716159e-02
3.872127476450248906e-01
-1.470295266090599906e-01
-3.670190177609495841e-01
4.534720726679597469e-03
-1.945103663036252817e-01
3.428997476129623800e-01
