-4.049121049124233540e-01
-3.232344296387027471e-01
4.357152371436895377e-01
3.543556991359220198e-01
-2.816432747346550025e-01
-4.995249495808025131e-01
-3.551181569690028406e-01
-1.548066534942339478e-01
3.891573338143706762e-01
-2.730342069115321291e-02
9.715011464384581963e-02
-4.194500552089319712e-01
-1.665741161021107031e-01
2.643301887803205519e-01
-3.669687090561153386e-01
-2.013879687143917963e-01
-2.433580748021179074e-01
2.745853538114513270e-01
3.191889473324618365e-01
4.739466832217187342e-01
-1.734810541596021327e-01
-9.754748057516060555e-02
-4.060184471476933066e-01
-2.648596359225696695e-02
-2.874520339540721503e-01
3.670520824815763916e-01
2.882293773601911635e-01
-4.942738541742610625e-01
5.590179445402465586e-02
-1.115673872926643551e-01
3.574202754188016140e-01
4.097660489819935359e-01
-2.783403385309410893e-01
-7.971805005290522050e-02
-1.194364161697986093e-01
-2.394600058715223856e-01
1.542294781004744930e-01
-1.899268120373653890e-01
2.540488496454810230e-01
-4.908522809467555925e-01
-1.596963765721024497e-01
-1.585137398137044240e-01
-1.545960922615872146e-01
2.683239251523382718e-01
-2.184806077192295026e-01
-2.630655707214472061e-01
-4.565785223216246580e-01
-1.504111541372756822e-01
4.451505715757551052e-01
8.243422659921706419e-02
