-1.722386510583062691e-01
1.960669922708131452e-01
1.705728571766773616e-02
4.256117221285489194e-01
-3.742848576494154367e-01
-4.187518295833237980e-01
3.899318818646644313e-01
-4.506686172553266978e-01
-4.680339079794444412e-01
3.774586893033293755e-02
8.189252375012523455e-02
4.750991882407519240e-01
-2.071414099106997364e-01
-7.793487634374363093e-02
2.504562053027915569e-01
-1.717320626121953131e-01
-3.528277084687662102e-01
3.790093509067042898e-01
4.781672687520167608e-01
4.845350107029304798e-01
-5.394867597289665362e-02
4.823459074732211471e-01
-2.841987569165671523e-01
-2.933107602336136877e-01
-4.569981986761784132e-01
4.723090857512366458e-01
1.067637314230225343e-01
2.952317847935298500e-01
-2.721288661588192603e-01
-3.059724936189123223e-01
-4.030082472100698920e-01
-3.953776698428318470e-01
3.367181889767998371e-01
8.655120513396874493e-02
9.406907212701998144e-02
4.942328072114651194e-01
4.857105210284597963e-01
-3.931827422159525076e-01
2.030652174359965922e-01
-4.536831193801688089e-01
4.665414503335352236e-01
2.163715691839123156e-01
-1.530333933773364574e-01
1.797993677133025159e-02
-4.863920347571054625e-01
1.366005232502613964e-01
3.285834775776396155e-01
-3.850718671594632880e-01
1.960905603117757412e-02
-4.003736816204707116e-01
