-2.814328374116265019e-01
2.602244387090680844e-01
-4.876072726439500959e-01
-1.445228523004919996e-01
1.727055171758017371e-01
4.513931599079035184e-02
-4.146058024434173817e-02
-3.244834223084256397e-01
4.632058894697563822e-01
2.711815985554288932e-01
4.309452066528025593e-01
3.253165150069899925e-01
7.402163132863714967e-02
4.541310118478973923e-01
-8.344447238775498654e-02
3.443032326466489712e-01
4.135456817354554726e-01
3.512933224545539135e-01
-2.988443567409594381e-01
4.790595020959259598e-01
1.466668494621120589e-01
-1.859556366543269057e-02
1.479093817012726575e-01
-1.219589956227717931e-02
2.702704356870733182e-02
3.453869999227299203e-02
-4.382839330790372356e-01
-3.078909759969635784e-01
4.085936150672395684e-01
1.620982622729454370e-01
-4.783878986334487715e-01
-1.750028214200803900e-01
1.959838214548745849e-01
2.868990631369291444e-01
-4.151285891030486175e-01
7.379527958944009924e-02
3.820164676428867701e-01
-4.623703770950835512e-01
-3.688581857412134291e-01
2.630639225579823881e-01
-1.186836855868461660e-01
4.719195611732911466e-01
-2.241480769703038112e-01
-7.564733182035210390e-03
-1.717814594730714406e-01
-2.201851921211126495e-01
-3.715506691126626571e-01
-4.568377106956404976e-01
-2.250575781762520489e-02
4.792038366578347253e-01
