-4.487665148356642097e-01
-4.522567767447122078e-01
-4.155490585109148372e-01
-3.821795772128518953e-01
-4.703115732275411354e-01
-4.015477294553055909e-01
-4.356556019486101938e-01
1.726737817091420490e-01
1.447121846408930823e-01
-2.110784900294793154e-02
2.429940488354196404e-01
3.270311176778979423e-01
9.761935734609916704e-02
-3.883950434162088960e-01
-3.133184516997788993e-01
-2.911653856755314074e-02
2.643178820227942705e-02
-3.655590761588076720e-01
-3.481315226655852246e-01
3.511362925307385252e-01
-7.341032745345354993e-02
-3.638296888962265774e-01
3.833506023446132671e-01
3.007356232757527614e-01
1.664373102400986681e-01
4.042789628559296800e-01
2.011056212760422568e-01
-4.678187979528400930e-01
-1.010603395135266647e-01
-1.890855574184530097e-01
-1.885278527470335419e-04
4.022010058264358090e-01
1.701571904757492870e-02
9.246564856654315712e-02
-2.957109191635123313e-01
-1.863565189984548454e-01
-6.034774018746247304e-02
-1.205360454555925998e-02
-4.331906288860297716e-01
-4.312811405808671950e-01
3.326625238333938972e-01
-4.593110397770470144e-01
-3.010525164341860682e-01
-7.390254607313850865e-02
-3.128160584130347255e-01
2.632709555152601411e-03
-2.235722914451796495e-01
1.338019424276507552e-01
9.611873264189962907e-02
-3.556366100777474948e-03
