9.460864154993919861e-03
3.149194624230086115e-01
-1.284099903027970946e-01
1.758695133132254229e-01
-6.437913947111195689e-02
2.980209879109663174e-01
-3.197681344954838023e-01
-3.001537092493128389e-01
-3.869326128993610947e-01
3.060686700533266080e-01
-2.099042230584339253e-01
3.222798295572191218e-01
-4.111681878458208761e-01
-3.714986009846629189e-01
4.090120795113763030e-01
4.839763033254630420e-01
-1.417354730150102160e-01
4.871984445242670825e-01
-4.321754242724235029e-01
1.439517935398015869e-02
-3.324012029706394644e-01
-2.098852541937819005e-01
3.688696831392322961e-01
-4.699216058739663637e-01
-2.233150095441506222e-01
3.621870108608559180e-01
-4.876524059780816822e-01
-1.469862171008050611e-01
-1.701283229837667887e-01
2.995526361450968622e-01
-2.395791443468022752e-01
2.863495688315790266e-01
3.282276551327467651e-01
-3.673828717054216098e-01
-1.843798940906085093e-01
-3.541385016918524586e-01
2.920418392801694685e-01
-4.911048523824819156e-01
8.643504469954810254e-02
3.718039027749072689e-01
7.841528948829601386e-02
-2.278765685720318679e-01
-1.164748962238482122e-01
3.230035801384212313e-02
3.181073704255602541e-01
-3.495942020954396767e-01
-1.085621762319307626e-01
-1.625477731376472335e-01
4.042693669087683572e-01
-4.606111440781734956e-01
