-1.694758184812988677e+00
1.620941429019316260e+00
1.174837787046980608e-01
7.175451202580025445e-01
-4.474649297427424344e-02
-2.057458157364182583e-01
-1.527955633357141796e+00
-4.452788686742517044e-01
1.079422502837611209e+00
-1.710917588608870776e+00
-1.811084782572563778e+00
-6.778938387841266788e-01
-1.889200752277740314e+00
1.856303736771554025e+00
1.094207298428496067e+00
-8.513369963365731152e-01
-7.593871398840015274e-01
-3.869774309814255631e-01
-1.632668794799649437e+00
5.690990152709831662e-01
