1.170188300428405714e+00
1.751195660828834377e+00
1.923574692895265947e+00
-1.188708978114902948e-01
-6.980407573771474361e-01
6.030675784210597357e-01
-1.380762601620070917e+00
1.381784789329341123e-01
1.617814293394086000e+00
8.393300585151766136e-01
-4.255313069657908898e-01
1.933268939531807895e+00
1.206375225758820946e+00
8.681554392163817191e-01
1.860084084273431859e+00
1.381145765267079106e+00
-1.168157051507592747e+00
-9.503431644084452401e-01
1.594935451777116597e+00
1.370557171235933680e+00
