1.318900162104759577e+00
7.599109991109220807e-01
-1.460137282186790841e+00
1.906912284734127105e+00
-1.911046962048695619e+00
1.314345604257032285e+00
-4.595868594628647053e-01
1.998846135941481084e+00
1.875106755080287790e+00
1.673955410707183677e+00
-5.972438580861747504e-01
-1.631402687734889057e+00
-1.488599964910950479e+00
-1.792557883452644774e+00
1.717417440016805852e+00
5.879997170122308603e-01
-1.511467395308890183e+00
1.566391062622026986e+00
-1.458333646661378324e+00
-1.071986604115799935e+00
