-8.996513672003745299e-01
7.604293518963700649e-01
-1.428648035915526915e+00
-1.398107893804919399e+00
-3.277496606942862378e-01
4.132733142926596770e-01
-1.195157977541806193e+00
1.850425563745909940e-01
1.159798922819569977e+00
-6.735704380510592060e-01
-2.723941518210226675e-02
-8.501750475710423416e-02
1.362714844353000831e+00
-1.780913305488262655e+00
1.234885714540375545e+00
-8.811325431916299245e-01
-1.803920432333919521e+00
-1.263182671668896528e+00
1.639911760179835198e+00
1.241135194381802975e+00
