-7.267511158157904383e-01
1.275648507476937255e+00
1.744372035546791988e+00
-1.185562961702385287e+00
1.749905604650236146e+00
-1.023185838119676561e+00
5.478958924186954071e-01
-1.381655027881345532e-01
-6.610055268936321227e-04
-1.560799039482958506e-01
-1.485108833970600450e+00
3.301984324556728190e-01
-4.530075095150611908e-01
-1.247630914590331042e+00
1.537667585332139097e+00
-1.404821562949567504e+00
9.458674784866483165e-02
-3.670213999019642515e-01
1.506490174165302953e+00
-9.454845324609211232e-01
