4.426404265770962354e-01
1.582136871649146848e-01
-1.930753278124397454e+00
-1.216228673722846043e+00
-4.524078883416673413e-01
4.732189656238614539e-01
-1.862722458454320940e+00
-7.256721373831753752e-02
-1.066649359198089009e+00
-1.508499847608032240e+00
1.652841428761760323e+00
-1.571059669238992207e+00
1.741644136838060852e-01
-5.602525872045660549e-01
4.048385491970796224e-02
1.115960466673173279e+00
-1.227238886469247614e+00
-5.945927252471343571e-01
1.969061898196374560e+00
-6.897762008502663633e-01
