-4.378290288343058556e-01
1.736689485408586808e+00
-1.830844353419662784e+00
9.033439180738285224e-01
-6.052157508915527728e-01
9.528343603527034134e-02
-1.787381351271828400e-01
1.960227820026337664e+00
1.698193975568910830e+00
2.019370245375839978e-01
-1.174152614842593145e+00
-4.213767128885206326e-01
-4.738515857725849045e-01
-3.509490628953537694e-01
1.929812654754809564e+00
-1.572735531997358827e+00
1.772561354247882193e+00
-8.198032422566869926e-01
-1.959906603053594765e+00
3.584210089919088738e-01
