-1.115622424433301951e+00
6.024857412037625259e-01
-1.012818044162854036e+00
1.575802954798951383e+00
3.969464301454519450e-01
8.627985170795411385e-01
-1.279886640565529365e+00
1.025594790554279268e+00
-1.182931012964709261e+00
3.711003976969200480e-01
1.034439576049402731e+00
9.584384749116718893e-01
-1.484368298967434274e+00
-1.614383473329501051e+00
-1.181257397872855552e+00
5.035207280177091960e-01
7.620903103591643024e-01
-5.426696219384785635e-02
-1.000235372285201763e+00
-4.750767522514274255e-01
