-7.616082273655897517e-01
-8.052084706296587235e-01
-1.741439802201505405e+00
-5.888243337967482560e-01
1.312470368261090758e+00
-1.996532777263855252e-01
1.422184996059303597e+00
-1.853063411290652773e+00
-2.633048343880926012e-01
1.479962236366103134e+00
-7.426146542384093330e-01
-1.236662494389561218e+00
1.095588279270049092e+00
1.871735329581768248e+00
-1.508050951030509346e+00
-1.803253247083573818e+00
-1.842303191651843086e+00
4.293457544913996671e-01
-2.676615432407798423e-01
1.927469408602993983e+00
