2.123094114006418565e-02
9.942729317612140072e-01
1.235865698836091653e-02
4.020277308307913522e-01
1.303664326249165839e+00
-5.698672262330282123e-01
-2.901843076689551992e-01
-1.447763006141078446e+00
1.538606903857672403e+00
-1.606174148132168966e+00
6.754002044922824410e-01
-3.811010725010142153e-01
1.725534630071962283e+00
-1.371351699796394819e-01
6.872962525632608788e-02
4.965217547346658655e-01
1.026352364038410236e+00
-4.956599384750894899e-01
1.906758997623096530e+00
-1.621691093988745003e+00
