-2.463712722991620030e-01
-2.902917940166740429e-01
-2.117697900909333297e-01
-6.226731882950542474e-02
4.388530947485980160e-02
-3.110409169498343784e-01
2.902480776224258818e-01
3.043439613376437425e-01
1.669008621354225452e-01
-7.902361182462291911e-02
4.835272124154641471e-01
1.238018176488143718e-01
2.306073206222060135e-01
1.477951782666129255e-01
3.262097575447316933e-01
-7.935572332803286777e-02
4.653732756371214974e-01
-9.613437110502498495e-02
4.098934309186135216e-01
1.302518997428014913e-02
