4.778759526196296736e-02
2.731369058728573274e-01
-3.790802202796390574e-01
-4.679001214280491538e-01
4.799213749112173355e-01
4.854455737648447622e-01
2.557872763870456811e-01
-2.665209967872351760e-01
4.113598691112845263e-01
2.245190757432278250e-01
-9.456848824422969813e-02
3.259611421813994880e-01
4.863708407562316038e-01
1.013287701802157992e-01
-3.978398128930313860e-01
1.407598419773929965e-01
4.965067746132996174e-01
-2.881019342390974680e-01
2.918580814866770234e-01
-6.214328044617067892e-02
