2.419152664212775861e-03
9.789659569138287054e-02
-7.985905927628600409e-03
2.221722683662475939e-01
7.803956683135049310e-03
-2.153133706509396950e-01
4.598699138161759237e-01
8.200687229944569889e-02
-4.726584371415419872e-01
-1.105998387389975912e-01
-2.780328114236652048e-01
-3.807739634982826304e-01
-9.674980511512332182e-02
-3.971943203841517001e-01
2.752724223667202263e-02
3.731015002465911667e-01
2.217387793030813903e-01
7.994832771920212799e-02
9.822033050696654666e-02
2.141189726373571300e-01
