7.403178744064065064e-02
2.017078690910937278e-01
-2.104244630557753348e-01
-8.200662213010345702e-02
-2.954946179167360354e-01
3.772233601888953514e-01
4.025507869302823449e-01
-3.429454542856151811e-01
3.743540966064418107e-02
7.542882743126977374e-03
9.399000689135550424e-02
-5.242305831634275215e-02
-1.679264927567131194e-01
4.448984711993291263e-01
3.063796517871678615e-01
-2.361410947987241382e-02
-3.753450815283518871e-01
-2.733559412125851074e-01
-1.004354575927209892e-01
-3.690294648974351555e-01
