3.567420465233486215e-01
3.561305417036102483e-01
4.478648573416892376e-01
1.277146319226907245e-02
-1.138353264738177772e-01
4.467961504546125173e-02
2.348786681690980815e-01
-4.055483452236849917e-01
3.363667247495161217e-02
-2.078408216016979226e-01
4.384706416711893207e-01
-2.099494979118816662e-01
4.906345271171452804e-02
-4.677035106690251576e-01
-4.963376303855027150e-01
3.548378486062399029e-01
3.278090479103885624e-01
3.150774140033798520e-01
2.104167449101416176e-01
-3.713550996836141316e-01
