4.035700683090990282e-01
-2.631009436330522533e-01
2.819188126484316603e-01
1.541762835050600744e-01
1.728051469671798568e-02
1.885392939345373886e-01
2.249466116494046597e-01
-3.651569783449762907e-01
-1.786148467730717115e-01
4.554117509673775155e-01
2.662154131967658932e-01
-1.727440693131016003e-01
3.279574518111294523e-01
-2.051882752019411615e-01
1.166995205053275031e-01
-3.375896730517093935e-01
4.440636116914060683e-01
-4.784675833701899084e-01
6.493152442547578396e-02
3.697866707225715421e-01
