1.736733860394759077e-01
-1.075031488859463646e-01
-3.877106937326632030e-01
3.593586207288130829e-01
4.249872938427268210e-01
2.201122239764368160e-01
-3.251571621894783215e-01
-2.629872151749694797e-01
-2.681822904620417836e-01
2.274306519116564562e-01
-4.804404699778049848e-01
-5.486128335657880495e-02
4.472824206761905064e-01
4.661275619370708334e-02
1.122248881313517854e-01
-1.516818521303867628e-01
-4.514958511203340796e-01
-5.702520467864313769e-02
1.217675351854442534e-01
-2.471642798516771045e-01
