-3.527378783260141093e-01
3.961296765826803901e-01
-1.815359528792026556e-01
4.875493492870770496e-01
1.937384681859174451e-01
5.079833316445969693e-02
5.214099605587318997e-02
1.983030397870242378e-01
4.870277205408932719e-01
3.423482667741213348e-01
-2.641457854453637122e-01
-9.090785461507100429e-02
2.194804424477714289e-02
4.575781235454504658e-01
4.714541168914716529e-01
1.164368819712999770e-01
1.711608523098391288e-01
3.185727840406724631e-01
2.602580298330062769e-01
-1.928085192048607510e-01
