4.224988816742928366e-01
-5.706394336499742703e-02
-3.516538620917423197e-01
-1.761421483163897461e-01
-6.325135602234244203e-02
-1.406085387003965792e-01
-3.757361897364165371e-01
-3.102882518160846592e-01
-3.723546943543256660e-01
-9.265046857734293706e-02
5.039737350680839612e-02
3.143607212283641150e-01
1.351843656531410698e-01
-2.040143703089033478e-01
-1.789623195802306777e-01
3.509208511783011852e-01
-3.062247342695245678e-01
-3.152627170326790518e-01
-2.362312711439841229e-01
3.665461095011723902e-02
