3.642332147491906813e-01
2.393648901147142904e-01
2.805593101516478116e-01
-4.141245442722507608e-01
2.402463812156528933e-01
2.764309069431347687e-01
1.946413870354521958e-01
1.314407557448006303e-01
2.910453844378980692e-01
-4.976414396313133537e-01
-1.382941614017889620e-01
2.166028930345514913e-01
-9.947924819343756386e-02
-2.728287843219218134e-01
-1.201460115014778562e-01
2.624433098859542124e-01
2.154610966296521823e-01
-7.949999613525071673e-02
2.512980442791746816e-01
5.200670935333784328e-02
