-1.644728748670719831e+00
-1.196917809167558300e+00
-1.429439198423932300e+00
1.680103535957487626e+00
1.516055431501065254e+00
1.491321697330830087e+00
-1.269839291494765821e+00
-1.595503297453420011e+00
1.514767701283735946e+00
9.943972387714228311e-01
-1.022449194228940872e+00
-1.706506723128076164e+00
-1.472204620606947678e+00
-1.886862973109839636e+00
-7.979373820451600707e-01
7.467788535748671741e-01
-1.376908449654745681e-02
3.763487202245574537e-01
1.969976770445990066e+00
1.773112602031058138e+00
-1.787171909197940778e+00
9.533115941576593144e-01
1.447900954217691272e+00
-1.983768348495422273e+00
5.971024781609930443e-01
-1.436626147965793798e+00
1.848585434034146768e+00
9.511998467922122558e-01
1.982951947536633064e+00
-1.699915696072151317e+00
1.189707973875910874e-01
-1.261096643434833631e-01
1.021603263052389465e+00
-1.771563498306957918e+00
1.886457324206801012e+00
1.509644952516850491e+00
-1.181401017486838789e+00
1.822156167956610062e+00
-1.793599241045616743e+00
-1.784424235525016833e+00
1.764008596313917376e+00
6.142689299603172337e-01
7.466521850486587120e-01
-1.143245137367872921e+00
-3.369952577898516211e-02
-1.192003084006672875e+00
-9.958156962316140337e-01
5.450572286231722963e-01
-4.865587645435009989e-01
-4.739707767243075409e-01
-1.251264086552899446e+00
-9.862656836575265373e-01
6.161248437125625976e-01
1.366501187890802882e+00
-1.983256765452310333e+00
8.470570788814146823e-01
-1.546457275824441258e+00
1.368672584508519030e-01
1.381825297970049604e-01
1.026591990073575378e+00
1.328916567461455145e+00
8.756836550762345794e-01
-6.014429145152178080e-02
1.266244415798265521e-01
1.682469140655010964e+00
-5.106185578752167054e-01
-4.436794774337626812e-01
4.469061778863987477e-01
1.867778925771993670e+00
8.999776848631606541e-01
8.546855665196808616e-01
1.538384378301835831e-01
-9.266067588900774865e-01
-1.615336875655955406e+00
-1.623649045779682165e+00
-7.432306460318534036e-01
1.002395289018257252e+00
1.764177802758738256e+00
-1.527747914798787132e+00
-1.617006043965403705e+00
-1.723385387578284966e+00
-1.472972550630742283e-01
-1.791302170669865745e+00
4.328961634193442265e-01
-3.424932974691823340e-01
1.401829203911062471e+00
1.644343890568911171e-01
-1.299233204304059974e+00
2.247074928731485066e-01
-1.412939408133687458e+00
1.485660494817228727e+00
-1.366179390675104965e+00
-7.771353031082726126e-01
1.219724343387508902e+00
-8.027577197487958394e-01
7.426285168805613068e-04
-9.447146739601950394e-01
-1.790198550144032286e+00
-8.873262729415234418e-01
2.655696802222222708e-01
