1.108751461290814699e+00
-1.947479187928177424e+00
2.389902042517944025e-01
-1.402823402451959911e+00
6.781281587284944123e-01
1.767862127751666623e+00
-1.979671278456330619e+00
-1.838445600356584109e-01
1.500106660416674398e+00
9.732273244448412797e-01
-1.771913342044599382e+00
-7.102388668508918812e-02
2.320363101311313514e-01
-1.608010254369382608e+00
-1.686277319943785269e+00
-4.443741362707407383e-01
-1.971760727732091212e+00
-2.238835276036796884e-01
-6.302271964364924983e-02
1.733570910452047809e+00
-2.909233320180311111e-01
-1.326693391051448678e+00
2.442687054321446283e-01
-1.377427762580268666e+00
1.979100668845875433e+00
-1.310753438054402586e+00
1.063156953812972372e+00
-1.830626358802387443e-01
-4.229562737919057014e-02
1.545363928888836558e+00
-3.282014522249681043e-01
1.229358369977398890e+00
1.787210749405420795e+00
1.604857813996449334e+00
1.682618428698437807e+00
-5.855498931560938480e-01
4.975126250248984583e-01
1.152009501658808333e-01
1.250704839593583806e-01
8.792163587956220994e-01
-1.404163533107638084e+00
3.956989611964965015e-01
-8.840438341052703208e-02
-5.816697156297063742e-01
5.638735242408121628e-01
6.997611070499010211e-01
-4.003949822776533551e-01
9.894242401048050084e-01
1.858407662489241385e+00
-9.624810833289565437e-02
1.655125131107579417e+00
2.008113606160395470e-01
1.617159131725500743e-01
-4.217782641715404068e-01
-6.124497239213932964e-01
8.296562601322308161e-01
1.933180423392577119e+00
1.381479448831224310e-01
1.528926611084866938e+00
1.936065788577975511e+00
-1.041870676833082765e+00
-6.739495365249825731e-01
-1.264165992482503498e+00
-4.264770154593193752e-01
1.783131286032754392e+00
-1.589193144314526407e+00
-7.372957234470471910e-01
-1.477855717312091866e+00
1.528562861284379792e+00
-4.135746098028092455e-01
1.805543087377201150e+00
-1.206483088914346968e+00
-9.024804809226050217e-01
-2.943429500912668750e-01
5.917993959893852463e-02
-1.873739702282753772e+00
-1.240531889257003417e+00
-1.139649754019709249e-01
1.974144230330171723e+00
-1.107064079297424009e+00
1.569144715649096522e+00
-1.919703618503643128e-02
1.118899774129151758e+00
-3.546479369627806300e-01
-2.236017894959196894e-01
4.236228235673924480e-01
1.604765600175087847e+00
1.532797998118052618e+00
-1.970010140095084239e+00
-1.714804254994441113e+00
1.170632174945652082e+00
-1.349706624802415877e+00
-4.989791059172286047e-01
-4.364774279433469850e-01
1.140257932848139255e+00
6.519054684923459853e-01
1.105199605720964762e+00
1.847816965664974109e+00
1.316569646294031504e+00
1.035508975261014264e+00
