1.127045650155097611e+00
-9.785303492645729406e-01
3.288768243487756315e-01
-4.368468319082441376e-01
8.096155446029067448e-01
1.977923676520593865e+00
-1.223638216470920970e+00
-5.338785549805624697e-02
-1.894491399428410272e+00
-1.570885330385496825e+00
-9.647967570881386123e-01
-1.698025491267975973e-01
-1.734887487397574368e+00
7.415465467467021732e-01
-6.477922648218581436e-01
1.148631875361818100e+00
-8.330271197442851161e-01
1.243112340187610965e+00
1.425818832125135938e+00
1.524337435788323702e+00
7.889017432751970205e-01
-5.557257438983032038e-01
1.501663009816202266e+00
-9.379824805595338155e-01
6.558984411314217056e-02
-9.900273802634318443e-02
1.607796509431325571e+00
2.536024770884965918e-01
1.339468945940257338e+00
1.108190735963698437e+00
6.284102851559878467e-01
1.796986108460825182e+00
7.331373031818118058e-01
-6.220152670560175068e-02
-1.885521251652412023e+00
3.486638756256636995e-01
1.225331356358122736e+00
-1.185416967366824448e+00
1.553339678831427317e+00
-1.777719384083993770e+00
-1.503303137693337455e+00
7.299541533160875950e-01
-4.223578064471280591e-01
2.399341443077540603e-02
-7.348454340035734944e-01
1.424650355138588509e+00
1.098639037343116076e+00
-1.088400946029810523e+00
6.187602577536344128e-02
1.169597558213153921e+00
-5.986251521570622458e-01
-1.078677748840500161e+00
-9.240350618635506663e-02
-9.299611830010134916e-01
-8.722760761914516436e-01
-5.710099419490548556e-01
-7.278041243425823481e-01
-1.298281409846002266e+00
1.650289596181320650e+00
7.980457361194619459e-01
-5.401650184362658536e-01
1.946044001534962931e+00
1.463024700914417053e+00
-1.358795501894225488e+00
1.180108238746167881e+00
8.981829176877154097e-01
3.435635145020450310e-01
-1.461175282464449054e+00
1.347114442249962796e+00
-9.567484828877037550e-01
1.870820305717892040e+00
6.273360798899845214e-01
-1.606074277961513364e+00
-1.569667973936391014e+00
9.876813360436700329e-01
-1.715093241630152310e+00
9.272487962518352056e-01
-1.077356357663298958e+00
1.956200322402607661e+00
4.439119977309990972e-01
1.996235705025346086e+00
-6.145838654414781388e-02
-6.841659755425513190e-01
-1.939432969497641768e+00
1.124785466040560955e+00
1.815391028497292059e+00
1.526138849741037973e+00
-7.620346872671324157e-01
-4.673404048002587352e-01
-1.050314713510426046e+00
-1.502837512649199514e+00
-4.205326626073238039e-01
-3.725306931573291180e-01
-7.649659702279016926e-01
-4.653601274869334503e-01
-8.592658659453977776e-02
1.896585650813858326e+00
1.049140976797366509e+00
-7.226133385545909782e-01
4.591748851087440464e-01
