3.426390081614210104e-01
1.101757422451737245e+00
-1.663739725971753458e-01
5.345945679211716595e-02
-4.896158267712942269e-01
-1.255979997438179119e-01
5.583823878811866592e-02
1.351628164585426894e+00
-2.971175247659658680e-01
-1.145229543048755350e+00
1.478333199674944698e+00
-2.250734767166657768e-01
-1.253082024571645192e+00
6.523625897719664835e-02
5.400637673549528728e-01
1.150094281310042543e+00
8.448032297928564915e-01
-1.517539148685069339e+00
1.735288853667277031e+00
-1.067426114078652954e+00
-1.314615859428353239e+00
-1.761574139056340194e+00
1.779569334421133853e-01
3.662440105324029638e-01
-1.146465533427551975e-01
-4.254506096338381838e-01
-4.646561027124302967e-01
-1.565032414158028296e+00
6.733222819787565427e-02
1.349581210396264996e+00
-4.443984028789880192e-01
5.985233221051613484e-01
-2.321646997911859245e-01
1.874643949435748524e+00
-1.487560372980701207e+00
-1.410938916152423062e+00
-1.178199747778989170e+00
-1.815119352957159204e+00
-2.539284042060030444e-02
2.836614247462954097e-03
1.814245464204390590e+00
8.240721000095465598e-01
1.687320133182020676e+00
1.435096497842448304e+00
7.601822565500722106e-01
-1.597756872762992053e+00
5.898585228800903302e-01
-9.641876539493292597e-01
9.904636035388794113e-01
9.536191072694926163e-01
-9.069430743623110303e-01
-1.373781121414471507e+00
1.706702116041070028e-02
1.919371838340509839e+00
-3.548035928885777679e-01
6.003210736623221244e-01
-1.387939356684130487e+00
-1.855938237344121777e+00
-3.090484872333640887e-01
3.933270635785834912e-02
1.978716953081465668e+00
-1.581173695224889375e+00
-7.304281693114020868e-01
7.108269577930790284e-01
1.925517659644516932e+00
1.673998281228428198e-02
-7.398254369323340462e-01
-7.851333886877731594e-01
-1.790081795932525033e+00
-8.178369580918150028e-01
8.664022946195597541e-01
-1.156933624593613708e+00
1.910407605889013816e+00
-1.968223363439076667e+00
-1.377398198776478289e+00
-1.079456813648261182e+00
-1.912680524390045100e+00
-5.791395823314688940e-01
-3.908432252672389140e-01
-7.047257468562060367e-01
-1.596322078080629758e+00
-8.847975274479829011e-01
2.085557869173473300e-01
7.343285251394475743e-01
-6.964266549502493575e-01
1.061311013350131560e+00
-6.994426291087663117e-02
4.644940179342054165e-01
-2.385275417212735505e-01
1.082376935356609060e+00
1.073012192103321993e+00
8.938104121656054168e-01
1.186000693352894597e+00
-6.981397913468878613e-02
-8.619686593985829148e-01
-1.943012198058157392e+00
-2.967021497332380520e-01
-1.644100169229209207e+00
1.037772519918422898e+00
1.162690391684401359e+00
