-4.523469456942095235e-01
1.358263065007983883e+00
-1.900104860381632399e+00
-5.523459440395876996e-01
-1.695574035718768080e+00
-1.027692929867835669e+00
-1.466479426485364446e+00
-1.145945125557737310e+00
6.951929566229351209e-01
-4.050922787651920487e-01
-1.871217038011252498e-02
-1.098959769346008475e+00
1.609504500442340280e-01
8.110912667980647583e-01
1.725025547725859365e+00
-8.068023962251551495e-01
-9.859200331980937371e-01
-4.705953438244576681e-01
1.291616939278230625e-01
-3.203509236622732459e-01
-8.393830298392130906e-01
-1.179683411580505492e+00
-9.984611023155665066e-02
1.175002700373264819e+00
1.003118700827486887e+00
-1.297697917929007350e+00
-1.734760992612391917e+00
-1.825776898416782146e+00
7.415446010049344672e-01
-9.565195795480851970e-01
-1.898093805148321156e+00
-1.896207158964112960e+00
1.994200951135299604e+00
-1.478804554351528910e+00
-1.075810867069026955e-01
-1.657917132972004381e-01
2.192500321078529879e-01
1.409602296816901745e+00
-1.791787452489361332e+00
-9.944184829757274358e-01
8.838430697026953275e-01
5.998136816540986516e-01
1.111735793659613059e+00
-2.706493511205074753e-01
-6.130496104142570957e-01
3.484894543915380005e-01
-7.110014232631454156e-01
1.627710832109419137e+00
5.045273965569219143e-02
-3.775246567661443287e-01
-3.539172244932000666e-01
8.770444063656284150e-01
1.006662445300515962e+00
-2.952480803553929611e-01
1.807478910455091015e+00
1.214652330766330834e+00
1.612978912290026212e+00
1.134181366327842611e+00
-1.842939034645366458e+00
9.497005850785806835e-01
6.090854867740977951e-01
-3.799634080091873756e-01
-1.076972580048676242e+00
3.612228450607695152e-01
-1.434642948968034126e+00
-9.763317053587017291e-01
1.091317587125445687e+00
-5.994895588666322439e-01
5.656920646032692623e-01
-1.897133983795145085e-01
-3.888604685106638037e-01
-6.693067922528936897e-01
-5.827228248789291243e-01
-1.287179693208412967e+00
8.437122177030920156e-01
-1.018586759813081777e+00
-4.421882283784426271e-01
-1.081655101164864519e-01
-8.664104314493688008e-01
-1.896765599514912637e+00
1.176147331535774221e+00
-1.070808687876009468e+00
8.775788172745953020e-01
1.771043021226128111e+00
1.101222429943035763e+00
1.071470277719147823e+00
6.691245627772799409e-01
1.902056527565671118e+00
-6.243239147649504162e-01
-1.488289053502574788e+00
-6.254733402963879030e-01
1.152928898288171577e+00
-7.387629412604925783e-01
-8.433227881506830670e-01
1.422482041825796184e+00
-2.069302199241596085e-02
1.963646419355258743e+00
2.936815059802428962e-01
-8.996736452899449787e-01
7.820840514495470686e-01
