9.783719008185118859e-01
8.628614483877732333e-01
4.955778633926177790e-02
1.783554287815500849e+00
-6.680847293424991840e-01
-1.352606019820123961e-02
-1.076955958250390033e+00
9.274756032102309256e-01
1.896282205208656979e+00
1.118292946086236750e+00
-6.544786360200745001e-01
-2.506156614513606051e-01
3.271129758828772438e-01
1.458014485909480129e-01
-1.563543233126435172e+00
3.255765357668964910e-01
-9.924201667205587718e-01
2.054753255143899615e-01
-1.019374391074440833e+00
-1.372392239879501652e+00
-7.691906599146043355e-01
8.352157886220594740e-01
1.308658866338741067e+00
-7.951092865686328892e-01
5.879511390352920586e-01
1.302273189020020094e+00
1.736108545253417734e+00
1.562662692341665327e+00
-8.702952765410554292e-03
-1.240293199799253898e-01
1.282345981635512722e+00
1.883389093331697239e+00
-9.310274308851145264e-01
3.104360613710164252e-01
-3.865047679932320790e-01
2.758887048196290159e-01
1.357535432430407862e+00
-1.151844033542923196e+00
1.238183884160934944e-01
4.098948257430365949e-01
1.483801017680659307e-01
-1.035953579923690970e+00
-7.398344982193640895e-01
-9.516940544771519406e-01
-2.362339996199342984e-01
1.674217640072555913e+00
-7.912946235166158360e-01
-1.406102082417292731e+00
6.001157983300937637e-01
-3.319388837284713567e-01
4.391838762539483909e-01
-3.189040998149685890e-01
7.302388734432798678e-01
1.984100690900627573e+00
7.830240050223533643e-01
-8.576683537023650494e-01
-3.670508819884137353e-01
1.176844004405951161e+00
8.243198229588823978e-01
5.912705394198618514e-01
-1.631493942650446893e+00
7.431359649184550165e-01
-1.351495049503727675e+00
-1.147346644659950510e+00
-1.347194186475347166e+00
-8.498827283254479781e-01
-1.145716270324431019e+00
1.076939088170041803e+00
8.371777651989500413e-01
-3.903345822442250146e-01
1.082197672469394689e+00
1.669268459628074908e-01
6.402800562608166324e-01
1.106916177344576813e+00
9.532321996005084230e-01
6.577921926786016726e-01
5.586794427597614465e-01
3.167523214300040912e-01
-1.974547167165798811e+00
-2.009110254322585831e-01
-2.365718375718279809e-01
-1.199042554117584203e+00
8.290976902438327301e-01
1.598696376702629873e+00
2.552381889419188532e-01
6.244152605474204698e-01
-1.835595985913960781e+00
1.014685833381476776e+00
-6.768919514598930043e-01
-1.742501001713653963e+00
1.911001709089391376e+00
9.950637122577306037e-01
1.822562926702923747e+00
7.420753281715559702e-01
-1.022672195241178805e+00
4.214500870658159926e-01
5.489547953555469206e-01
2.136399108050293094e-01
1.896186735111166755e+00
-2.291130262655505234e-02
