-1.538948276252588787e+00
1.927672929475877872e+00
3.819363388948930904e-01
-8.477408425626977717e-01
-1.360302051662095391e+00
-2.532322400998054945e-01
-1.160471530067222812e+00
7.836609939486933740e-01
-9.178321949766865551e-01
1.182854285992233745e+00
-7.512204204196377688e-01
1.780990394024864365e+00
1.640449145850032320e+00
1.122947356887200154e+00
-1.985581548426936571e+00
1.605619829788206054e+00
1.851613746072463762e+00
3.123733449664904960e-01
-1.871091591075808136e+00
-1.485218443305490688e+00
1.774898035710529509e+00
1.948410535767600482e+00
-1.205099902951061175e+00
-1.768828881029730571e+00
-4.236737327817090559e-01
-9.692198960502271810e-01
-1.573151554520637152e+00
9.965282715500589639e-01
1.533447038385381322e+00
-7.692604190811960230e-01
1.716371768377042084e+00
-1.834054248941426213e+00
4.223837310742339923e-02
5.035992379573230870e-01
-1.693271299889218540e-01
-1.908815305123260142e+00
5.332299860777935940e-01
1.222357524144871643e+00
-1.967391164979312990e-01
1.069545203778026643e+00
-1.925626755586525185e+00
4.869381628777453841e-01
-1.503947474721230915e+00
-7.328300303280448347e-01
-7.566018291573506360e-02
6.132943852830501363e-01
-8.291156467799245533e-01
1.590563255865040659e-02
1.005823200850055166e+00
3.616224904510785265e-01
2.622263449445183525e-01
-1.756068774964724355e+00
-1.610112064036761659e+00
-7.065314882241922056e-01
-1.265051012298879396e+00
6.407435973097634907e-01
1.253404272176791068e+00
-1.162608678161264564e+00
1.784157297199582271e+00
-7.939362354894039520e-01
-1.832196773486907571e+00
-2.015198718450563753e-01
-1.131211291636564198e+00
8.172870226217816558e-01
8.918486619912742164e-01
-1.954092734430097345e+00
4.033222462714407541e-01
1.329133328492637212e+00
-1.266460318289610143e+00
-1.013440290683625733e+00
-4.433364300134110536e-01
1.966431566830593169e+00
-5.174758150065792428e-01
1.853544181883829634e+00
-1.341530734789068369e+00
-2.725668702148995592e-01
1.179425220946149988e+00
9.106314053849269285e-01
-9.060451046911639494e-01
1.686656600589649280e+00
-1.287373983876483496e+00
1.025443410321293047e+00
-1.640294030049692431e+00
-1.853804980058709528e+00
1.142621280301314268e+00
2.464582470909881806e-01
6.092952522382635294e-01
-3.716106721355840747e-01
1.372888453623340332e+00
1.648391412246388299e+00
-8.540499399138292702e-01
-3.178589817547936569e-01
-1.361184788013849900e+00
-1.555756342898947153e+00
9.634651151974233940e-01
-1.569581400064088861e+00
-1.649595583743506566e+00
-9.578368841497573172e-01
5.096191405301362387e-01
-1.138397758143759653e+00
