4.242603437034038194e-01
9.586564732637059549e-01
1.452594679306864034e+00
-1.211615096852555418e+00
-2.662887083296356927e-01
1.267288045008283515e+00
1.057169364614519047e+00
-6.855641068143758510e-01
3.399334879280231370e-01
-7.046496860799780215e-01
-1.414755697389836087e+00
-1.131558970422542831e+00
-1.669421763102347356e+00
-3.626370750354150907e-01
-6.726047042941343257e-01
1.641897690915266494e+00
4.759454695525762169e-01
-2.875124982565013809e-02
-1.615845032545764504e+00
-5.271092094050766619e-02
1.814815450078615999e+00
4.915083032580920275e-01
-9.620687145525392836e-01
-8.679360723014264423e-01
7.422983667488840531e-01
1.427827670585829267e+00
8.766214972955084228e-01
-2.644490622586421757e-01
-1.924490958839562005e-01
3.598692049132683479e-01
-3.310870494601378944e-01
1.924599444805901616e+00
-2.446092850364358640e-01
1.543412337955958336e-01
7.185626798257618297e-01
-8.501487326403789346e-01
9.790567025534171464e-01
-1.158597653270141414e+00
-8.691731228299248713e-02
7.039122964190758225e-01
1.435499595068353340e+00
1.006172355470446256e+00
2.147912201854369485e-01
-1.534831474086457703e-01
-1.490378616434619996e+00
1.182927658017129513e+00
1.192438511543802981e+00
3.256213442638058453e-01
-1.920030435967302829e+00
-2.476601925331731735e-01
1.121143578601526247e+00
-1.630992183088984415e+00
-7.755918710946230199e-01
-1.917468200230423303e+00
6.009873809032932890e-01
1.141515634870348794e+00
-9.275098843528768455e-01
-1.483939323399932064e+00
-1.288441370798655505e+00
1.406608265587742324e+00
1.697846627552497267e+00
-6.229760548971841061e-02
3.196106468112667187e-01
-2.832728940191580058e-01
-1.488676406867415647e+00
1.256042021580765500e+00
-1.155034553320733792e+00
-1.962521162953835940e+00
-7.216841139752445677e-01
-1.704540148783888487e+00
1.796044832524673396e+00
-1.207057226305791708e+00
-1.337752030097050238e+00
1.083439371822791042e+00
-1.096217832971438710e+00
1.613402607658933618e+00
6.022619003373592683e-01
8.560832087818033287e-01
-4.329862355343769842e-01
1.605380395698565721e+00
1.654995074760538198e+00
-1.558684278796161671e+00
2.504278883542343515e-01
1.602754306781728921e+00
1.402369015901592242e+00
1.348622400870727489e+00
1.358089098191207711e+00
1.254711445316428087e+00
-1.506046052096243315e+00
-1.463805864077490249e+00
-8.304092130847071651e-01
1.411771246408600078e+00
-9.713502527339090697e-01
9.502653145880279872e-01
-1.575562911978866776e+00
1.683016108249750342e+00
-1.367859163799805877e+00
-9.586819600083273940e-01
-1.624149777426347363e+00
-1.796898304489364939e+00
