-1.072881598897306166e+00
-8.756314187103959590e-01
-1.503195009443568431e+00
-1.749630111998756732e+00
1.465057539302981660e+00
-8.295593257537259291e-01
4.404670767615206373e-01
-1.171457032268838461e+00
1.993103991473389680e+00
-1.203051205148261360e+00
1.546230490611854691e+00
-4.119502447621914420e-01
-6.230491817476044858e-01
7.454130364150386434e-01
5.656775228838002434e-01
9.253732533738991961e-01
1.445980250736821127e+00
1.078318040713530213e+00
1.829687510357981939e+00
-8.471753396508385769e-01
1.162633952558440598e+00
-1.287747558619510624e+00
-1.193163897487590219e-01
-1.542048168821019694e+00
2.017405285217472866e-01
1.578371899572040604e+00
9.156929575627219542e-01
5.767130558809339114e-01
-1.205923221004252088e+00
5.615351667731696139e-01
7.323192283759167864e-01
-7.526868516498672612e-01
-1.942601268558616479e+00
1.479633812657563663e+00
8.021444340953971519e-01
-1.448422584083493447e+00
-1.517596788199357061e+00
-6.842495373645052226e-02
9.751010620228250936e-01
3.913764543314712796e-01
-1.130982253688031403e+00
-1.661763663640039024e+00
-6.736434501905330663e-02
1.201669456469568686e+00
1.972956004287281573e+00
-1.873876733166851771e+00
5.775632985798573316e-01
-4.072512071871519090e-01
-4.155989971479501222e-02
-1.022971588917542807e+00
-1.926002898751066450e+00
1.028934924955406949e-01
1.342496256894395668e+00
9.906100681492167048e-01
-5.144603100397096007e-01
-7.738372522606002946e-01
7.878502640876239305e-01
1.044218217625187961e-01
-3.387130921788634730e-01
-9.176072544415374566e-01
-1.601598324374141402e+00
3.928405986849026199e-01
1.672712451010415435e+00
1.334717324920780879e+00
-1.184201266233164684e+00
-5.351380885786625186e-01
-7.158404473481931873e-01
-1.349651014041067576e+00
1.712906983722851884e+00
-9.581094885055865262e-01
2.604617327943126170e-01
1.509022615009654622e+00
-1.309074076565576839e+00
1.259615108880102419e+00
1.074707750849702492e+00
2.735977487252885254e-01
1.156681069069408263e+00
-5.396911404322919381e-01
-1.874060639414976581e+00
-1.090801813406681919e+00
-3.180277315780521974e-01
1.141618168405021283e+00
-1.230849590299154528e-02
-5.042188786964318936e-02
-6.872593708888072861e-01
-1.707453191628034883e+00
-1.642200559230579060e+00
2.181256330615890526e-01
1.161633439497976372e+00
-1.037192402951172987e+00
1.875301747604606550e+00
-8.422650465867951297e-01
1.035878725465702921e+00
1.477963385975091803e-01
-7.873726418403754757e-01
7.533691986909296645e-02
-1.157458963354311976e-01
7.811670263381094159e-01
-1.555642941247390887e+00
1.630221860195412820e+00
