4.409922982800340563e-02
-1.354067871628896746e-01
-4.365858878869310900e-02
1.423999972369344391e+00
1.533652100163095611e+00
8.503747477864198601e-03
8.111490994642864827e-01
9.347269768932311429e-01
-1.640976543803761789e+00
-1.925332778408834322e+00
-5.234111225472179996e-01
1.933951312886667662e+00
8.818122890974353645e-01
1.722521694023881889e+00
-1.900835714110770347e+00
-9.058339494329201713e-01
1.512592037026641467e+00
1.694907103448054730e+00
-6.401262298259435823e-01
-8.681537522837334819e-01
1.897195954006772656e+00
1.916652270642643874e+00
-2.563180853095605727e-01
-1.352074834313096385e+00
-9.431195271808694436e-01
6.915568128021978289e-01
-1.867478694514561166e+00
4.407654858593299529e-01
1.053423910596308133e+00
-6.460968487027631824e-01
1.145935867786111562e+00
4.723963964531709969e-01
-1.013927147325246469e+00
-1.562766235866064335e-01
1.240516807968674140e+00
2.707161746953263837e-01
1.676457597147750889e+00
7.091755055383912598e-01
-1.068711009622608898e+00
1.185716036035060039e+00
-1.097545588377397685e+00
-7.308666636996092869e-01
8.258752801118562914e-01
2.258957868359301457e-02
-1.407103778923732396e+00
1.596566047637357322e+00
2.604077904063375470e-01
-1.131021541758937321e+00
-3.514211397034365802e-01
-1.356146530358089297e+00
-1.979667008992395338e+00
7.662192288855549371e-01
3.019280041462386599e-01
3.229715525861776015e-01
1.134409671464473579e+00
3.185370986652902303e-02
5.367252024256004006e-01
5.355769284163969246e-02
1.553677337838947015e+00
-1.961065742979427373e+00
2.285148476044152055e-01
1.135959238457525888e+00
7.455712104299085929e-01
-1.108806034336914159e+00
8.135648016785288483e-01
-1.930689628079703457e+00
-1.593947495443483575e+00
1.926458259779738835e+00
-3.701155583104873692e-01
4.137747585433793063e-01
1.574368220244064531e-01
9.849992479568632220e-01
7.137289039542409341e-01
3.911911570303656660e-01
1.029267454449068531e+00
4.596473599679109512e-01
8.023894996639922006e-01
-8.938412660916048580e-01
-1.937294366342861451e+00
1.435850944221400471e+00
3.946315713653545387e-01
-1.724403082386142927e+00
4.290922842900135592e-02
-3.149024755020422006e-01
-1.255748971040310469e+00
-9.230067947424571706e-01
1.875516980822443447e+00
-5.453919623025176300e-01
1.068311540342216315e+00
1.146722960828311155e+00
-1.053577919146176267e+00
-4.306572909601138477e-01
3.929001053372211949e-01
1.675736375215111984e+00
1.155839393557255956e+00
-2.864170186988652667e-01
2.898000545672783090e-01
1.334677919643718624e-01
-1.320515563262525838e+00
-1.891582021232727673e+00
