-4.149511634429406959e-01
-1.587274301482436423e-01
-1.972249234322649425e-01
-9.756945324205390513e-02
2.664438738441780030e-01
-2.206202498543093915e-01
-7.539694882296865686e-02
-2.496776254255661520e-01
-2.592519999644403716e-01
-1.501991889717100293e-01
2.426818525098100032e-01
2.343604224687467763e-02
-2.887938504620142233e-01
3.960647182520576903e-01
-3.481972268382659275e-01
-4.015135842041134273e-01
-1.095196614300569804e-01
-2.028777568907983442e-01
-2.079922759104834151e-01
-3.420484842843967144e-01
2.487234001758013013e-01
1.319120231343564598e-01
2.316007835722060371e-01
-4.523308768566701721e-01
-1.085486181239144754e-01
-2.445593594306633145e-01
-2.722477696691152360e-01
2.042016726817478256e-01
-9.687381779594961273e-02
-4.866955909225859633e-01
2.663370839352013908e-01
-3.408989586537324312e-01
-4.855360104193733317e-01
1.479402013931896409e-01
6.936889440983462496e-02
-1.598166017907239889e-01
-3.022849371771774152e-03
-3.680869753969773228e-01
-6.342023780291439206e-02
-1.056334122673910914e-01
4.047752440895165948e-01
1.346837251887047504e-01
-4.615249944874698640e-01
6.188271511044285411e-02
-7.568575117205944558e-02
4.511536140616168034e-01
-2.482817110667934202e-01
4.106545386874427273e-01
5.954465498804306645e-02
-3.082571030090047737e-01
-4.409902742141702525e-01
4.426691662214926604e-01
-1.267041660159019534e-01
-6.271857228063026923e-02
-2.026865658899248412e-01
4.588230474636481038e-01
1.117591957679286985e-01
-1.017125719992876265e-01
-4.355945364183453350e-01
-3.135607131927422575e-01
4.390411775993193766e-01
1.305593168359298062e-02
-3.720970664004616957e-01
-3.512802879852973126e-01
1.093257240961359456e-01
-4.944513730059412193e-01
2.665604763829101387e-01
-3.672356210834826218e-02
7.232036107909778355e-02
2.180496922560989370e-01
-6.339395422376037370e-02
2.922007139486069160e-01
-3.095268705799647524e-01
3.229926574949807394e-01
-2.540368966829319453e-01
3.017615994231446219e-01
-4.673524407643343537e-01
2.024972479480021681e-01
-3.623764931502897468e-01
-3.702638691169701790e-01
-3.943096569061199652e-02
1.612548702916742904e-01
3.920999197710633988e-01
-3.583305571341914852e-01
-3.815409853634810222e-01
2.615901353997491796e-01
-1.812147557839292045e-01
-4.456360823032793350e-01
2.841850554348461788e-01
4.527903885933917127e-01
-3.683511045835986542e-01
1.373660157969005535e-01
4.567352864356077902e-02
6.637208395719740306e-02
-4.424970012272787523e-01
-7.869397155568369495e-02
2.817153353738617305e-01
4.462107318837994496e-01
3.386034023848122354e-01
-2.075355341642699525e-01
