8.954865945934697979e-02
4.651922789904696653e-01
-3.093144072801290445e-01
-1.049009826541809076e-01
1.500671303959633107e-01
2.343493789857196141e-01
4.370466300209209232e-01
-2.422064627624165301e-02
-1.507252760007908865e-01
-2.483097519697819999e-01
3.948798399258033331e-01
2.714218112519152237e-01
-4.909307513277879620e-01
8.079026624149809876e-02
4.543788968683204477e-02
-6.072498181477947732e-02
-6.885519067965062412e-02
-3.588698032043176056e-01
1.061091664504532073e-02
-4.127853131095648997e-03
-2.153695128341496234e-01
1.666671906174734819e-01
4.436907406176932023e-01
3.305717346719316829e-01
1.370242076924860219e-01
3.076649284478156776e-01
2.811318519294769835e-02
4.632990299505514997e-01
1.263263559215052068e-01
-2.299204897529981695e-01
-2.255989672663472057e-01
3.647423659058681711e-01
-2.073383248371566401e-01
-2.457200898239700892e-01
-4.068271381336748815e-01
-1.432438058217864185e-01
-5.714812250133050053e-02
2.838322489836397899e-03
2.805200007792922889e-01
-4.024488853745916694e-01
-3.534498694811142316e-01
4.946915808187363206e-01
2.183196640764335505e-01
-2.865064689507264006e-01
5.674531218911660346e-02
3.085708298935572191e-01
-3.647099436312131182e-01
3.617070904596426661e-01
-3.405430714449275698e-02
-4.907205346545211455e-01
2.385324378649356092e-02
-2.475991332676636958e-01
-4.957434865571532789e-01
4.582179982859165834e-01
1.108657879639696198e-01
4.844987949057218968e-01
-2.583604015904533702e-01
1.408784775723800342e-01
-8.421896019021413160e-02
1.929542266789194827e-01
-4.044381229826107260e-01
4.878222010016641796e-01
3.950274451282516086e-01
-3.915746553083756520e-01
-4.794569402094723820e-01
-1.579054605868079886e-02
-3.166748217359246498e-01
8.840781590520752076e-02
-4.731064577959024353e-01
-4.766716616509544258e-01
-1.489637271982792166e-01
2.633572906623982135e-02
8.293929417000212023e-02
1.202300424953339775e-02
1.151804448123162627e-01
-1.151798680690382382e-01
-1.799722760293778201e-01
1.498389448264983992e-01
4.353720425518740056e-01
-3.611334046909140394e-01
4.305650287626692219e-01
-2.885682850942229427e-01
-1.599173755733448443e-01
-9.199462733355356914e-02
-4.167325046747626383e-01
-1.097195159667380127e-01
2.078718491244296862e-01
-4.053635662835891607e-01
-4.201895060618521249e-01
1.537476655236835743e-01
1.505194987536169204e-01
-2.322848806774258090e-02
-4.218911375357002891e-01
-1.953847888884235884e-01
-3.002973463738902726e-01
-2.620046891106877496e-01
-1.562637510729366630e-01
-1.504684296723531878e-01
-1.022434138094602263e-01
-1.678735720899315886e-01
