3.046565168871585572e-01
4.754096365207500785e-01
1.021402109472893116e-01
3.967027870280683821e-01
1.268858595816617640e-01
-4.088711217769602779e-01
4.145787770010178619e-03
-4.607067117380191368e-01
4.201020631109649850e-01
1.236229505504441439e-01
4.750103881226307445e-01
3.198009800780657885e-01
4.980829143215559363e-01
9.393779927877377034e-03
4.785353463220838321e-01
1.452728399176261842e-02
2.636073030514157756e-01
1.885880575628887668e-01
-2.238244871338068709e-01
9.046881569761300312e-02
-1.668164058055185972e-01
3.164401363268907197e-01
-2.747312075018525368e-01
-4.089318652519590147e-01
1.259228612777433254e-01
3.049728228445262035e-01
3.739860131734260573e-01
2.619033718609276029e-02
1.552795256768040311e-01
2.275538028353214504e-01
2.831865606475374442e-01
-7.028762579690628343e-02
-1.513596635035845406e-01
-2.393524988618945804e-01
-3.119627662125413758e-01
-2.007986747089874902e-01
-4.115869471740729590e-02
2.929533092226696001e-01
1.242532760506234180e-01
-2.208509798848635741e-01
-4.378800479894828790e-02
7.368814313024052431e-03
-9.508618982808170195e-02
-4.792456912007475589e-01
-4.693084159721190307e-01
4.373707368517435468e-01
2.497017012705347039e-01
-3.641484203878941894e-01
-1.770920529210991967e-01
5.743822062398507011e-02
-3.791126622657101652e-01
1.278486323456450302e-01
-4.926120890103534711e-01
1.186575064534343138e-01
-4.679686131824278839e-01
-1.802132914787326623e-01
3.752279989350787437e-01
-6.906209754097591969e-02
4.101561642157289800e-01
-2.396011697275217678e-01
-3.365557750377260460e-01
2.489127897172743742e-01
1.713384865696638837e-01
-2.314431221658338478e-01
-1.390159839733414726e-01
-3.588632117186874027e-01
-3.990397176384399280e-01
-6.694593433959949991e-03
1.922718849822474541e-01
1.342156418161546405e-01
1.392275831489562243e-01
2.621980745434352444e-01
-3.179746938208738438e-02
-1.227542941945269916e-03
-8.823012880942415759e-02
-4.070745966869523391e-01
4.004953673548946602e-01
3.896859527239463494e-01
1.325916605947352611e-02
-2.241926284389403889e-01
-1.820629747447892743e-01
6.297036662330490753e-02
4.199273928467789352e-01
1.582290114701905281e-01
8.790257542302237770e-02
-4.161147402377383120e-01
2.783736109706553830e-01
-3.626392851198023681e-02
3.866572904160608948e-01
4.010478306223516087e-01
-3.049072329275835935e-01
-4.153594440844076141e-01
-4.560304126105463318e-02
-1.877316931067880557e-01
-3.533654000774725246e-01
-4.627777999901596662e-01
7.302552323752098395e-03
-2.590799742584147802e-01
9.216112292567657516e-02
-3.429425009321291906e-01
