-2.476910037284505428e-01
-1.825798493564405600e-01
-4.394443454836794993e-01
-2.934213897456815490e-01
2.451171679818817672e-01
-2.055246836529989185e-01
-9.445779721148062080e-02
-2.071233882947597360e-01
2.679289237329308682e-01
-2.953497839631643584e-01
-1.343420550239271538e-02
-2.342373088387058599e-01
-1.747799689345742591e-01
4.084352163587372520e-01
3.903379041006520556e-01
-4.677939258434405945e-01
-5.388266506483052609e-02
-4.588015774830631610e-01
-1.305889920232311541e-01
-3.719599860325928375e-02
1.371009192399031962e-01
3.646882013327498173e-01
-4.821661260389219494e-01
1.205271179026701223e-01
-4.384710431069006598e-01
1.070723362365961773e-01
8.710325412496922048e-02
4.704896539396447031e-01
-4.142805572563370564e-01
-4.332804629568686172e-01
-1.165749086568015347e-01
-4.269675286876970510e-01
-3.944663002156594267e-01
-9.850907698369182341e-02
4.433190294009542454e-01
-4.345722702118868241e-01
-8.244754724309255600e-02
4.718560386893921876e-02
2.047518902543663533e-01
2.153300541973725002e-01
2.618201312526091673e-02
2.007378723937792708e-01
7.020809900637947631e-02
-1.635137133271289400e-01
-6.489832349452329119e-03
3.461424993540755946e-01
-2.772607996285909593e-01
7.834451347885851291e-03
-8.278301342683969111e-02
-3.266773118766430617e-01
4.032749971843431203e-01
-1.702004419404368196e-02
4.752474342760226733e-02
2.652771434069983725e-01
3.475776805564956273e-02
-4.945087339529911086e-01
3.317067143079236446e-01
2.623171203725682687e-01
3.448084373025521732e-01
-4.561209315864209746e-01
-5.441917296764198220e-02
-2.184096097528488434e-01
2.801150677586217164e-02
1.142983283472975842e-01
2.001088243799087341e-02
-4.967615995467489221e-02
1.332232625666494030e-01
-9.611364525433441219e-02
-2.274547496216029474e-01
4.186377006135547640e-01
1.780925321352374580e-01
3.766343105050373730e-01
-3.240628625764050419e-01
1.898675010769202975e-01
-4.188149064467316940e-01
3.700647776329215599e-01
-9.875962227692480777e-02
1.243479341691644535e-02
-2.949631839743268591e-01
-3.105106075719612502e-01
4.801967429187518066e-01
2.594829767792236064e-01
2.999516491701798016e-01
-4.031488693390499201e-01
3.712401756824610377e-01
-4.683975808429826637e-01
-3.547616325506121049e-01
2.785921868543597135e-01
1.965215176903671868e-01
4.021890558631506796e-01
2.124893996913072014e-01
1.497623194406438873e-01
3.907865270501034161e-01
-4.174374488108345549e-01
1.404637114239126738e-02
3.728928098930950341e-01
4.809416498624494718e-01
3.426846057961202563e-01
2.154288665426963290e-01
2.317530122904479795e-01
