-5.597874399194402439e-02
3.180576827403082119e-01
-4.618771865617270489e-01
-3.955492415770357484e-01
3.382968008690802053e-01
-3.300450619743996450e-01
7.372079138805798237e-02
-4.147125826815597494e-01
2.719134550720198051e-01
1.101057308443482707e-01
-2.079672031465549242e-01
-4.775624248467731370e-01
-3.684964540665863764e-01
4.842667749034823554e-02
3.059678259297815561e-01
-3.430165865730521180e-01
1.374929543628268247e-01
-4.141506188583193859e-01
1.056897388070066057e-01
7.578277054629922738e-02
-3.468463727258236373e-01
-2.154950692478367902e-01
-1.240360489273537592e-01
-3.686231949823103315e-01
-2.566669365145570758e-01
2.816080188103601278e-01
1.700463247700468861e-01
9.119853609471684219e-02
-1.568993217347446345e-01
5.075763728017845811e-02
-3.443667158094158021e-01
-4.255409802041746348e-01
-1.909047328773433305e-01
-6.579724599943381769e-03
-1.063353593255192964e-01
-2.252631777716145312e-01
4.713393873987589133e-01
-9.580894437741438452e-02
-2.811123522782214001e-01
3.851717513722425767e-01
1.290915188968844163e-01
3.351153604054281088e-01
-4.569367751399032729e-01
-3.675554326728188714e-01
-3.683653699400291082e-02
-1.946618164321906042e-01
2.266364998751203563e-01
-2.296399601975577243e-01
-4.658061790706997662e-01
1.792085159980609799e-01
3.393875645594908175e-01
4.652678306891113724e-01
-3.227170208545371288e-01
2.065970445018703305e-01
-1.817516607270255324e-01
-4.403810552165610126e-02
2.499307982102203507e-01
3.616503033914092446e-01
-4.509434684703303997e-01
-2.715695711635455201e-01
7.335888155541425704e-02
-1.101895055686497038e-02
-1.794472382459322279e-01
-4.174116215828860277e-02
4.666426957623902583e-01
1.581427816284964871e-01
-2.454171410950597432e-01
1.371248109673679494e-01
4.564570976088876408e-01
-2.871412408087700152e-01
-1.003772198392327564e-02
2.646211930891650965e-02
-1.918951811511302452e-01
-4.334389388414070510e-01
3.480257389966099346e-01
2.030642715271557819e-01
4.349114327064326213e-01
-2.633433405664850069e-01
-1.200059773948061181e-01
-2.221714415549846944e-02
7.276987033948378869e-02
3.847458040933762202e-01
4.261464728559161141e-01
1.658507682742907940e-01
2.956063659907919305e-01
-2.611819719217434166e-01
-4.825949733210407322e-01
6.335469890299205709e-02
4.876680966311520704e-01
4.403245128409527531e-02
4.633681314168958121e-01
-1.417365075832952570e-01
-2.973926731586706840e-01
-2.743607986770850715e-01
1.705040879882081528e-01
8.952279766758186597e-02
2.051432684300507070e-01
4.087626746188399718e-01
-8.127933805421960756e-02
8.369509693122989535e-02
