7.613682870382265655e-02
-2.063606866810918650e-02
-2.067066441275163813e-01
-8.928581985136263555e-02
5.012217194552404109e-02
2.175994389708862942e-01
-4.793090189674168444e-01
1.446641508391529607e-01
4.242716888437022549e-01
-4.492831570062263413e-01
4.406633934763887206e-01
2.719454789396201777e-01
2.738261100320490415e-01
-2.138401991129882385e-01
-1.869125397979685133e-01
1.139677696656397066e-01
-1.424970552603762597e-01
2.574694593420884248e-01
-6.862023618336032804e-02
-1.245016820733405583e-01
8.110865157364077760e-02
-4.397428091572900266e-01
7.884795598915472770e-02
2.222063771545603750e-01
3.615074391743281490e-01
4.358519125632936975e-01
2.483413744023610370e-01
-1.175654499797285091e-03
-3.906321024376993023e-01
4.401062654104148653e-01
2.009880400030592540e-01
-1.759112169666641190e-01
-7.874723434979435943e-02
-4.916258759392513333e-01
4.752159363972107142e-01
3.779951487795951692e-02
5.064977392424918623e-02
-2.859058383051149566e-01
4.940544856510683536e-01
-5.600978860043259733e-02
1.688029210714837580e-01
-4.356822293621680497e-01
-1.871263929554806138e-01
-1.549419719055351585e-01
4.870936837763962801e-01
-4.195310525724893491e-01
2.348297356513883161e-01
1.717811912720357270e-04
2.638272535645518335e-01
-8.966029779379669495e-02
1.451909424500716916e-01
-1.727269596662567297e-01
-1.957364876659057895e-01
-3.748043254732991159e-03
3.965347964864929242e-02
-3.683009950395234045e-01
2.723610971560954663e-01
-2.961255797393865796e-01
2.151464519689170185e-01
-2.712816141856853047e-01
-5.262283758022223701e-02
-3.138269439028422703e-01
-2.995897945230051596e-01
-5.206977458193384756e-02
1.469417621571385002e-01
-1.039153498762646066e-01
-4.984139887321271667e-01
6.943294132835597932e-02
-4.436716123261835731e-01
1.531225276026881854e-02
-1.868399186485496521e-01
-2.928381093167442550e-01
2.883677822799278756e-01
-4.505129993384435760e-01
-1.469532651051336236e-01
2.951645803398741386e-01
-1.171338062122444512e-01
3.914422913722327424e-01
2.967903791361200527e-01
-8.754577455373224737e-04
3.509466401986660600e-02
3.206805234201091093e-01
-4.525586116330848618e-01
-4.916904267710612286e-01
3.564531792382275022e-02
3.434090834139280624e-02
-4.919442549517638597e-02
3.963191388160830497e-01
3.425917825181179488e-02
-2.474180468979232383e-01
-4.356807501151249706e-01
-2.826946818193964983e-02
4.236726203311935723e-01
1.195106826590708327e-02
-1.629066778175893848e-01
2.912645524993486834e-01
4.099187184353999536e-01
-2.916828854011308536e-01
2.064836723739014168e-01
-6.540669517140984546e-02
