4.614483077942086453e-01
8.495504136312870269e-02
-4.147538419462427628e-01
6.760923650056649414e-03
-4.132916485101612025e-02
1.273304479320704896e-01
-1.422571064876135827e-01
-4.987933579633553327e-01
-1.928353869562045020e-01
-1.614881448917294682e-01
6.416921774186890026e-02
2.258509769102396980e-01
-4.767632120268942009e-01
-2.381920598891614782e-01
4.078334615315770684e-01
-3.494204375796314821e-01
2.598305652883707850e-01
3.632716625270414612e-01
3.156788914418460212e-01
-6.341599223788474404e-02
-3.345312697310713901e-01
1.609042346440950899e-01
2.579812023864538340e-01
-2.075051043781538374e-01
-1.546532722499845969e-01
4.535737041641116907e-01
4.261216019602582783e-01
1.335898233660793855e-01
-2.761954450733303812e-01
3.216730313144910980e-02
3.662544172071244830e-01
-6.561049736565771617e-02
-4.025985242454402924e-01
2.037422647392368447e-01
-4.116292335944650160e-01
-1.823289710237788741e-01
-2.142713993207189249e-01
1.308910088116725934e-01
2.761087985034496040e-01
2.609969377403754676e-01
-4.868157546683860026e-02
3.331656873455535184e-01
2.090053221197885058e-01
-4.610053287896451746e-01
-3.104313814716392894e-01
-1.346760260613656390e-01
4.075882026847221784e-01
2.289767502551010026e-02
-2.872199703084120648e-01
-4.668205471192858891e-01
-1.935633311027933345e-01
-3.655694156180455678e-01
-3.097030794465438497e-03
2.401214038953991547e-02
2.980130027110851065e-01
3.313222329528588972e-01
4.703247136431136788e-01
-3.303193848796948107e-02
4.963799767820800124e-01
3.702073918706795252e-01
3.508093435213786027e-01
1.602751684070493621e-01
-3.290141381154703115e-01
3.616936068997392839e-01
8.934892286396001193e-02
-6.745963400605847760e-03
4.790137282996626000e-01
4.645620317718679448e-01
-4.809573463447612829e-01
-3.309363875066095861e-01
-2.482430062534140003e-01
-4.925014269192956595e-01
-4.164908310837884819e-01
-3.716718959907405750e-02
4.126300049535879255e-01
3.551333352323141623e-01
-1.499641713388680797e-01
-1.540747666570871921e-01
-3.202432482387790325e-01
1.297833890702904114e-02
4.915586114072020285e-01
-3.264289096578186777e-01
-2.729234277121063146e-01
-2.762492382579734285e-01
1.317897294564607247e-01
-1.601795071264593417e-01
8.048900067187836349e-02
-3.627427594204197803e-01
-1.896511768874632464e-01
4.928106350939687186e-02
5.647187867944103434e-02
2.368389028830464316e-02
-3.501540207235631641e-01
-2.456649233243419772e-01
4.225041993172089505e-01
-4.776084659350920969e-01
-8.316587862834490252e-02
-4.258122627523101000e-01
-2.961242578764908817e-01
4.841420428365594830e-02
