1.970130698995961049e-01
4.056673097889043067e-01
-1.342838047371081034e-01
-2.631835926869557918e-01
4.088890635276604124e-01
-1.976682002042484676e-01
5.398898791597939173e-02
2.264570860175832978e-01
-4.886177914061207161e-02
4.538450218348701881e-01
1.750434972311338822e-01
3.851037386277027519e-01
9.194817462746918135e-02
1.377807286432217726e-01
-3.102213611149232664e-01
3.039487381768205543e-01
4.404058983367942215e-02
-2.500896013300077936e-01
-1.995598768136177537e-01
4.151879386525293425e-01
2.839099447910075069e-01
1.863572336446647215e-01
3.904104378031526545e-01
3.605139961668062387e-01
-6.221402754402438617e-02
3.253343378502993044e-02
-4.989656943803033595e-01
-1.988158711354353070e-01
4.389944511169799890e-01
1.229275564820009325e-02
3.603969904655003331e-01
4.909254459827561146e-02
2.682344385026860234e-01
4.382960392025884167e-01
1.067040589572161302e-01
-3.902667503680985472e-01
1.782047767773550229e-01
4.840866757808821585e-01
-4.116479315458446697e-01
-4.182624191712371875e-01
-4.214721634529040584e-01
-4.076690759680099418e-01
-2.503301177100756281e-01
1.015935728336385679e-01
-3.635387325701743277e-01
-1.109027666883244390e-02
3.963584067177849946e-01
3.720029724093345536e-01
-3.569746710859976746e-01
-4.443618396837973883e-01
-4.466061751739736074e-02
-1.453943696136976715e-01
4.923997397649260144e-02
-2.508995809490646156e-01
-1.503273615604441282e-01
-2.276018631021201610e-01
3.258771843496062193e-01
-2.824389791918041626e-01
-3.784024760070224813e-01
5.401209579212629119e-02
-4.842245484427591951e-01
-4.718794799613201807e-01
-9.591032245192310235e-03
-3.804026250025042133e-01
-6.572852621544977847e-02
-5.572186922543742593e-02
-4.183878734476719208e-01
1.753049447938417327e-01
4.019323628052868802e-01
3.986357579749177926e-02
-3.662486737814292237e-01
9.767544369510405833e-02
-3.525691736183460545e-01
-7.171551393899699978e-02
-5.783821500918795433e-02
-3.273467031164267738e-02
2.236707277840120911e-01
3.445713390712639157e-01
1.793409355242320258e-01
3.759785348438916541e-01
-1.343764160910619898e-01
3.690675854322623684e-01
-2.703611748794032543e-02
2.680958044195325130e-03
3.012863892259624032e-01
-4.261836891032566577e-01
-1.215016375682893557e-01
-3.767804102686479473e-01
4.003996330130236148e-01
3.064336465377184293e-01
-3.747396088423037286e-01
2.005859778585229458e-01
-4.532784680309209779e-02
-2.482199552063816261e-01
3.725048059874607187e-01
3.732429815383375704e-02
1.869235336946138970e-01
-1.284674130982642604e-01
-3.557112562963062885e-01
1.294052148875709518e-01
