-2.739116412994074823e-01
-4.526972439525773773e-01
-2.519040290829246409e-01
-3.592375988693904398e-01
-2.351538146034041210e-01
-2.345054960547587886e-02
2.901308379032669915e-01
-2.787515225367943605e-01
4.622340403449505253e-01
-5.144832536387744515e-02
2.399195811884613505e-02
4.728025830658608708e-01
3.509868313217117120e-01
4.107331479904478000e-01
-1.018810257432428701e-01
1.700174083739860453e-01
4.953098926081670461e-01
3.460414474499058368e-01
9.507630327559890571e-02
-3.977627941376385978e-01
-2.640535705119551046e-01
1.027174575543735591e-01
-5.963391253223071509e-02
2.637949645546723287e-01
-1.940712897057500497e-01
-2.466232761251540007e-01
8.202534765571667386e-02
4.811498157291305144e-01
2.450462178942225400e-02
3.554038455317032330e-02
-2.278807582610529181e-01
-3.841681942893571122e-01
-3.655765523147606055e-01
-2.173319022987103555e-01
1.240898000261222434e-01
9.224663146138956105e-02
1.946153066268049292e-01
4.777240137732965408e-01
4.681561258053112962e-02
-7.816936134121943436e-02
-3.276136579197648224e-01
-2.229953565574821495e-01
3.485829935086111053e-01
1.201950830030129591e-01
-2.526355931588718517e-01
-8.653728871816812607e-02
-1.938828861207705367e-01
-4.237609694292812090e-01
7.550610203063179426e-02
-2.659922290211366169e-01
2.689191162697917026e-01
3.519605214255431269e-01
1.536255301099568316e-01
-4.117820309153035208e-01
-3.740431303851657896e-01
-2.905143054104962763e-01
-9.811300287985547097e-02
-8.404468034858136871e-02
2.221879837127842539e-01
-4.057105498806171662e-01
3.026227396105173328e-01
1.965531854716151550e-03
-2.595553143986744082e-01
8.725064370926127744e-03
9.952597963542753057e-03
2.864548482201463298e-01
4.180777402266909748e-01
1.198897557425978588e-01
-2.868348346660687387e-01
2.581320878196677882e-01
-2.596872926184845554e-01
-4.422495822284087108e-01
-1.967019609046505302e-01
-2.517543853688787303e-01
-3.360133402345052422e-01
-1.132320862601458034e-01
-1.133355372397067962e-01
-2.772407748643623826e-02
1.756103844939991276e-01
2.647368545533426154e-01
1.687373593124693594e-01
-9.535539788417901619e-02
1.878044395649327569e-01
3.515387123577145001e-01
-4.362327863724579924e-01
-3.193680942124395017e-01
-1.806713976721299186e-01
-1.992222692388534444e-01
7.853439991301180978e-02
1.349945501855426278e-01
-9.957075610016941081e-02
1.045467069148372508e-01
-4.543253977865935322e-02
4.576288389911431498e-01
-3.774621410368439456e-05
-4.581744838256618380e-01
2.034987728814217078e-01
3.203179343697918346e-01
-2.910655135604579558e-01
-2.362425812271546910e-01
