1.801519655734631353e-01
-6.041332764100471042e-02
-3.664857465943922588e-01
-9.504564001620441349e-02
-7.825800074290722996e-02
-4.977385121725846906e-01
3.409600427883089369e-01
4.898040652707770226e-01
-1.361861135716734283e-01
1.043031523729065491e-02
-2.933327307917343862e-01
-4.036507879097939178e-01
3.750292204555457642e-01
-4.686362821765710507e-01
2.046220197980345157e-01
4.255005693711171322e-01
-3.424568470991719016e-01
1.787258642141565934e-01
4.970986693211765228e-02
-3.761808352085909135e-01
-2.251928907437766858e-01
-1.610420539673704798e-01
-1.202084509853296179e-02
-3.029907480593561075e-01
3.586768549684374863e-01
-3.571861597552641321e-01
2.419424601925164175e-01
-4.982379421966223187e-01
4.494302371102012472e-01
4.811138138372063056e-01
-4.342290215186070945e-01
-1.750240241843917799e-01
-7.405473675502360908e-02
1.951452331035516963e-01
1.267876852680035471e-01
-1.728414915904342708e-01
3.232052931952775765e-01
2.636502202653298044e-01
2.444848843052933596e-01
-2.475237924679274393e-01
8.106348603924029561e-02
-3.536157567972484372e-01
-5.514822208178093987e-02
-3.999135742452036846e-01
-1.890177179143190944e-01
-7.112734717467039669e-02
4.316742543561211676e-01
-4.980676704562005952e-01
-3.682101410995272106e-01
-4.368214862519024244e-01
1.934969602630314256e-01
4.618740322837019407e-01
-4.177701407018962199e-01
3.122888314281594413e-01
-4.805058137609330426e-01
7.691768290747247327e-03
-1.612473776092335775e-01
3.054992276000810802e-01
-4.534424633416550554e-01
-3.693730555649070713e-01
7.522476995118676513e-02
4.754135844772692243e-01
-3.123248612519328171e-01
1.540953354037031264e-01
-5.894313962827169018e-02
4.908948298406319299e-01
3.186569306250257583e-01
-1.899285103455351509e-01
2.193594107138607807e-02
-2.859937157826852872e-02
2.544917157705431920e-01
-3.071555288741101286e-02
-2.439302777873386674e-02
1.011195761509620095e-02
-2.658776325834999454e-02
-2.950477963174616969e-01
-4.456053622581299667e-01
3.341417091811000883e-01
4.621111132560167256e-01
-8.650694697782246312e-02
-1.222371967280400096e-02
4.811256825507870261e-01
-1.948521822822174565e-01
3.745124526749039617e-01
-3.481651839123625081e-01
-2.327252011002274301e-01
4.298311769274421046e-02
4.989909024392621406e-01
2.604769112944154141e-01
2.326413804333764546e-01
-4.768021475326889025e-01
-8.234876485174824623e-02
-1.414940026758979563e-01
2.584610023263372858e-01
-3.297927582359065912e-01
-1.088122574536060094e-01
4.701411164699098588e-02
3.201373104954947646e-01
1.811104120453166377e-02
-2.263773542722922194e-01
