-1.443069984653226445e+00
7.075559183117952067e-01
-1.220606453299416305e+00
-1.715047309832749889e+00
2.839368795066361528e-01
-8.973136170185016525e-01
-5.487745756491921867e-01
-1.698215975289940616e-01
-4.059166360185111344e-01
-1.747771071776402785e+00
-1.590732181181251370e+00
-2.176983981254139167e-01
-8.229861466488865851e-01
-1.755625082992596564e+00
-3.166360869501980702e-01
7.951417067331241206e-01
2.108610866411746443e-01
6.405408511687404882e-02
-1.860235397879881791e+00
-6.901156678435875769e-01
-5.750639064549312174e-01
1.879777518035048001e+00
1.653419486398503668e+00
1.309521002515182442e+00
-7.663270053083675037e-01
-1.627050845485076280e-01
1.329464025061777743e+00
1.321473348037839113e+00
1.805501031565456493e+00
-5.966492658516409087e-01
-5.741344205244405252e-01
-9.608606357487099459e-01
1.422908578872225327e+00
-8.067391826977416969e-01
-1.226249134763777171e+00
4.431711980878372259e-02
-1.698977118889948734e+00
-1.353583655754744264e-01
-1.908565482147388526e+00
-1.345327701778384455e+00
-1.307782310317532559e+00
-7.251968464485569754e-01
-9.240904709798614114e-01
9.416605477756010423e-01
-1.588451898916791727e+00
1.506043571668442382e+00
-9.493553579306510670e-01
1.316645764634683857e+00
7.369791150689457560e-01
-1.347000417917895376e+00
-1.326857838123611799e+00
-1.927930712235860433e+00
-7.351199899856442066e-01
-1.592667142145178349e+00
-6.988598224350237587e-01
8.775852528752055015e-01
-1.661768996970972800e+00
-5.759828943816573954e-01
-5.955325090202645555e-01
1.361216484948818195e+00
-1.049671009264892430e+00
-4.119839304096291066e-01
1.385489348201605520e+00
-9.216035448717510015e-01
7.751299303403795804e-01
-7.485524046726732550e-02
-9.984002593308498597e-01
1.647465698132898559e+00
1.601946871913920045e+00
1.242496287028314494e+00
-1.041873865571861568e+00
1.933309658503380657e+00
-6.474617368649049354e-01
-1.691882483161658790e+00
-1.884667913464600275e+00
9.325838094597194150e-01
1.356312825409274225e+00
-8.182609646862730735e-01
-5.087062124908201532e-01
-5.624158301049586584e-01
3.560520491027290291e-01
1.074089929191643034e+00
-1.483675187619807545e+00
-1.336572629719448901e+00
1.954497012222100594e-01
-1.460111059135783762e+00
4.042232313391354026e-01
1.651608939289830325e+00
-3.140219703855047229e-01
-1.089848090617780763e+00
9.636765019585267211e-01
1.572931122527410963e+00
-2.469165957080976526e-01
-4.144329827483046458e-01
5.802707819990802207e-01
-1.274579260421718541e+00
-1.188678203921212262e+00
1.497091286512549413e+00
1.542122065161791067e+00
1.244876509920787910e+00
