9.049740143731384023e-01
-7.421857514509033749e-02
-4.754298089741100242e-01
-1.610491793297698315e+00
-1.548323724411821534e+00
3.826742972552170663e-01
-2.945455213731218436e-01
-4.323900058788243683e-03
6.847157117897348932e-01
1.462743772585174185e+00
-2.313014861236908359e-01
1.089326211163381686e+00
-1.231031798885236395e+00
-1.552920152541501952e+00
1.640249351547645507e+00
1.353669830010894248e+00
-1.773896031349182945e+00
9.398559215489066254e-01
-1.453785018815580088e+00
1.690414574405096015e+00
-3.274580280915104780e-01
-1.709750525230910867e+00
-2.086055037551997060e-01
-2.828208125812734508e-01
-1.503467231812959159e+00
9.704386086329992445e-01
1.455911066917699781e+00
1.311466134814735618e+00
-1.801130082375490105e+00
1.392959666406047514e+00
1.825735657672389323e-01
1.490629376443284748e+00
6.558932392613203710e-01
6.619578581659180117e-02
1.861690860772487355e+00
-1.475756635343160816e+00
-1.797639137839464052e+00
-1.113481939949928723e+00
-1.495676754368755024e+00
-7.854314530239658865e-01
1.847418064265136550e+00
-1.098343799131296095e-01
-9.629339601574109508e-01
1.654379854897403135e+00
-7.757815281017736986e-01
1.605376791072417486e+00
-6.940436870959527660e-01
-7.349965657669161878e-01
-6.576843108290839623e-01
-3.007903716412254624e-01
8.171851970242691721e-01
-7.431629276618929580e-01
4.581201532041832003e-01
-7.571092664604841538e-01
-9.414779967800703808e-01
3.194576098590489188e-01
1.923355451358112145e+00
1.290514764904978851e+00
4.743497584215914387e-01
1.921706166558423412e-01
7.153516378169477719e-01
-5.131630156560982314e-01
-1.694697834405613612e+00
-6.451458935545080209e-01
-1.076258757591190829e+00
1.309407460121039257e+00
-1.661527379056769060e+00
3.341394091634533048e-01
7.839610476420761920e-01
-1.601305084772673748e+00
-1.623731023266217655e+00
2.397161346780380953e-01
-3.300797922018943176e-01
7.346319505652276760e-02
-1.908743957589797979e+00
-1.723638762453929552e-01
1.083169966159788888e+00
-1.291693595196444555e+00
-1.185885272099264309e+00
-1.244223070710412937e+00
-1.361716876924059072e+00
-9.115405598646395546e-01
1.246517260590698228e-01
8.500491754773848996e-01
-2.332874634336632447e-01
-3.075014800977897700e-01
2.706978879496273471e-01
5.906354722069462326e-01
-7.415344440259090675e-01
-3.340947681432751004e-01
-1.159139210089394911e+00
-1.541121774600340721e+00
1.930848042255262964e+00
1.201693668290222394e+00
1.122536182961231699e+00
7.087712809117792112e-01
-1.439711744366559465e+00
1.883005221064620205e+00
1.391919140843381086e+00
4.641569881477685122e-01
