1.537997179706165340e-01
-6.313134406156755141e-01
-1.535627593426403870e+00
2.483018437832158476e-01
2.043176815381642086e-01
9.246794079038878067e-01
1.756144790418638912e+00
-8.199603902833074720e-01
4.329978440153814390e-01
-4.120924438434716564e-01
-1.962627545398105688e-01
-1.559581493072475844e+00
-1.206384490538087828e+00
-8.617766077871160668e-01
-1.546376447391519360e+00
1.008419398280799406e+00
7.020499547970082688e-02
-4.899997672396034787e-01
1.765204069953064447e+00
-1.783843501779922569e-01
-1.424615695971593432e+00
1.957559793360154732e+00
7.937797324745536898e-01
-1.113413436686140567e+00
-1.349650879009309357e+00
1.737952717478585374e+00
-9.581921454016595341e-01
-4.485371083226539213e-01
8.224534877229898733e-01
-9.300952241833324585e-01
1.076732897277149270e+00
2.676570482573126242e-01
-3.439908451367998943e-01
-1.560066382570125310e+00
-1.437547634547798214e+00
-1.080139161412130733e+00
8.532038267660482234e-01
8.076858836050728740e-01
6.478159835753243279e-01
-1.856415016993541833e+00
5.808548231638628323e-01
1.099367224041187363e+00
-2.472112288676475700e-02
4.949211654804512861e-01
7.325815116332985433e-01
5.705476433474725440e-01
-1.476271048775470884e+00
2.997354598456145602e-01
1.583800412965559623e+00
6.975139808406711772e-01
7.908543497884981122e-01
1.658776352268459320e+00
-1.724531417811885348e+00
-5.312750935467076552e-01
-7.699939838683387272e-01
1.807205120728795578e+00
1.750674510341761803e+00
1.029189740245775919e+00
-4.734603163583730456e-01
-1.217625572475437679e+00
-2.479020207847431045e-01
-1.008140413261304325e+00
-1.927591880028303617e+00
1.499303798681785871e-01
1.582688159461491217e+00
-1.487370764011385127e+00
-4.621383300845449682e-01
-6.910006087935141039e-01
1.204406506369523733e+00
1.636835172523391169e+00
-8.599612648749355159e-02
-1.562050633130731558e+00
9.646786819302746174e-01
1.239756124320157138e+00
1.432844972297306452e+00
1.408515254378010617e+00
7.365157743058103890e-02
5.302228495756358129e-01
6.144933743042533258e-01
1.829172837216049619e+00
1.665563500831521715e+00
-2.271443475785948074e-01
-1.535633725557683515e+00
-4.907123172077887396e-01
-1.917649192316769113e+00
-4.049690624826935981e-01
-1.019743756884591956e+00
-1.395409028231523241e+00
-1.073343104683595062e+00
1.750223294715276268e-01
-1.716602093468876156e+00
-1.810862199305796061e+00
-1.465795760301604744e-01
-1.488636824962553451e+00
-3.779991396827750982e-01
9.071687886041708282e-01
-1.545176764508140010e+00
-9.675196095859006640e-01
6.115832483067258352e-01
-1.660856568222831342e+00
