1.448759161665408524e+00
1.008355127017527497e+00
1.610113401834451619e+00
1.295708193649905304e+00
-1.260773780743277506e+00
3.279554960444106548e-01
-1.852874741537194669e+00
3.197849525617306732e-01
-9.101162441706636130e-01
1.223196469450552826e+00
-6.482019384956378971e-01
-5.490588750947855701e-02
-1.738597799326517368e+00
-9.834472938453622248e-01
1.455230615675056516e+00
1.892359258887442941e+00
1.375413593756018127e+00
-3.061607346710850663e-01
-7.850443553523391849e-01
-1.764779325320236847e+00
4.256394718444336256e-01
-4.766315308261908079e-01
-5.542385522829853528e-01
-1.000436549131482611e+00
-1.576162361431327597e+00
-1.726697392789909191e+00
-5.371124109010589898e-01
-1.493697745256237219e-01
1.705392271645715940e+00
1.348016007873377387e+00
-1.802519612321198839e+00
-1.967915231458919667e+00
1.843393471144895823e+00
-1.626103976506834137e-01
1.348667447057987800e+00
-3.487489125972742521e-01
1.417918921569446766e+00
-1.802962812585719998e+00
3.984684482114828619e-01
6.024862751810533545e-01
1.775653009499494228e+00
1.936635878712828163e+00
1.071348446049118497e+00
3.252869009792886956e-01
-5.405739529872928273e-01
-1.668625363564546937e+00
-1.477379691080367152e+00
4.926287380069043209e-01
5.828236903451355921e-01
-1.027565132858176966e+00
-5.609969050532246371e-01
9.660876094907697720e-01
-1.725515557278842316e+00
-1.280308056868238342e+00
-2.572955390616415983e-02
-7.998341848051553349e-01
-1.890019632205921951e+00
-1.688039291730979663e+00
-4.114734912121722488e-01
-7.411502021903615400e-01
5.976253735825176605e-02
1.413953658463772634e+00
1.611420969975272843e+00
-6.705094267460065538e-01
-1.086447984258382515e+00
1.146476018926859908e+00
-6.519914928274062049e-01
-1.155274275418324947e+00
-1.541359968302662864e+00
-8.977885125225055774e-01
-9.507893596280769799e-01
-2.314576806566503997e-01
1.385508093542494379e+00
4.801305688351975576e-02
-1.648831791860824403e+00
-1.178308137745383899e+00
-4.483786845156854106e-01
-1.515116784209241008e+00
1.408767034665115325e+00
1.466124685739902400e+00
-9.744849058770901351e-01
1.854156270980809040e+00
7.075560009418158103e-02
-1.498976515989035807e+00
-1.695563802656955943e+00
1.687185468378725073e+00
1.589017759795060769e+00
1.933877693644080242e+00
1.692817709277619986e+00
2.667107799942538549e-01
1.673327606320937910e+00
-1.754619854010511570e+00
-1.295578100996532367e+00
-1.145120274327619203e+00
-7.145159652832915320e-01
-7.946720455780953429e-01
1.778321223016997354e+00
-1.639009705723879939e+00
5.551976524591308859e-01
1.501642707622253159e+00
