1.166961292930853933e+00
1.127051455944685809e+00
1.439608476350411781e+00
-1.443836379797308389e+00
-9.278311881784824244e-01
1.064861787998100606e+00
-7.599972606532898745e-01
4.874612738834387393e-01
2.245438511875055276e-01
6.991049921086212038e-02
-1.101540134433156570e+00
1.354641153141469267e-01
8.611114368829930754e-01
-1.860048778982614337e+00
-7.108517153924429621e-01
-8.577315023423905949e-01
-8.940014854415396783e-01
-1.982909836235653867e+00
-2.885891964295868029e-01
-1.600894511581774982e+00
1.563848902382596773e+00
-1.990365022872397915e+00
1.232729543337295564e+00
1.540822933591193600e+00
-1.156603440368810798e+00
-1.859422740673766228e-02
1.393513013012117607e+00
-9.971294576731160042e-01
6.373454304752179667e-02
1.571968376441037929e+00
-1.566160257774741549e+00
-1.600126861854493932e+00
-7.784249468837023400e-02
8.026325379076926225e-02
1.181226502867036565e-01
-1.482804774966761663e+00
-1.351772640248716240e+00
-7.245629785086507013e-01
-1.173046442915013809e+00
-1.089747005383703282e-01
2.090079182841049210e-01
1.120720363235491401e+00
1.204201346023024310e+00
1.374528188979168064e+00
3.251652426125035689e-01
-1.374984339327369742e+00
1.593537480431920450e+00
-1.992866507425856248e+00
1.297106453317810271e+00
-7.309865299984763531e-01
2.148809688894059988e-01
1.778003397286636922e+00
-4.899980947510202967e-01
-3.077519643936255100e-01
-9.854971249454060889e-01
-4.775813893768092733e-01
-1.443724075242358573e-01
1.166357188231569531e+00
1.871248647038839863e+00
1.620330645126806246e+00
-4.449600568084712826e-01
-5.226392534902668530e-02
1.014236109721277757e+00
-5.810988839516806337e-02
-1.271876786694519090e+00
-3.880390148227750302e-01
-8.811417752074333087e-01
1.574998032383159607e+00
-1.866933961273232967e+00
-3.659308663636680059e-01
-7.002949750692297748e-01
3.176148277255856911e-01
7.841428380898842754e-01
-3.683315944506988515e-01
1.442711225543602094e+00
-1.384176617675474397e+00
-1.644835758161641959e+00
1.845195025051649562e+00
1.275326057972453686e+00
8.514285278343036723e-02
-3.877931014047732994e-01
1.197779480685638109e+00
1.396685353618964953e-01
-1.055880834195577656e+00
1.592008153881180554e+00
9.296968527738038723e-01
-1.671722649216844658e-01
-1.614251467205698454e-01
-1.774971197091293362e+00
1.997019590692112878e-01
1.329472935143647394e+00
9.534627484171802614e-01
1.557496847392022321e+00
5.801636945467367745e-01
-1.143999587863751000e+00
3.137165798355541213e-01
1.408677229177896617e+00
-7.196146860506544840e-01
-1.771963932249236429e+00
6.419119544340001760e-01
