1.158886392165565216e+00
-1.857284747719572859e+00
2.986648172261530121e-01
-2.297952381578411973e-01
-7.250190767460957808e-01
-1.136610847774222499e+00
-7.178347224605619026e-01
1.583121227495208672e+00
-1.804943409240435503e+00
-1.133435301284116292e+00
1.759364075489770585e+00
9.438996635351584175e-01
1.820762138081077897e+00
1.478435958471229661e+00
6.655113945276145415e-01
-4.265123047099153020e-01
-1.900812563244657749e+00
1.744345075266016565e+00
-6.542252896409785912e-01
1.401527216862125336e+00
-3.454950673338981204e-01
-1.594376574817601977e-02
6.104830308966908703e-01
-1.390555822178356937e+00
1.559175916752491453e+00
-2.085011576092821173e-02
-1.798142665594088196e+00
-1.984320814552066548e+00
1.471097025570413663e-01
1.931953936151753481e-01
1.433044490064144139e+00
3.077174547573928720e-01
-2.613546979158192229e-01
-9.337046912693702794e-01
1.642874843925345552e+00
1.790078372432585496e+00
-1.821309850696598787e+00
-1.101190503355558015e-01
-6.901818289673107287e-01
-1.219407694537971043e+00
1.335185677847887220e+00
1.043118081942204345e+00
8.077697160427743661e-01
-8.073080795879907789e-01
6.804889926396660016e-01
2.398520406569879526e-01
1.081999596756557658e-01
1.984948278478073203e+00
8.971719684962131680e-02
1.815693749172913041e+00
-1.218732557285986395e-01
-1.573667201900009083e+00
1.380885017315848451e+00
-2.201571349032307445e-01
-2.181357740799403366e-01
-9.533040272376736013e-02
6.470404241896994257e-01
-5.251984718143813957e-01
3.031357647304799841e-02
6.272169202304636038e-01
-1.952711641130548514e+00
4.779321638307894027e-01
1.099555740692152117e+00
5.126491565683095608e-01
-8.326097980320010805e-01
-1.929102406021358629e+00
-2.846918773590649820e-01
-1.955367103131376183e+00
-4.060188930588011225e-01
-1.615926586808399179e+00
3.806637433155550809e-01
-8.446753438644898360e-01
1.035693394339651796e+00
1.790303834695934349e+00
1.953448225566469354e+00
2.687554937753908746e-01
1.459702747077165075e+00
1.900777872263379908e+00
-1.919564655327669289e+00
-9.757736865407355964e-01
1.523571190037373846e-01
6.478010042019999304e-02
-1.922509555774317480e+00
-7.330594577178390914e-01
1.304547139270506584e-01
-9.960889850236172016e-01
5.624990327163539305e-01
1.458168770940191816e+00
1.280329109546421762e+00
1.239980917929137227e+00
9.129772635793376168e-01
1.124241399372303274e+00
-1.994563464211398074e+00
-1.110899981992819363e+00
-1.057586317079219462e+00
1.457357398887704658e+00
-7.930752073440228145e-01
1.486875084890415533e+00
-2.741623629759124547e-01
-5.307607605062374390e-01
