1.308395419190588882e-04
9.847356616164204546e-01
1.018963667262481554e+00
1.587976430938864425e-01
-1.651362638220795542e+00
-4.751494903727810915e-01
3.405348963843706223e-01
1.038092188345498545e+00
5.388487921019944338e-01
-8.247584743683407105e-01
3.211328071431798215e-01
2.980234014197189474e-01
4.798129060277496194e-01
-5.054145648540697700e-01
1.325993656855013469e-01
-8.293247951739419754e-01
-2.501908634013370047e-01
-1.053043723456032588e+00
1.967756365215350911e+00
1.869676998283151814e+00
1.270400881771909241e+00
-1.328448145998937679e+00
-2.876056972145950574e-01
-1.872677251723457559e+00
-1.120556881128673243e+00
-2.077265004725870057e-01
3.379455723567281744e-01
-1.897841396162509131e+00
1.489399174290609640e+00
9.862697634198727137e-01
-1.353203285918119114e+00
4.438127403301050933e-02
1.705605048317050176e+00
7.360465112526450859e-01
-1.948752463547984703e-01
-5.675605077294627598e-01
1.109874219812878593e-01
3.501936475381906000e-01
-1.607588408194402518e-01
-8.889208560440984286e-01
1.691830341848697294e+00
1.333631659809105585e+00
-1.880279257264022785e+00
-1.633887678845330260e+00
2.928239342473761830e-01
1.979961455092869027e+00
-1.848044104131053800e+00
6.917797388823059279e-01
-8.242883443317272629e-01
-1.170656471820925582e-01
1.686970356433795004e+00
1.597615605428990282e+00
1.329789443549091121e+00
-5.258686662833453873e-01
1.176318272908043472e+00
-1.440743494004411929e+00
-1.870458887577833629e+00
2.755122641127516481e-01
-1.634162533414767360e+00
-1.031489314965580384e+00
6.805384835702001922e-01
1.388828182118334809e+00
-1.770988405222313045e+00
-1.551115527892668933e+00
1.993536349636941818e+00
4.506695157880447056e-01
-1.694691948330901976e+00
5.850873350224561342e-01
1.693476419061807015e+00
-1.534724353450993561e+00
2.269682830887109759e-02
-8.070112360524559492e-01
-5.442487840978560421e-01
1.331604679799726298e+00
9.429251287123956438e-01
1.710076436807429712e+00
7.034647075422530982e-01
1.441840020711459669e+00
-1.715483920620818559e+00
-1.252541167450672788e+00
4.544991838624405922e-01
-1.896109767518503908e+00
9.528964354020024174e-01
-1.823721551229052107e+00
-8.792723111159870264e-01
2.328203118578886510e-01
-1.022431412945901563e+00
1.245066673773880250e+00
-1.962416698309304763e+00
-1.845483208612774817e-01
-7.972917787668833967e-01
1.351432220457649880e+00
1.535969031930489059e+00
7.900007052722552991e-01
-1.142152901671112275e+00
1.029929758080192492e-01
6.496526263386730449e-01
1.537832447109084733e+00
9.568384201643045373e-01
6.449193220239290980e-01
