-8.063740050561425399e-01
-3.720781401999810889e-01
1.940323236655321359e+00
1.362270022223147858e+00
1.291707254607895816e+00
1.880745188269862034e+00
-1.740848112726311125e+00
-1.518496521682841660e+00
-1.151397299276847974e+00
-7.193221496420467709e-01
-1.942967858414680560e+00
-9.746425791040693731e-01
1.253926604887541263e+00
1.453257744939548957e-01
-4.344287346900603808e-01
-3.542344571316924373e-01
-5.006275621322422431e-01
5.785660576036324443e-01
1.558397279723343409e+00
-1.164311058318874270e+00
5.221123533791911520e-01
-8.856629982939216994e-01
-1.195011983113190013e+00
6.813497509100767680e-01
3.463781808579606825e-01
1.326133056967938817e+00
1.803226296917931570e+00
3.941695221250434145e-01
5.732567489052131648e-02
2.126236390053803937e-01
1.626176595863968455e+00
1.879195332549107977e+00
1.534292220275611296e+00
-4.041035057155699661e-01
-1.399417274750613949e-01
1.504883060013660678e+00
7.845806197151525829e-01
-1.576550536817027393e-01
-6.223900344944706120e-01
1.500512023533605355e+00
-1.947207241328076321e+00
1.017334662165735981e+00
-7.846180792945571802e-01
-1.037983796179697382e+00
-1.208583981160207266e+00
8.644337378959616736e-01
-1.693914677655683043e+00
-7.662260130873104202e-01
-1.229988146612535971e+00
1.580192039210716715e+00
1.694742698398596925e+00
-1.433349819912383971e-01
-1.485755600874078652e+00
1.362057702392645453e+00
-1.274084072518431032e+00
4.175059092097095359e-01
1.037808896262213842e+00
7.477220137408480127e-02
-6.794000616844808604e-02
-1.896635876666089793e+00
-1.852666655419046293e-01
1.550944188631983689e+00
-1.018291778167794259e+00
2.125715630083409025e-01
-1.913531316519437642e+00
1.068224034003888434e-01
-1.748173431773428543e+00
1.283291602500807205e+00
-7.479037469071276867e-01
-1.418825279090778491e+00
1.586483620721871546e+00
1.256487284561000450e+00
-3.591750484064064608e-01
1.464315887098198488e+00
-3.099570534607476446e-01
1.808683375142806415e+00
-3.563493129246406710e-01
3.722244059404151706e-01
1.522746718807496347e+00
-7.775513622202323560e-02
-5.865456372599604506e-01
-8.833555984797003546e-02
-1.802238481640093148e+00
-7.929282885689108440e-01
1.774453170930583745e+00
-5.099590933154614092e-01
1.668450929865031185e+00
1.310548618106349039e+00
1.030863337180545347e+00
-1.074252540248542775e+00
2.832336940837119066e-01
1.206449137364646429e+00
-1.841834512346722796e-01
1.709171358214680581e-01
-1.673542200806345193e+00
1.555081037847529490e+00
-9.492246170188263221e-01
1.792192402139760166e+00
-1.418824392407576962e+00
5.761493258068486334e-01
