-1.481627124145628915e+00
-1.523956763446976836e+00
9.836178549258249859e-01
1.703540522447614780e+00
-1.959795058906564247e+00
-2.503654000073809449e-01
1.254249666787770501e+00
-7.262385912213464856e-01
-8.772295338307558588e-01
-1.943402215996289595e+00
-8.731685434162352877e-01
-1.777942730813709460e+00
1.732105318882419365e+00
5.168355037582066380e-01
-1.926096083732753428e-02
-5.873752304225501319e-01
1.848702301289169014e+00
-1.132475320966854770e+00
-9.529197975343834948e-01
-4.362483205226910243e-01
-1.576351901992518290e+00
-6.928764788448900092e-01
7.934339151746154783e-01
-2.141125400845811377e-01
9.520034725825565758e-01
-1.178977118194152851e+00
-1.231385279561076018e+00
-1.624115389748957305e+00
-4.993727055568424333e-01
1.802155167747052644e+00
1.062219673761577887e+00
-1.662438932926809443e+00
8.998782223356753818e-01
-8.934188610541289322e-01
-4.704402719199491933e-01
-1.076182811462139455e+00
-1.869038104225142938e+00
1.481122309086185584e+00
1.945202164720294391e-02
-1.459145003377320560e+00
-1.763500696925463185e+00
-4.804471124589504427e-01
1.893075056523104926e+00
1.144668753656872706e+00
4.587504537840834118e-01
3.637687401572478052e-01
-1.110033911178687660e+00
1.910414963161805701e+00
1.275776368320198362e+00
-8.926347987572520459e-01
-1.654027647072322083e+00
-1.598013033879047473e+00
-1.684561681659079380e+00
-1.734639878332284724e-01
-5.142244402148477000e-01
7.954274282917297434e-01
-2.471481948946196994e-02
-1.025117785430140316e+00
-1.966731612690556741e+00
-1.096815103155388549e-01
1.842093432109138451e+00
-5.477256850728431381e-01
-1.524735058881260041e+00
-4.034353113280970682e-01
-1.198854445108459288e-01
8.214962967665702109e-01
1.459910549042695571e-01
-3.853962936489740976e-01
5.177823596139532469e-01
1.580298251360392037e+00
-1.017455671863429334e+00
1.796747281137285768e+00
-1.979781257851914944e+00
-6.616256642117042119e-01
-5.238709502285390229e-01
-3.376150377996127716e-01
-1.812324328718427413e+00
1.532100969306364302e+00
-1.046797728842268960e+00
1.598979192674615302e+00
2.801418218737765642e-01
-3.187218886823841579e-01
-1.246751108860476354e+00
2.458045405454769572e-01
6.288985899540042723e-01
-6.315682910752182799e-01
-1.621568895590636661e+00
7.074552749471894053e-01
2.329125270112299972e-01
9.324398917967053890e-01
5.780252446941442912e-01
1.229010445915125427e+00
-1.113296281142315269e+00
-1.222583615314589700e+00
1.862160167058384719e+00
-1.609897050001833918e-01
1.613328969773714316e+00
5.996294254912077903e-01
-1.916024293322498462e+00
9.952412771515266598e-01
