-1.694998317424255330e+00
5.703995577960250252e-01
-9.509171597807308807e-01
-1.120023967618914540e+00
-4.122318923252610290e-02
-1.648310057221290315e+00
-1.194489744812285092e+00
-1.359407977067579321e+00
5.850999663515001892e-01
1.259186207079713071e+00
1.877534341445103117e+00
-5.923158145290527976e-01
-5.366648242878238051e-01
-1.212661409505892074e+00
-1.692103767290889849e+00
-9.602883827589789867e-01
-1.795056795272075956e+00
-1.236586687375934801e+00
1.891835568895831710e+00
1.108658058103321853e+00
-1.752983256433940706e+00
-9.706354591723043157e-01
-1.843961672776336158e+00
-8.199418983341497658e-01
8.673547066780327164e-01
-1.440707504012919582e+00
9.558752678126891666e-01
9.150125808101670088e-01
1.180019365280182697e-01
-1.136415284660140745e+00
-2.892277440346724404e-01
-1.702098066178420854e+00
1.574840485490707209e-01
-9.334711695630737438e-02
1.706615641249552340e+00
1.601115041872326117e+00
-7.115269120180238716e-01
-6.701397719053092672e-02
7.459760268123929450e-01
1.417020503327563574e+00
-1.983049576723838747e-01
1.177164155992845629e+00
-1.506028804878911664e-01
-1.560599220684683264e+00
-1.162158053801507052e+00
2.916833194597616696e-01
1.031763690986887028e+00
-1.123519265318870808e+00
-9.241317169908933593e-01
1.941891405275526949e+00
-1.061174065273607248e+00
1.190387632813172836e+00
9.408529656016346721e-01
1.977686701149358850e+00
-1.971093254942093864e+00
-7.809987504208755205e-01
-7.242765799986976560e-01
1.193896692268832993e+00
-4.003698834230484671e-01
-2.129856858107990192e-01
1.301007013528949763e-01
1.047310833679140352e+00
-1.173006698710770124e-01
-1.346644100902211871e+00
8.603030140710670182e-01
2.674518040119511220e-01
-5.321182159722543936e-01
1.299334795129645226e+00
-1.697210600458147756e+00
5.488887844547227779e-01
7.280395593820307987e-01
-1.481492941685948583e+00
-1.483009814648849289e+00
-1.414961484976094752e+00
1.066824452659842493e-02
-5.982617878412557211e-01
-1.101549644972419362e+00
-1.699216276851901242e+00
-7.916048312747254734e-01
-6.380829099921982994e-01
-7.584157504497337499e-01
1.923359056011245904e+00
-1.328289852875500276e+00
-1.797625001596793393e+00
-9.841655567376190739e-01
-7.193974012278538943e-01
-8.010824569270877937e-01
-1.862212910531624299e+00
-1.708554553357834571e+00
3.518307645029272734e-01
1.450529282208184334e+00
-7.100737536980088471e-01
7.217848916981171037e-01
-1.556159270816864559e+00
1.358588402312259635e+00
1.533999040676096826e+00
-1.540464364862806690e+00
1.772266110897034341e+00
-1.987253910874572149e+00
8.627288058790116843e-01
