1.204164734181965013e-01
2.062153076453178135e-01
-1.377824432224613593e-01
2.759702031825395085e-01
-2.088698412473645183e-01
4.639504663300431098e-01
-2.561424216730031622e-01
-4.386849255292104566e-01
-1.034443281561981953e-01
8.182709514825936559e-02
4.414931994554177619e-01
6.834867734044225429e-02
-7.361920883740513677e-02
3.244813706944688070e-01
2.437373252349762653e-01
8.364951460132197258e-02
3.057877942434488183e-01
-7.388370289866807994e-02
-4.647211424038104610e-01
3.617191581783711918e-01
3.325060557798936722e-01
4.257187538236433255e-01
2.008631290844415940e-01
3.208156274327034208e-01
-5.090291386035983301e-02
1.120113851521842285e-02
-4.540491366495498227e-01
-3.606376857613496911e-01
-1.588002954197332839e-01
2.423041116909322445e-01
4.210267572924406565e-01
2.294383141944604798e-01
-4.540060754403230092e-02
-4.333197503466028611e-01
-3.935808529962148139e-01
-2.335176809004279042e-01
-4.935160378912065715e-01
1.906897445430025817e-01
1.452900407348325373e-01
3.156483995787817687e-02
1.289153870049201123e-01
-3.913012283338047625e-01
-4.946603273201177764e-03
4.361937528319785873e-01
-3.737058234855915595e-01
-3.424563432770789673e-01
1.100164795214320090e-01
1.578656444457023911e-01
4.140622156473264814e-01
-2.558012835713162625e-01
1.424513380750254132e-01
-1.825688352237210266e-01
-3.321929054896275435e-01
-3.771076683507492699e-01
4.429770715460924491e-01
1.380429288980182800e-01
2.808268076234478050e-01
3.274493041085277945e-01
-2.095612911413415880e-01
-3.134305460387557529e-01
8.469970740559029654e-02
4.451685842142184546e-01
4.286271899652444040e-01
3.783241180087107969e-01
-2.918595022220915602e-02
1.538843992474356881e-01
4.642090486401485583e-01
-3.194445058286105033e-01
-1.258892421107905557e-01
4.515907228280977570e-01
-2.510221301243212855e-01
-2.797537512277560312e-01
-1.122266863092884481e-01
-4.216858836559889134e-02
3.335054541722490828e-01
2.995075252150862788e-01
-4.477385828757282082e-01
-1.300044780580760229e-01
-4.636882092320333548e-01
2.112399760463179454e-01
-1.337729831327356678e-01
5.651206005639575203e-02
-2.091965695827273652e-01
4.095773556470172494e-03
4.326800648114472736e-01
-2.593428427685962046e-02
4.725470973059964219e-01
1.054071826627108743e-01
2.190409723420345678e-01
4.609806952549608816e-01
-3.734412201223631378e-01
1.638005567938911611e-01
4.229714140670497446e-01
1.562128207059843010e-02
-4.960194882979278574e-01
-4.391901956043813282e-01
-3.779183272956666562e-01
-1.664255060763312200e-01
1.540752754155036985e-01
-4.994988549857132254e-01
