-1.725018575941263954e-01
-3.935766945725158727e-01
-3.479966300861935258e-01
-3.979097762155711093e-01
-2.667972249190131429e-03
2.752871903072715565e-01
-6.046880648936814318e-02
2.323941687009914991e-01
4.019039229855021489e-01
-4.727065734593886015e-01
-2.057151655681432878e-02
-7.221642043863685245e-02
1.207243952947530952e-01
-1.464467733695161700e-01
-1.400282809775696968e-01
-2.753435758639942721e-01
-4.128792254868380862e-01
4.111583908374405461e-01
-1.454785540528338306e-01
3.314007712550252061e-01
-2.696956087821846815e-01
3.678180028717344952e-01
-2.259521218017479516e-02
4.164859190204446282e-01
-4.365519830078512520e-02
2.706512781652066213e-01
3.395011149482339841e-01
-2.887407396265428972e-02
-4.620417649957780926e-01
-1.250472061541115787e-01
-4.750629249903962625e-01
-2.377085996278731628e-01
-2.534410374227812346e-01
2.827228670192143412e-01
-1.542562429128906398e-01
1.387587558186325065e-01
4.433973130799959694e-01
-4.379083242559934641e-01
2.867593069006689754e-01
-2.145742996361083010e-01
-1.167138467756034803e-01
-3.606173242286535574e-01
-4.681163664312366635e-01
-2.581275078455759209e-01
-2.880726704518766779e-01
4.797265222797073569e-01
-2.844410492981569449e-01
1.617015747573212758e-01
1.107550106745582852e-01
1.727167629631791712e-01
-4.492117753166591232e-02
-2.084629288958238513e-01
4.261193983409885533e-01
4.033322196312797425e-01
7.329902910462693377e-02
-3.218994034324750286e-01
4.521405294847192780e-01
-3.700538491190925594e-01
2.960297591064194878e-01
-3.137152834803594859e-01
3.603030264662354654e-01
-3.849223628807161290e-01
2.444473497593148137e-01
2.365211200267847147e-01
2.784232762713313436e-01
-3.695124671003451322e-01
-3.205024914804260883e-01
4.714957747663137688e-01
-3.033888911502277130e-01
1.073527063548522786e-01
-2.000390595055532295e-01
-3.665100628658347626e-01
1.997089359167179001e-01
-3.674872110571664185e-01
-3.029109109421290746e-02
4.633218308248662209e-01
-7.642334847275356058e-02
-7.454729737905174680e-03
4.263473580218198888e-01
-7.445651376990791714e-02
3.842379229225347803e-01
-4.125379489520464293e-02
1.766018715192686495e-01
2.977898534311183010e-01
2.214705314702296590e-01
-2.174319469232152136e-01
-7.530404532173817778e-02
-1.254612001031391033e-01
3.947370772715800280e-01
2.070376458458940139e-01
8.221611308774912086e-02
-3.098317666522584224e-01
-4.301535661247882780e-01
5.651721736369064164e-02
-1.712612459021456424e-02
4.355161846292396888e-01
-8.067067970350716433e-02
4.709056763488518316e-01
4.517358598070789766e-01
-2.590842020200843088e-01
