-1.073005696521658336e-01
-1.619905965569233830e-01
-3.196435402540250825e-01
-4.641828766309866738e-01
-4.639424960889356742e-01
3.287648623740252463e-01
-4.074127422518480923e-01
2.885338013174518768e-01
3.447219998460955281e-01
3.133784210910950385e-02
1.085242060535851483e-02
2.295396523700841129e-01
1.402558093091342828e-01
-8.200195931479636879e-02
-3.339502896872237336e-02
-2.693368760459258215e-01
-3.524194659184359812e-01
4.677746420701377472e-01
8.561054929898082033e-02
-2.023787480109975334e-01
4.164905390756096226e-01
3.050187048453647520e-01
-4.639128981660824991e-01
-2.177185198120368259e-01
2.596221167416483677e-01
-3.809121729981937987e-01
2.219926721136911141e-03
4.120307799751533606e-01
-3.505789380532190469e-01
3.446403225396853509e-01
3.819831246737569463e-01
-4.729235461155296694e-01
2.542576681546281359e-01
3.519964025886247461e-01
-3.228584323191663330e-01
-3.830645644715147125e-02
1.092347732775716951e-01
-4.060597681418167681e-01
-1.499697792549214981e-02
-4.675096118350419161e-02
-3.404105808263980792e-01
4.446769434403252674e-01
3.916673680519948686e-01
-4.318066550251233870e-01
-1.921158531464053354e-01
-7.355883060585222122e-02
1.605990906965373277e-01
-4.268741964778904885e-01
-3.171585970537316168e-01
-9.947356607108526205e-02
-1.836067720128298220e-02
-2.256322725257197126e-01
1.288354914204323798e-01
1.761144345146271606e-01
2.844538795546773802e-01
-1.748456750248992275e-01
2.007111093648933364e-01
-1.970688432344758212e-01
-9.894894792041575293e-02
3.153536326036868731e-01
-4.036771204903411014e-01
3.697699288797822170e-01
3.453755413325843016e-01
3.907050196765714523e-01
2.985259816799105126e-01
-1.271317275127978874e-01
1.161211164075665048e-01
2.701794784785798154e-01
1.201345005769738350e-03
2.474327823258597459e-01
1.908362582706655264e-01
3.821672938789957286e-01
-1.127205113668376946e-01
-3.315332984835158703e-01
3.499624693171048406e-01
3.155123181331549453e-01
3.075777887186734727e-01
1.392498120298130138e-01
-2.617374917654406996e-01
-1.195002381785899015e-01
-1.837457876431745074e-01
-1.769256599440931499e-01
-1.918844960410805989e-01
1.226398452151361562e-01
-2.155521439393026650e-01
2.323935373901581114e-01
-1.868665966657154787e-01
2.729167903051890054e-01
-4.660929747836121129e-01
4.426808493719469606e-02
-3.711697889842784370e-01
-3.952346210200504695e-01
3.078914787840700829e-01
-4.231352052036783107e-01
-2.828092890423423711e-01
1.969570138781282509e-01
-6.307623606857126752e-02
5.984349199558813837e-02
4.215386703735486407e-01
-4.346096351579430417e-01
