2.134065832141845975e-01
3.323180236837546264e-01
-5.763558499457110962e-02
-3.424796852433192873e-01
-4.477672802175099998e-01
-7.701214936442823955e-03
4.080923421013413765e-01
-1.622762385813327768e-01
4.579805482521969173e-01
3.577825555780187461e-01
-4.428435494112007431e-01
2.241640064928003273e-01
4.710369334197073155e-02
6.763240648090917961e-02
6.595004598564757625e-02
-9.616819294799183737e-03
2.444184585652637853e-01
-2.080466144354370384e-01
1.150306372399108046e-01
4.979810662054805492e-01
1.848901957411169805e-01
4.006663944718781289e-01
-4.634916707042932016e-01
-3.439779880537803258e-01
4.869654958672636758e-01
-3.718416950611824756e-02
3.995596520030795240e-01
-4.407706137544830094e-01
1.139028262834240746e-01
1.107755084565099635e-01
4.943733647762094119e-01
3.899594286351052430e-01
-4.309484963147143244e-01
-1.632447328681705390e-01
-4.159022471445735780e-01
2.923714615920903759e-01
-2.009494188893095057e-01
3.095505035512954306e-01
3.105064397955159539e-02
4.965167405456960559e-02
-5.985020276454944277e-02
3.317013921913860575e-01
4.437627508477216542e-01
1.939384848225260694e-01
-2.363001566819622479e-01
-2.791399832824641436e-01
-2.416934682110359889e-01
-6.384926864615469988e-02
3.872196363687330223e-02
2.355748057137845297e-01
-4.722518009025362673e-01
1.260267415427056559e-01
2.712496019988208662e-02
8.467153359245283006e-02
4.764794172806782191e-01
4.287082698876454323e-01
4.154967341733856179e-01
2.292096494379395333e-01
-1.603580683926647543e-01
2.467005969326262482e-01
1.966975044125484073e-01
4.502496050009151540e-01
-3.797049719781516730e-01
1.490548218254721391e-01
3.655151009179758992e-01
8.804181788629272809e-02
-2.159677543652861464e-01
-4.312621756270911266e-01
2.256460780594600202e-01
-4.466628099376689365e-01
-3.674238182387462581e-01
4.849764696063226799e-01
1.784783310733527584e-01
-4.537855832071857609e-02
-4.197341825002074422e-01
-3.333922320442967990e-01
1.965160661239684359e-02
-1.215059855811487788e-01
-3.457228291004268428e-01
1.365491216590155599e-01
3.132270032702006990e-01
3.603459251348141157e-01
-3.003046908603689280e-01
-4.576341100878575929e-01
-4.043232406504526644e-01
-4.715482585927123216e-01
3.480331371453382339e-02
-2.284961333747572709e-01
2.318133460721949479e-01
6.660145235788839102e-02
1.387517701125665637e-01
-4.358254068907964074e-01
-4.072465140211397605e-01
1.986900407847470573e-01
-5.144171621293835983e-02
-4.798460223647488254e-01
2.454057410609653544e-01
-1.270765308861407927e-01
1.484007555505227893e-01
-3.307717762615018930e-01
