3.210245072607861294e-01
2.548402968879022179e-01
9.420649422657279004e-02
4.851881402890356743e-02
3.851273146392661939e-01
3.932119697618389198e-01
-1.449471445726530083e-01
-2.857169470935589928e-01
-4.340068361263170749e-01
3.601301494781157242e-01
1.575642874199824073e-01
8.088601252996363566e-02
-2.407296191051927492e-01
2.570389738656458922e-01
4.401751149806865104e-01
4.048129257256676272e-01
-3.440456974226687725e-01
-4.838853967178025073e-01
-4.256090580288331982e-01
-2.044067880914103297e-01
-3.455350334671780654e-02
-2.343293675703922441e-01
4.048487239133495841e-01
1.904016712967585567e-01
4.242982739609413301e-02
1.716897507869828976e-01
3.072123741486101345e-01
-9.293678143746642029e-02
2.256523741846387932e-01
6.819004599728206717e-02
1.368610898449111879e-01
-2.310682111109455539e-01
-2.468304385491600916e-01
-4.561531049173311869e-01
-3.330845501780678175e-01
3.240260109513390940e-01
-7.619245392898643665e-02
8.342224924589847213e-02
4.274551978299597765e-01
-2.453096597135666634e-01
4.924875426102913734e-01
-1.075146194493041829e-01
2.890136397709571758e-01
1.196210596527046421e-01
2.012399820131018924e-01
-5.995726654069621908e-02
-3.019079163808913169e-02
-4.294176225374659595e-01
-4.859824572518512964e-01
1.470277962019137519e-01
-3.163547963414747866e-02
-1.513747474142727034e-01
3.249046988092364474e-01
3.201420492933098050e-01
3.371614034586647435e-01
2.948849556593250432e-01
3.468486819828748846e-01
3.181678433245164195e-01
-2.811888834637230605e-01
-2.297257623962055684e-01
-4.681441563108558190e-01
3.572015300046164077e-01
2.744130386299048485e-02
3.765762488382262685e-01
-4.181189133117118040e-01
4.720962735565527035e-01
-3.867337197881857147e-01
-1.073725725451201152e-01
-3.041335251927645977e-01
-3.343025240166702661e-01
-2.313655309936106796e-01
-2.221764384500883871e-01
-3.962524265009857993e-01
2.693693929458526037e-01
3.272155846591410233e-01
-1.115393218799224373e-01
-8.938277944684247522e-02
-1.442029764267095393e-01
-4.925414714953083584e-01
-2.261680826891420137e-01
-5.182218257183102139e-02
2.951397729028032435e-01
4.316527441937197951e-01
3.882641958879571309e-01
-4.121794777063413351e-01
-1.756859696331398712e-01
-3.273841786975610901e-01
3.717529014022761258e-01
-2.448139840808183365e-01
-3.680987939937626630e-01
1.039781336804979084e-02
4.648198845007331936e-01
-3.446331582036833430e-01
-2.101565702857677298e-01
-2.086563965893688533e-01
-3.123021681998539023e-02
-1.526003018782166043e-01
-2.027044105552369135e-01
-2.845281130875885189e-01
1.898231366485094718e-01
