-3.128470059799324243e-01
-1.186685557772912958e-01
-3.093562119468332705e-01
3.317590916290334979e-01
3.905817288447834823e-01
-4.555772155347193042e-03
-3.142309384642332226e-01
-7.960145826208986364e-02
4.769341555432160540e-01
-1.595720301314689227e-01
2.180103251757616878e-01
-2.223165308524096551e-01
-3.897366028294013685e-02
8.077224797839221981e-02
7.240975506454050414e-02
-2.550749345668952284e-01
-1.116644113634696067e-01
-4.104744925378067677e-01
1.235161816286385328e-01
7.244883490836029338e-02
-4.357582040877567842e-01
-3.787077711100133026e-01
-4.961908465480389108e-01
-4.840785121561581583e-01
7.475999323279836073e-02
2.706282697690171046e-01
-2.696934297999237229e-01
-4.925616324926718193e-02
3.257379912869451388e-01
-5.275185980984276046e-02
4.647181769967402287e-01
1.531282068656968365e-01
9.473752903675303205e-02
9.571380388514394433e-02
3.652043686605822570e-01
-2.445790307485292692e-01
-4.693882718628473727e-01
-2.330224360818848872e-01
2.605434070448120476e-01
-3.295794444217562402e-01
-2.516376488824326740e-01
4.111173806059635893e-01
1.470179900603865164e-01
6.826159627058858703e-02
-1.331906480433610040e-01
-6.581065712502387477e-02
-2.652328330905162623e-02
2.743459730087521864e-01
-2.219757275505825911e-01
6.696961619920183129e-02
1.902239290030742769e-01
5.487172057263700609e-02
-8.672359447257405041e-02
-2.775901916033776118e-01
-2.014370434690327949e-01
-1.730356223959548245e-01
-5.592812060616325631e-02
1.306784127294531306e-01
-2.539223325074824178e-02
-6.090223373854308786e-02
-1.041548636104133729e-01
2.082836422510916385e-01
-2.361277213508964357e-01
6.243836642633537881e-02
-4.746758017217335146e-01
9.983149274222569147e-02
1.100464714717123149e-01
7.982845239301006313e-02
-2.576941324226226238e-01
1.976307518843443134e-01
2.392131870359229806e-01
-3.214603284552429718e-01
2.135452001502391450e-02
-2.178627385542996064e-01
1.668236509656352284e-01
4.591528167313225772e-01
-2.552395289134988809e-01
2.637874257115057075e-01
9.346491304576787229e-02
-4.313842354026098391e-03
6.201481473652481480e-02
3.854524162064905113e-01
-4.379623107675939542e-01
4.479285129871531934e-01
-2.658128585610832761e-01
4.246696799151264967e-01
4.628965783134945111e-01
2.074226984036111610e-01
1.948859640533052717e-01
-2.419068063863878404e-01
1.790954660774670693e-01
-2.512739733956211863e-01
8.099630620994857644e-02
-1.830391799393009666e-01
-3.423266750492336419e-01
-2.144431011412757382e-01
5.325119001591716028e-03
-3.347482056811545981e-01
-2.948484275717518921e-01
3.599403160005317792e-01
