1.644027009185393684e-01
1.101252584017994307e-01
-1.597109632428561632e-01
4.171481404375050328e-01
-3.707027302462898577e-01
4.561492106876861019e-01
1.569320330878265501e-02
-3.351221178084250463e-01
4.841763249784013512e-01
7.422696510678195025e-02
-2.354288845844271227e-01
-1.239949045891253210e-01
-2.598595459103241190e-01
-1.566595907565752066e-01
-2.471328896483759863e-01
3.968081044467547391e-01
-3.584562902817416408e-01
3.867906923553766640e-01
-2.865817706802353815e-02
-3.142039733962133097e-01
-3.531458713346425915e-01
-1.525862514912890155e-02
-3.375315646517084156e-01
-4.947657259908381233e-01
-5.100083220144313589e-02
-3.135437301035897129e-01
1.113981171088773703e-01
-2.360146268586831297e-01
-7.146556108996959811e-02
-3.197493222415819236e-01
1.440517351539752910e-01
1.978298775383702246e-01
-3.569548865903432455e-01
9.246206486264940683e-02
-1.700461404208541971e-02
4.769316234542558819e-01
4.756414631180641006e-01
3.116513904926454526e-01
4.490933677328490248e-01
2.963894656769182623e-01
-1.582732897334667710e-01
-4.908016884275376857e-01
-3.723301982945895761e-01
-3.384592470244529583e-02
3.570258444593088498e-02
4.307467859597691184e-02
1.371972894309825275e-01
-1.163398258654947393e-01
2.809007615791134782e-01
-1.211851983883488471e-01
4.043959488068420427e-01
-2.524781700092548764e-01
2.147257103785125132e-01
-2.009581781355828101e-01
-2.692914369801320262e-01
4.004139515823644802e-01
2.689407080092690583e-01
4.772553972631163877e-01
-2.493752244764915194e-01
-4.001382054471724903e-01
-5.509300016347518092e-02
-2.467421561697588084e-01
-2.161224150959392132e-01
2.787837382648972184e-02
-2.621087765317986484e-02
-8.394198869427582643e-02
4.774604186259132632e-01
4.990891288225922651e-01
-1.791350130342853619e-01
1.086744668738593989e-01
-2.528681915462831498e-01
3.995428712068220811e-01
-4.887793496404341242e-01
3.122676881233147350e-01
3.489555066557479268e-01
-2.419733559421463065e-01
3.972298065208100804e-01
1.841353443969878656e-01
3.167007736793314709e-02
7.125364777979381614e-02
1.374940809216017579e-01
3.726606769483677972e-01
-4.285458663065526697e-01
-2.783771717726766237e-01
-2.706949045875484128e-02
-4.557545286566295761e-01
-2.204119406493800781e-01
-2.226757479195980993e-01
1.714549460072544163e-01
-1.125481879049690104e-01
2.035478667731283053e-02
2.974889099961670613e-01
3.433666517588297440e-01
-3.227472185972913854e-01
7.497749707525880325e-02
2.036960064407030702e-01
2.048484752526374963e-01
1.083396526006568106e-01
-1.594291175762693191e-01
-9.049172366256408306e-02
