-1.913539634317129590e-02
2.805352331166063307e-01
2.589730053424212919e-01
4.815221650020483635e-01
4.150865042676449290e-01
-4.838499873246704386e-02
-4.317021417381105008e-01
-4.050191394846922588e-01
4.802293339874451616e-01
-8.830281038736620403e-03
-2.133075420812100553e-01
2.519121079494320847e-01
3.385231694885499909e-01
-6.823560331051570227e-02
2.111947066079631341e-01
3.081352720777424947e-01
4.148715012118551204e-01
2.620185120134270740e-01
-4.564329614934867774e-01
-3.001364720303175693e-01
3.404309138107119992e-02
-2.298513566299725808e-01
3.495368758616085314e-01
3.536346227006681442e-01
-2.127214816583369306e-01
-3.534632409266021957e-01
-8.819966171810866840e-02
-4.426002697203084146e-01
3.974335906067295587e-01
3.390178576392520737e-01
3.899278371194155879e-01
2.210892734940433924e-01
9.493330561836366144e-02
-3.347506663864020515e-01
-1.427377056480794160e-02
-1.156698128448011564e-01
-1.288880567493561058e-01
3.433553695271848172e-01
-3.005279594309184787e-04
-4.056978329309705034e-01
-3.708581569826574498e-02
3.271839966118872400e-01
4.990150708694509607e-01
2.437227502664583989e-01
3.220220950746587318e-01
3.209436464046458992e-01
-1.356178603049158493e-01
-4.218674980466701196e-01
-2.709895028463120692e-01
1.600720438788633126e-01
-2.471837264192204842e-01
2.421276831703442767e-01
2.503969506714108784e-01
4.528637591281672314e-01
2.814515753389383867e-01
-3.985538118172494704e-01
-4.549237706930608915e-01
3.798631361928538341e-01
-2.168966159591554366e-01
-4.344416770427097507e-01
1.167752190573337900e-01
-2.019581067705752409e-01
-1.428395857144171277e-02
-3.035114433371035592e-01
-1.109239439553004747e-01
-1.893385135686658227e-01
8.709896477109713153e-02
1.654304740642602578e-01
-6.685997763900131119e-02
1.956236719711923477e-01
1.072055256790577227e-01
4.166965814452260330e-01
-2.231370191769410649e-02
-4.648261625928231666e-01
4.250731897826338646e-01
7.660313530944162785e-02
-5.258083798710377899e-02
4.617504233357999643e-01
-2.801891301099052045e-01
3.724064850404056326e-01
-4.299744960879071654e-01
-4.583461284027419147e-01
-3.041844496448415924e-01
-2.047692093932066415e-01
2.285197263100575693e-01
-8.523074869558555644e-02
-1.441933392519123558e-01
-1.135775852821963028e-02
-1.120931773566263834e-01
3.863599033412485895e-01
-3.405698635219472914e-01
4.119460892537495367e-01
3.696153385254533630e-01
1.608485189275531413e-01
-1.896381749258493343e-01
-4.862458784748775464e-01
2.927786253940033445e-01
3.731925000565533557e-01
-5.991286033816456413e-02
3.025675239778862213e-01
