1.107970668767999101e-02
-1.106070872701490071e-01
3.637663895413101312e-01
1.436467202805822296e-01
4.679965728250895518e-01
4.562434898991728494e-01
-4.312907747867346098e-01
-4.085840635263572329e-01
2.866292842031348265e-01
2.001524373803598156e-01
-1.848164455720411326e-01
2.760558888302989677e-01
3.450456497495931751e-01
3.519883054581213200e-01
1.155534831833784359e-01
-3.567522559769664703e-01
-4.410945171130931097e-01
3.087915497290325550e-01
2.087295969348976765e-01
1.533968778269128030e-01
-4.796713352003119102e-01
1.033935307563904615e-03
8.060046031220780005e-02
2.887420034072637476e-01
4.868192588008117827e-01
2.842746414057606419e-02
-3.857498634551592698e-01
1.060017710612400910e-01
-2.985714729810728940e-01
-4.670716906580524297e-01
9.252591931725717700e-02
3.100616688753888850e-01
-7.631991889742795188e-02
2.884667888456501350e-01
3.479069352991199793e-01
6.362490105383100669e-02
4.751717014168821418e-02
-1.547660988790469094e-01
3.680885132623402667e-01
3.549231638782263110e-01
4.712997960006681808e-03
-3.813726145969761339e-01
-4.873027602060480135e-01
2.185999828157659808e-01
3.296335121779667698e-01
-3.868428102337577723e-01
3.254358530209310318e-01
-2.768825270221683121e-01
4.151167326633357080e-01
-4.561669586120170594e-01
-2.846395472490552692e-01
-4.435913219685670983e-01
-4.323974306683598945e-01
1.796250996188069049e-01
-9.891042595085330902e-03
9.543366337006053968e-02
-3.249773279160095285e-01
2.724225661840150581e-01
3.581861667377094216e-01
-3.727913301270496804e-01
2.571947264700058522e-02
1.701661885708320998e-01
2.072827957853446978e-01
7.266378293227038210e-02
-3.549378305663407618e-01
-2.710511844921619229e-01
-3.247181888016004159e-02
1.803246009875267841e-01
2.728977655702314875e-01
2.842814316076351933e-01
-1.550086019751123478e-01
-4.271113336713497910e-01
-2.831039602528642174e-01
2.364230630758251683e-01
-1.140362126773087903e-01
2.570007906003590747e-03
1.812474438642698304e-01
-2.733261260869593867e-01
-3.314447166340764861e-01
1.136372182129258279e-01
1.071389807870826161e-02
4.824827853899705810e-01
2.952863618176841953e-01
1.630464525224177841e-01
-3.566609308094291775e-01
-8.089299516208625640e-03
8.099741410588556789e-03
-1.483521680881649818e-01
2.444988706989642546e-01
-2.527640316027484069e-01
-6.765716679838384984e-02
4.215309405848062241e-01
4.307753447571336380e-01
-2.643337606632750747e-01
-2.202848518174758130e-01
4.690662448426531350e-01
1.030035617777583790e-01
1.056269307466188856e-01
1.705977774311495665e-01
1.935431507142324481e-01
