-4.354122278304162208e-01
1.428182768599837171e-01
-2.455058029484866733e-01
-3.649136949650828576e-01
1.394998546030324915e-01
-4.267718919081940898e-01
-2.504350863598542309e-01
-3.732948972589943404e-01
1.617858449891418360e-01
9.480203966032751950e-02
4.986326435839272264e-01
4.842031040683441034e-01
4.930664806668310085e-01
3.479819022916793569e-01
3.573330198989159712e-01
2.131496632001355085e-01
3.422920319652107413e-01
4.235873342082887572e-01
-4.817354218919160935e-01
4.610083055217344405e-01
-4.438358816975057630e-01
4.410812482370604082e-01
3.424322564330051222e-02
3.794019846154853548e-01
3.014580377066339301e-01
-4.485111011444270490e-01
-3.506188933785164830e-01
-7.651973815827239900e-02
4.702925563839387424e-01
-2.897754968895405181e-01
-3.550180767776964785e-01
-3.364205105933066875e-01
-2.023750873696806840e-01
4.937802693902620943e-01
-4.431565169631347390e-01
2.920162867896529679e-01
-5.581299058811217684e-02
-4.809632027537251719e-01
-2.666212690633256166e-01
4.140622996942077139e-01
-3.473175971503796866e-01
1.328882546174219303e-01
4.023334206224100651e-01
1.261061388428692531e-01
1.722819262317103473e-01
3.819143134092736203e-01
-8.398326471743489119e-02
-3.656023006568677181e-01
-2.471126027048804463e-01
-3.849745710242814534e-01
1.777470943786875202e-01
-2.242989239959185532e-01
-1.528070755819732618e-03
-3.157250937264621804e-01
3.195908555962141406e-01
-3.388902166111662506e-02
-1.725375318531949809e-01
1.819901835474352358e-01
-3.541467256305816935e-01
-5.749081899098695825e-02
3.558459992272505756e-01
-2.018962379240680782e-01
1.976440944733702798e-01
9.248770100267811323e-03
-1.968509390614314736e-01
1.202052247584459721e-01
-7.069292294180951064e-02
3.333108174640886379e-02
-4.231666973867259651e-01
-9.669596543799385824e-02
3.122684478857500334e-01
2.273511157725358611e-01
-1.592316435682794573e-02
-4.927396058246842347e-01
1.802007150197774132e-01
2.196642500380762142e-01
2.325939972427480962e-01
1.242799720759436566e-01
1.871265705791662626e-01
-2.876075186978511722e-01
-4.240145151687516600e-01
7.166256591571029677e-02
4.175148195220703684e-01
6.780083483437326919e-02
-1.811717865471901279e-01
1.341387191078838859e-01
2.149494568080658752e-01
3.932501600097025873e-01
3.169349085123316367e-01
2.837174862782647633e-01
-7.201387358144628603e-02
4.153406311496734560e-01
4.171135168479916944e-01
-1.190189264314664985e-01
-4.227381885171125342e-01
-2.433780196837693754e-01
-6.085926911422900876e-02
2.855965918594057795e-01
-4.534739056154318826e-01
-3.402408097298114109e-01
