-9.068731513773262698e-01
2.961338481759145935e-01
1.307860390439237630e+00
-1.725802145760737982e+00
1.040199157166023625e+00
5.119940591033791399e-01
2.905690781115852772e-01
1.872608282171481342e+00
7.642603217218706391e-01
1.848276675045145812e+00
-1.772458607640248651e+00
-1.466963861664936974e+00
1.629925850947019583e+00
-6.788248696618279787e-01
1.906604309872157010e+00
1.152394997252724096e+00
1.257957513349841960e+00
5.285090276598660708e-01
-1.348994961662913994e+00
-1.321567443929479335e+00
-8.299350652343036039e-01
6.354154399292015754e-01
-1.733575148377194619e+00
1.261846058385795555e+00
1.993224179409462948e+00
-1.878981562448377218e+00
2.745210583693080686e-01
1.768744792978873548e+00
-4.434875127504640524e-01
1.140476513335259678e+00
1.898400815022618815e+00
9.439713169559293959e-02
1.646905548377248785e+00
1.929857441665420836e+00
-1.960705284937948711e+00
-7.850326154615316909e-02
1.640503048853059198e-02
-1.634360194339484096e+00
1.571683932064218414e+00
-6.314393011509173981e-01
-4.535037055263746453e-02
1.732767624621791569e-01
6.847476374682304190e-01
-1.846659051165393084e+00
-1.859538403147957819e+00
6.317624060191691093e-01
1.215741384822166093e+00
1.129179119087251770e+00
1.394761518489409102e+00
8.657414407904013842e-01
