-1.651593782399431554e+00
2.645429636642546711e-01
-3.182445646175362519e-01
3.815720993363114211e-01
1.398371906941751508e+00
-1.137532381192262410e+00
6.910604687079651143e-01
-1.618487375098575320e+00
-1.878804222951421909e+00
1.662271774756253873e+00
1.140226067747006411e+00
3.603220193534375504e-01
-1.452493916013607667e+00
1.153768012906529972e+00
-1.731522732201414616e+00
4.004489160336541786e-01
8.279835737021068454e-02
-1.206632860738518165e+00
1.181084154809923348e+00
-1.370337985845163420e+00
-1.074853185344739170e+00
6.070774466204955644e-01
-1.960110068904874048e+00
1.532235863816776789e+00
1.987874517077170555e+00
-8.503789555619745144e-02
1.900513609226345046e+00
-1.920024822461044334e+00
1.727141629015969126e+00
-1.681765500093327148e+00
1.788275113444298459e+00
8.377020216279174036e-02
-8.893555099137762099e-02
-4.801004622314981596e-01
1.623027862947588940e+00
1.824758727818721393e+00
-2.510856203849263224e-01
-1.574336977376736169e+00
1.248520972305922072e+00
1.787580319380453364e+00
-3.092409925592525255e-01
-1.099409393013594194e+00
1.087405062237938758e+00
6.881814753835775456e-01
9.910601949987216663e-01
1.122939537876301852e+00
-1.166587509908518339e+00
1.128322432317331980e+00
-1.762349357765311098e+00
1.332719901780640814e+00
