1.729151728939274157e+00
1.699153524944922111e+00
-1.763846934073347583e+00
1.727369149864934617e+00
-3.116014204357417938e-01
-8.750590107482012492e-01
-1.836278495141857814e+00
9.336614338907081034e-01
1.109119495444514936e+00
9.680825288383365645e-02
-1.821343483112315198e+00
1.395522143663704639e+00
-2.568099046838008270e-01
-3.516515370822181907e-02
-7.267048876168735738e-01
-1.536237249680927786e+00
-1.711711552655696966e+00
-9.890423259524774302e-01
-5.542013837576127422e-01
2.944726541101756467e-01
-1.480282994377096539e+00
6.990898581949407387e-01
1.740343867913820119e+00
-1.926358505208759730e+00
7.212928732693990597e-01
1.942195978189271699e-01
-6.496057514548789769e-01
-5.963844842216476927e-01
9.364086848724202383e-01
1.024517391328600091e+00
7.587252576395893122e-01
8.191491903873293623e-01
1.305984404994175563e+00
8.589334608274312721e-01
1.371515414840322133e+00
-1.438950524618209492e+00
1.378108250179361782e-01
2.256020240322351711e-01
1.187066804257960850e+00
-1.526199004817079263e-01
1.138926493789389482e+00
-2.907780022738473136e-01
-1.882160838203545516e+00
3.943694529913623903e-01
-2.447190665772298601e-01
-1.330692346396475934e+00
6.079439981397793957e-02
3.870328149631641068e-02
-1.297649109942134782e+00
-1.192659452862455893e+00
