6.486362637373694895e-01
9.591785512375659017e-01
-8.496694593805851348e-01
1.333356525656904878e+00
-1.116932846092153042e+00
-4.804239189947909772e-01
-1.214520980557513230e+00
-3.914366707130514378e-01
4.793353655325489626e-01
-1.831988515071446777e+00
5.011519843506913041e-01
-2.543056357898678677e-01
-1.355985783223699226e+00
1.680212423799571031e+00
-1.454297746253323087e+00
4.999321810382308939e-01
1.462147693278862626e+00
8.280519124803173980e-01
-8.430762795566475454e-01
-1.104339381016136823e+00
4.461689098169374645e-01
2.016068935840444887e-01
8.296039525379592661e-01
-1.728766606163434361e-01
1.601886235109916345e+00
3.851532573161300377e-01
-1.820480288665380364e+00
1.604660105872320219e+00
1.390534368957968780e+00
1.759143478557033458e+00
-1.992354239580127917e+00
1.503446241889961676e+00
-1.560968219412380176e+00
6.367365242740654629e-01
-9.474221976175658533e-01
1.873084693118078015e+00
3.398918692862293867e-01
-6.799961641065874751e-01
-1.777631763450185698e+00
5.666938468920124095e-02
-1.808051717315640072e+00
3.182017310472109450e-01
-9.918222920785839669e-01
-2.989877211605520557e-01
-6.351600435446149717e-01
1.953103750497843016e+00
7.922595219271326705e-01
-1.618307486247086313e+00
8.497857466622327216e-01
-1.634900098290408277e+00
