1.153265232467988177e-01
-5.176089895791946560e-01
-7.937641738729932506e-01
-7.108244363857103565e-01
-7.794579063623530146e-02
-1.506244679853901314e+00
1.654562671534684171e+00
-5.001795222147409348e-01
8.859072083896091243e-02
-1.390112096232194894e+00
-1.574174313701207417e+00
-9.115918015249664386e-01
1.845795854177025852e-01
1.741595322869232021e+00
1.662107073392312451e+00
1.793565895423554490e+00
1.551429295378669249e+00
6.237296812840944504e-01
1.634425288840910095e+00
-1.605230503947757015e+00
1.314191933664195400e+00
-1.083361241621982884e-01
4.364242671238729443e-01
-1.244674053509572165e+00
-9.111780645865774630e-02
-1.008160962177675923e+00
1.693764144133901084e+00
-1.538896892094908875e+00
5.825961556066370228e-01
-1.673807174107852624e+00
1.711658570432727178e+00
5.872378270996061467e-01
9.726180651496569851e-01
1.006793975415833486e+00
-1.401269125276900507e+00
1.966335979209374862e-01
4.227262505374169699e-01
2.447806031185826292e-01
1.765501067050299522e+00
9.263831383456402335e-01
1.169508378923481029e+00
1.338716832114222655e+00
1.171424139065662118e+00
-5.839370399415342305e-01
-4.525714002461125318e-01
1.581977914691039100e+00
1.818981395344465568e-02
-7.182522692254997843e-01
4.656986720761060461e-01
1.203392033604808731e-01
