-1.290338234195544942e-01
-1.525220046820296993e+00
-1.206999591453250975e+00
5.470717079313014430e-01
1.020623292885498579e-01
4.204508917545393132e-01
8.465581028501389937e-02
-1.764311691339949029e+00
5.716556707522832959e-01
-3.986222465442166296e-01
-1.742846443196889084e+00
-1.917978799145160007e+00
-9.994679300224751373e-01
9.474512716441290117e-01
-1.072972349376952739e+00
1.175432459984304678e-01
-3.234050359127715879e-01
-1.427097494030637570e+00
-1.386475174779512098e+00
4.810067384844258775e-01
-2.443425151188187705e-01
1.191103776051245955e+00
4.246450087994517730e-01
1.960489442371886604e+00
7.856917597455423952e-01
1.730034141859290386e+00
1.607476876188991710e+00
1.246611803146238540e+00
1.199431967180065062e+00
-4.975653158258310782e-01
4.600920516581905595e-01
4.206712916557187043e-01
1.513912962050660838e+00
-1.509364864079408175e+00
-1.085249816569958448e+00
-1.775154805580851924e+00
-1.384952659369220296e+00
-8.122750537496359335e-01
7.972251176875939649e-01
-1.198659974181656374e+00
1.003585438440365962e+00
4.556004904424040269e-01
6.723687827293023389e-02
1.083296725269746741e+00
1.865174873351387319e+00
4.051280980921418973e-01
5.775638500989184188e-01
-1.105517874204282158e+00
-1.114048429333863055e+00
1.115355347570180733e+00
