1.469999353960030231e+00
-5.823694000409895821e-02
-8.841340636364773964e-01
-1.515779009403834809e+00
-1.303526315380853173e+00
9.215477710156250168e-02
-1.619530834709094425e+00
1.794233423024342411e+00
-1.704219626605656845e+00
-4.017353375445358310e-01
1.029620952181676596e+00
-1.006824118099810317e+00
1.638796524598141513e+00
-1.817631939019796139e+00
-6.333486770484251238e-01
-4.543597985638991865e-01
-1.653123863691157158e+00
2.735141534042888622e-01
-1.155011014805715330e+00
1.979514601742638380e+00
1.124920807182828941e+00
-1.068913621681331083e+00
-3.425203709990811696e-01
1.995837605891207289e+00
2.708659589588213734e-02
5.963997183592266715e-01
1.767930203452938720e+00
5.044311686880420531e-01
-6.981324660056773546e-01
-1.501847997440375337e+00
5.092748245295104503e-01
-9.358766647350638124e-01
-5.603880897926822868e-01
4.815172281397739340e-02
-1.042657833905924036e+00
1.287124560482175717e+00
3.475492259559898045e-01
-8.694064698130610225e-03
-1.558981843480676144e+00
3.116468121937914226e-01
-2.536249351754005232e-01
1.720403443528231158e+00
-6.194084052429236209e-01
-1.632239953255759879e+00
8.265226065588962001e-01
-1.845864266423574485e+00
2.120769812168972202e-01
-1.994417033579928944e+00
1.914517855154316273e-01
-6.299306316782882220e-02
