-1.736249024041587319e+00
-9.164630592876115145e-01
-9.644698461062577444e-01
-9.740883472458312653e-01
1.055800006100654720e+00
1.332072969696634690e+00
-1.705228207910443050e+00
-9.062772037338051589e-02
-5.210703854890068598e-01
-1.525870640816657797e+00
1.219245010024898601e+00
-5.133573458257560951e-01
-1.616298805568192165e+00
8.095730315298079738e-01
1.385290025858656904e+00
5.209004796089926614e-01
1.494336905225574608e+00
3.045896056444399314e-01
1.541173821383483133e+00
8.916099906310881451e-02
1.084245944023477737e+00
1.560021488380517241e+00
-2.888569213280480774e-01
-1.661265538052318913e+00
-5.489836729372026269e-01
4.365277249046162211e-02
1.138961852138635766e+00
-1.942964766601043447e+00
1.997997389356527265e+00
1.033340335296958568e+00
-1.213933703337706671e+00
8.339314544212403923e-01
-1.443823701487461086e+00
1.677228322184247666e-01
-1.309127658289430229e+00
-9.442611681906831755e-01
-2.594298866075819276e-01
6.022761733418167118e-01
6.039575156714969140e-01
4.793479090307664059e-01
1.037540161493199609e+00
-9.450683736143408176e-01
-6.912399229119601252e-01
1.033296787177908183e+00
-8.973910453425384404e-01
1.283501898979204636e+00
6.694558707477753501e-01
1.437956309231016583e-01
-1.671218245270278402e+00
-1.064226437129192071e-01
