-1.200206223027517893e-01
-1.935846675784218096e+00
-1.981281577975456898e+00
1.850837655013928718e+00
-1.443085778082404680e+00
-1.567915877502018773e+00
1.839674574900562298e+00
-9.008879922562198495e-01
3.088553193995720036e-01
-1.071518166489588531e+00
-2.196675395789418062e-01
-3.079545999779482734e-01
-1.537618310152719658e+00
-5.689343823348997908e-01
9.986691257834854341e-01
1.754990775192015295e+00
-1.752799818944077437e-01
1.739814474530145816e+00
-1.609111887886578884e+00
-1.556808838591561273e+00
2.197374441257786692e-01
-2.340803532148085786e-01
1.680694518208811772e+00
-8.824865315753234185e-01
1.530158068289751760e+00
-1.577091856664763370e+00
1.458227075046738541e-01
-1.877582832320142892e+00
7.122554035221568824e-01
-1.776658607250486632e+00
-1.713676416012299697e-02
2.547628823677712262e-01
1.642561495557214979e+00
1.127689918608332675e+00
-1.350155597153371190e+00
1.458786321542373532e+00
-1.154581881373715202e+00
1.938957744915507320e+00
1.741546939977513198e+00
8.431265705908108643e-02
1.490811674413068832e+00
-3.913196442936768271e-01
8.040310918154949249e-01
-8.312496221975416155e-01
-1.901710518827864682e+00
-1.835821000407321879e+00
1.424114408301819346e+00
1.309952243967782870e+00
1.591829601709093822e-02
1.342946182781871833e+00
