-1.716125258751410865e+00
1.432553127885661581e+00
-1.422951091092460096e+00
1.261364018640023232e-01
-1.493316945530560602e-01
1.376279974227071712e+00
1.062066221491118956e+00
-1.355176113953151962e+00
1.345623126431396699e+00
-2.161948494063521409e-01
1.084964294061307566e+00
-1.899158179889666620e+00
9.990958208922782191e-01
-5.005736097676547480e-01
3.739014012131480769e-02
6.009956103476792322e-01
-2.759295117673596920e-01
1.334227979426677368e+00
-4.217986832025961697e-01
-1.599966727190145210e+00
6.853277334153236033e-01
1.382184608855757446e+00
2.798204553183532006e-01
1.659774669001536473e+00
-8.109141020361119168e-01
3.701862234503385807e-01
-2.404171643935804070e-03
-6.459971958370389622e-01
-1.690256541548050606e+00
-5.491580153404020948e-01
3.292960365774617593e-01
1.095532737191515338e+00
1.773065584955711316e+00
-1.363591084390196606e+00
7.992999389183208514e-01
-1.419681644519738217e+00
1.503094703575083457e+00
1.178841686273767841e+00
-4.529716699026824500e-01
8.406130765948205408e-02
-1.310850427033036780e+00
1.558753446607055615e+00
-1.576958686463036496e+00
-6.471462070453073423e-01
-6.646288725907076866e-01
-5.708141224059701813e-01
-4.692057097204962446e-01
-1.952768948271585536e+00
-7.202388136881254788e-01
1.344311896788695559e+00
