2.226414511364795956e-01
3.256229093291203025e-01
4.976867734508487739e-01
8.340293765552520000e-02
1.759353782713800607e-01
9.710945338641330249e-02
4.445079160616769443e-01
-1.024703083686604455e-01
-3.670212619778551177e-01
-2.475267773963073514e-01
-4.687836766629436269e-01
-1.996151850416078011e-01
3.486066015979899513e-01
-3.674394329345956889e-01
-3.382947374097819981e-01
2.910050152667379431e-01
2.652608325607830331e-01
-3.257920453994900267e-01
4.833187590830090308e-01
2.623726283882277244e-01
3.598936778193251307e-02
5.227140380128392216e-02
-2.871887349490671593e-01
3.562060356422094287e-01
2.058895550148502895e-01
-4.567197209611434383e-01
6.997102814051370245e-02
-2.412227427196221852e-01
3.947093656444439214e-01
-3.778205458657304394e-01
-2.637167529291001289e-01
-1.838304991791439580e-01
4.892375534801343129e-01
-3.908053685689427681e-02
3.794895042633410487e-01
2.773361952793194085e-01
-3.134896170160228479e-01
-4.089621583302742724e-01
-4.735675438897144485e-01
-8.369834850207813481e-03
2.082043617277338221e-01
-2.914430967164347575e-01
-3.408721511677751392e-01
3.715798434336418099e-01
2.538043398856029143e-01
2.607617483501175615e-01
4.709934619563010960e-01
-3.664338766614142484e-01
-2.061295509239327028e-01
2.452761895885247068e-02
