1.003571736168270556e-01
1.868682509304633310e-01
-2.684142729904611668e-01
2.903773529508306694e-01
-1.059806567548281508e-01
2.250601498116386878e-01
-2.165302921214556919e-01
3.318457406404411447e-01
-7.623553412399786122e-02
-1.564109537270703676e-01
4.291772008432127583e-01
-2.927522135611934084e-01
-3.472679120080808257e-01
-2.740708932346480609e-02
-4.219696516839708256e-01
6.037427511452675422e-02
-6.864706791108077244e-02
4.683646959548236621e-01
-4.789337723617981268e-02
5.238673936474802506e-02
4.920953854320476717e-01
4.531030453527039592e-01
9.125056789886509812e-03
1.759305257349124130e-01
3.590224827181036638e-01
4.274461259976757299e-01
3.989135095260210040e-01
-9.403505224540253948e-02
1.053550452671779825e-01
4.261109897745254393e-01
-2.363672608649923790e-01
-1.691534867943558229e-01
2.614324269461001382e-01
1.961021653280721200e-01
2.445305459844870910e-02
-3.823230246334319293e-02
1.745590368856667629e-01
2.994414910517118056e-01
7.585121202399702778e-02
1.525120511235714682e-01
-1.384282782784931332e-01
4.344032022207217070e-01
3.261995354697527771e-01
2.223283429201945438e-01
4.047308797162498806e-01
-1.680235789413778713e-01
-1.312768084183542072e-01
-3.843438310234245092e-01
1.791762529459978159e-01
1.757909306801661575e-01
