1.542976397944750833e-02
-4.137388286795937731e-01
2.536030549809005219e-01
2.041314013251308568e-01
-4.844385281818123223e-01
-7.086888428793913786e-02
-1.516104964031105284e-01
4.448766618505246573e-01
-3.430264222172193511e-01
-4.843109658832515096e-01
-1.171797189442402853e-01
-3.044544645224753765e-01
-3.772781574268058158e-02
1.941145151758697507e-01
2.083918113566122221e-01
-2.522085019620396995e-01
-5.763374244467867058e-02
-4.984230055149607708e-01
3.534748027604747156e-01
-3.621394074464208135e-01
3.973475216090563977e-01
-4.132095038164066425e-01
2.013083865431710695e-01
-2.874565634989503238e-01
-4.926507581653781775e-01
2.035009769494113829e-01
1.376126059036967275e-01
-2.210565307247548406e-01
8.055366684952103284e-03
-3.344941577117375164e-01
-2.711153993223934799e-01
3.762256939629771146e-01
3.586204029551431915e-01
-2.369222794086187633e-01
8.163078948613278207e-02
-8.893976065953801413e-02
-1.819470823285440630e-02
4.239485328491239269e-01
2.939574825139157355e-02
-7.606729236536546868e-02
-4.108519012317911612e-01
3.728533895948804577e-01
4.708178256105045589e-01
-2.279411758245455388e-01
-4.637724373740781392e-02
1.890138419264980607e-01
-1.126735706848120966e-01
-3.939434960949300679e-01
-3.653953065895104713e-01
2.173324747296677684e-01
