2.309117307122338092e-01
-4.834370699557966056e-02
1.778777640343818245e-01
-2.184122833412195375e-01
1.175915692615548958e-01
1.524381245901457183e-01
-7.567399554333220646e-02
-3.088818390155312343e-01
2.344869013027878202e-01
2.341109736964590571e-01
-3.250704848321176454e-01
1.734216190268617064e-01
-1.476858631388840992e-01
4.683429508942760222e-01
1.554497815097866109e-01
-2.722636994498029983e-01
5.271080471039779614e-02
3.596369351100157097e-01
-2.325255124485340330e-01
4.736256752843557294e-01
-4.068277353224938331e-01
1.212736447569449094e-01
1.843290303609809166e-01
-2.464047449669470868e-01
-8.673495763095473432e-02
1.879722207318820226e-01
1.782703373876559638e-01
3.108007793535889629e-01
-1.606232296237541934e-02
1.756503677635586902e-01
-1.253835602279129713e-02
3.703770078138701738e-01
8.366570991832422699e-02
4.272491529337112404e-01
-8.453840346227525782e-02
6.023115344399510018e-02
-5.317608533550555183e-02
2.002260979885731595e-01
2.376971513520786949e-02
-3.592595384389178914e-01
1.551803580996389265e-01
4.672117201919608886e-01
-4.625654932435746547e-01
-1.092870596297774721e-01
2.832625362898134602e-01
3.950469958157751815e-01
2.450406041248209821e-01
8.204639554586157235e-02
1.166791967280309539e-01
4.952834107798854690e-01
