1.298621473018110040e-01
5.750139818790822588e-02
2.377677758815225362e-01
2.777924772799714725e-01
-4.562130388141562021e-01
-3.724091106953161256e-01
2.139674239193256611e-02
-2.074016813580374929e-01
2.466779355565272835e-01
4.799105705558381896e-01
-1.337644520146535898e-01
3.051369223038632450e-01
-2.790582643060006696e-01
3.278695983262097657e-01
-3.102448154483641307e-01
-2.483445028164925628e-01
-2.162113514470839215e-01
-3.715598346850674805e-01
-1.423854756338295280e-01
-4.483220051144269913e-01
-3.838368511726379939e-01
1.483101055768087928e-01
1.877621716414390463e-01
-7.008145428993539650e-02
2.326893478267433313e-02
-3.818361251832501635e-01
-5.315277831309894729e-02
-1.962230741117245714e-01
-1.583984350558805820e-01
-3.775180123700445645e-01
3.682475650367899034e-01
-7.025046862034756145e-03
-4.329466604219993631e-01
3.476663298369272459e-01
-3.844689687289023494e-01
-4.465983809982447816e-01
-4.597665718280674607e-02
-2.482722157286877396e-01
1.313443261619262614e-02
-2.657728600576125810e-01
-1.141918653339790701e-01
-2.531349832535324529e-01
2.314157296585744872e-01
-1.474911600270869538e-01
-3.649286986667987787e-02
-3.411189780965238061e-01
-3.417543701972630688e-01
-1.273994568504810410e-02
1.841957674841768755e-01
1.252670808287736914e-02
