-2.611799640840112291e-01
-2.339385359684919008e-01
4.340166270809555638e-01
2.654540999835702797e-01
4.731206681831700012e-01
-3.167965911194596806e-01
4.137300368719151189e-01
-3.095508318962217897e-01
-1.542414748574081340e-01
-4.109898927678266034e-01
-1.040357425166915650e-02
1.463077282668566736e-01
2.232610148612867995e-03
-1.395427905800347146e-01
-3.778143086165197673e-01
-1.454381919360422382e-01
3.145532372586093972e-01
-2.299472565597903140e-01
2.036800483798203443e-01
-9.877580052494749907e-02
-3.490471274426354409e-02
-4.368064005430051244e-01
2.742975084457552892e-01
3.548376836099768061e-01
4.817929543641230605e-02
-1.359107735660713967e-02
2.897932434431224058e-01
-1.692821926346019801e-01
4.379177778618786876e-01
-2.370881040219796621e-02
-1.889635444987669555e-01
1.786387821997925673e-01
-2.048674373277185046e-01
-1.580152817154057976e-01
2.423338431070420906e-02
3.484840990895023971e-01
-2.242165922727334948e-01
-3.080882668256598178e-01
-1.387206295338101469e-01
3.195992434042371766e-01
5.288141812942681597e-03
-3.861162636291548544e-02
1.035083792633210154e-01
-2.704718994133201715e-01
1.195423967082931416e-02
-2.427981181065842486e-01
1.575325944075628426e-01
-3.158692626747540144e-01
4.469183446809463778e-01
-4.901452482406181144e-01
