-4.011001598069111607e-01
2.713770795458546603e-01
4.652835604370448852e-01
3.347461848080981461e-01
1.698376648762829344e-01
-1.086330458715788483e-01
-1.911843453207634491e-01
4.633140072629248207e-01
4.906179995156322304e-01
-1.741800269938134083e-01
-1.591317384239765431e-02
-4.265165204460010795e-01
-4.982712077038283782e-01
-3.406162154048941737e-01
2.811311642990751425e-01
-2.948090491735986252e-01
-2.787405134862870337e-01
-3.696369404083321708e-02
-1.755915556933788091e-01
-2.190047869850336726e-01
1.359094476851538946e-01
-3.969309630028937663e-01
4.465215602135912398e-01
-7.228905816501574044e-02
4.205899199111957643e-01
-1.761362351051941610e-01
8.471221567182818379e-02
4.982213132476385198e-01
2.984744146429562095e-01
4.476947375824656961e-01
1.264185676727203056e-01
1.475144513632845600e-01
1.163713661633006824e-01
-3.090298504716830763e-01
-1.049879418334748182e-01
1.366366236200700079e-01
-3.966357608694773829e-01
-1.112294879408958215e-01
4.412888121163168753e-01
2.327932322562157319e-01
1.789583753611857508e-01
-4.295318854654391894e-01
8.096014436822951410e-02
-4.071501506013484040e-01
1.834469372334220916e-01
-3.741288510529872102e-01
-4.041473442077873068e-01
4.881033998596140400e-01
1.321745508239554612e-01
-2.877112327421308402e-01
