-4.453901616615997261e-01
-4.713004507716612723e-01
-4.411240318137296113e-01
4.023823842133045225e-02
1.237385767865454289e-01
6.523690173673180048e-02
-7.957971149537068634e-02
2.979327451570251695e-01
-3.101265621054511978e-01
1.929849558994168879e-01
4.890422545882044947e-02
-4.506563231317939344e-02
-1.180569291113287012e-01
-3.733631077606215376e-01
1.533816922488627776e-01
-3.891875789918752826e-02
2.053880832805324852e-01
-1.691955855147733168e-01
-4.646868398902664898e-01
2.773084119499718003e-01
1.029539926222517998e-01
9.709391679880374770e-02
1.035560395561504476e-01
-4.909789535519214487e-01
-3.665801715172080089e-01
-1.648990841999838919e-01
-2.168649399788868948e-02
7.739287103697334302e-02
3.212885201735585783e-01
3.128505894533535336e-01
4.496822910900585279e-01
-2.004566633440101331e-01
6.484345678579139793e-03
4.448460482385664383e-01
2.834843913320641562e-01
1.476453440997521627e-01
-2.106670099798100271e-01
-8.746528110116225108e-02
2.368284416772342693e-01
-2.724070220208777426e-01
-2.404822354919905480e-01
3.946297351801463238e-01
4.307714924407624046e-03
2.955324618684191940e-01
-3.303387935861558100e-01
-7.086408538050725792e-02
3.188454321794580437e-01
1.940203225249912400e-01
4.157502770907341993e-01
-1.914330644594841591e-01
