1.075572745781253614e-01
-2.333944419710537455e-01
-3.765429643357078859e-01
-2.825642103029750718e-01
-1.308533140578027609e-02
-1.855848557451961200e-01
2.361704702298961234e-01
-3.751181205786729977e-01
1.932415251480782414e-01
3.274718387891526472e-01
-4.225756852406277186e-01
-3.796860661958637584e-01
1.800917726538527885e-01
6.673033517455662089e-02
-2.280546226753166206e-01
1.215691259696255466e-01
1.224183471123343470e-01
4.866727425669873375e-01
-4.169868979762374472e-01
4.034419961602295768e-01
4.670277354035974327e-01
-8.070979206216399859e-02
-1.905348050732984522e-01
-1.461231821819181098e-01
-2.817045576726604494e-01
3.499163455003357903e-01
3.454654035541606660e-01
1.340551981564154227e-01
-3.023581270062282167e-01
1.768307218232167966e-02
3.395070027697876247e-01
2.652693183595469240e-01
4.333503883814128210e-01
4.862383789070542361e-01
3.486437574887877311e-01
1.968937488518507362e-01
-2.131168992530082518e-01
-8.875848436046240852e-02
-3.935173718076434568e-02
1.747363408522195627e-01
2.235558624991131893e-01
3.196179938923204844e-02
-1.490992197872672564e-01
-1.736143832743670679e-01
2.666914208818682575e-02
-3.414213858980138516e-01
-1.038524483794721620e-01
2.968944388179081129e-01
3.113610041746991408e-01
1.998909128948339609e-01
