2.210222975580256044e-02
3.277551009013787153e-01
-4.167431811807891240e-01
7.730087469582180848e-02
1.046610500487360484e-01
-3.341902146798831907e-01
-5.475007454453884037e-02
3.377181165837406240e-01
-1.629490461907671106e-01
-4.147396807028044252e-01
4.473211581123908154e-01
1.004328168109831498e-01
1.366404774884043549e-01
-1.236368471156070736e-01
8.540268657218119674e-02
-1.051368756584014630e-01
-3.899350427149435028e-01
-2.730132315964690637e-01
-3.947446514282962893e-01
2.756630119197853723e-01
3.823955422168234808e-01
3.023202849554225136e-01
1.386620605059882827e-01
-4.074924897943321689e-02
-9.371143425984262976e-02
5.926237115266852484e-03
-3.044335816884938817e-01
-7.288778616758795348e-02
-3.066088976233736219e-01
-9.698288597182069815e-02
3.950243905676456002e-01
4.794455170212350570e-01
-3.837722145982677135e-01
3.528174757008470941e-01
1.143601358311401306e-01
5.848676115293272026e-02
4.023316065744209080e-01
-3.037223814761168539e-01
4.684132691376532431e-01
-4.962063663454431284e-01
3.829136056150733713e-01
2.886599070904081188e-01
-4.354779030299182896e-01
-4.018824799414159044e-01
4.001303078766185184e-01
-4.654520476728293277e-01
3.796274012357254701e-01
4.014846243346040788e-01
1.733410405878847982e-01
-2.077930465338484467e-01
