1.701240008420779937e+00
-1.659762144964884722e+00
-9.479288779778105578e-03
-9.152393744284292865e-01
-1.556165132971645715e+00
1.559840649694183679e+00
1.730409168295383715e+00
-1.437235903940420556e+00
1.303505453581676576e+00
1.566708772334930000e+00
-5.065716987464510268e-01
-1.601741409733432597e-01
-1.442985688219371454e+00
6.215604361705482361e-01
1.735122522417069657e+00
-1.762843142446923750e-01
1.802046790424792100e+00
1.956429737244086198e+00
-1.194796713925490028e+00
1.325962215035461966e+00
5.205702983500417602e-01
1.440389118327029649e+00
-6.469469509626968318e-01
-9.651446377590184866e-01
4.021001332937967909e-01
-2.567597147913520672e-01
1.926345223138599572e+00
-8.953549068912458608e-01
1.385460190494915977e-01
1.759253508991216464e+00
1.702175071573659437e-01
-9.574669800252442187e-01
-3.445273826040073928e-02
1.380214105473992703e+00
-1.943185755059712250e+00
1.728970033635746528e+00
-2.213035191593499817e-01
1.201256759847053601e+00
-1.790616569072084552e+00
-1.188781356383781240e+00
-1.297748976810192190e+00
1.648411160770941741e-01
1.084633408523506315e+00
-4.517412176704298510e-01
-1.427005168085158093e+00
-1.613277360580906095e+00
1.863340093747944515e+00
-4.816375081283177373e-01
-1.807148155339774576e+00
1.647758312202469710e-01
