1.621392570766121644e+00
1.458335585514030086e-01
-1.335915750000407964e+00
1.619317120869483428e+00
1.813967154006117521e+00
1.679798406025771573e+00
-1.547042668900711515e+00
-1.963981714920326471e+00
1.365853692771756833e-01
-2.296763492727418310e-01
3.029536269854049557e-01
-2.312199059859221251e-01
-1.666403092521204332e+00
1.311583673344659751e+00
-9.066772044217659143e-01
-5.708381188051991906e-01
-8.638663946347198141e-01
2.206900793989268195e-01
1.745456449588309589e-01
1.849014561166895554e+00
1.903416935429644852e+00
-6.783804785448115382e-01
3.729699006850646370e-01
1.072405981906846328e+00
-1.587227008060224431e+00
-1.269206773158657153e+00
-7.100335302882965216e-01
-6.325261710230445367e-01
1.547136880794083513e+00
1.169712366817288185e-01
-1.702259918866749100e+00
1.172999671804744182e-01
-1.135918963739732668e-01
1.740996761163483342e+00
2.792992834235574762e-02
1.690188306514253114e-01
-1.275755236951806371e+00
9.501049554300373678e-01
-9.049681265421054555e-01
-1.626601497116564765e+00
-1.707154912855559648e+00
1.848061014883883413e+00
2.243768341285869994e-01
-1.119087135417012213e+00
5.376463576792738230e-01
-5.259760558106130190e-02
3.406370031668743970e-01
1.743185582347530627e+00
-6.487175491544787675e-01
1.726215416145535642e-01
