-1.785780308298842822e+00
1.062181232664659358e+00
-1.109344653503697486e+00
-1.726913432731705722e+00
-7.401668250637243318e-01
-9.111356108608634763e-01
-4.219286189010147403e-01
-1.454630504234076582e+00
-4.857738605004975341e-01
3.868571022357518707e-01
1.992164549867645462e+00
2.987437434870985342e-01
-6.946111682775373275e-01
1.746277381105068915e+00
3.739511444101926152e-01
-8.518659069456098187e-01
-1.956753679586344496e+00
-5.079271100302480413e-01
1.156673635016192137e-01
4.891897221788510386e-01
-9.270050016175304108e-01
8.996429574862152556e-01
1.339300026289620416e+00
-6.458890399728121068e-01
1.490793855409348723e+00
1.765701876313254370e+00
1.960975819977448964e+00
1.636616009561080443e+00
1.670133884717739825e+00
-3.960890225624300598e-01
1.651421316834622566e+00
-1.410926420213324040e+00
6.687546524414500482e-03
8.368698268159771025e-01
9.171153334836632531e-01
1.996065128091741858e+00
1.277963467231368000e+00
4.673856917699747981e-02
4.744159315540397159e-01
4.017666522426406317e-01
-1.301901265933020024e+00
3.919139008151000247e-01
-7.597026978899004135e-01
-1.595681082941002416e+00
6.061976636473760394e-01
1.886317505470137323e+00
5.031107960694378711e-01
-2.200096806517128911e-01
1.680102102844116985e+00
9.257210277206393556e-01
