-5.729710860227053004e-01
7.732190695075620290e-01
1.715255412464851137e+00
1.687017316778627318e+00
-9.910547976797854375e-01
1.448995674069429640e+00
1.892126613944451474e+00
1.352375368599536998e+00
-1.315432934208888405e+00
-1.697119785679527038e+00
-1.168907674627006621e-01
1.519873836831593827e+00
-7.628255698981782906e-01
-1.892737321792323790e-01
-7.591526835487671931e-02
1.056450653622598157e+00
1.097120850294598604e+00
-1.685296459040611428e+00
1.186680520093330582e+00
-8.921788065318527750e-01
1.767147419395077801e+00
-1.581013125050508616e+00
-1.842431620533757197e+00
-1.107062100686556416e+00
1.638777689128125381e+00
4.535361494248126846e-01
-1.316693168985794582e+00
8.273227236037810073e-01
3.842813099798014775e-01
-1.560467204078166414e+00
9.576481430171872589e-01
-4.825800083947457964e-01
1.197284071104896430e+00
1.415069183418515397e+00
-2.546001077258974732e-01
-1.484928498598149460e+00
1.019919881178615206e+00
6.021755257467056310e-01
1.365638252676286246e+00
1.829624588903040028e+00
-1.075075636046338712e+00
-6.044530041468827442e-01
8.493690928024948406e-01
-1.473585111889901711e+00
-9.736868992114899868e-03
1.691609782195771849e+00
1.451180973425319376e+00
1.757290278153417873e+00
1.400852797954057927e+00
7.288154850399113371e-01
