-1.824465997302471720e+00
-1.827889642302533257e+00
6.754390558983298654e-01
5.081483962766015772e-01
1.262302069599176679e+00
1.937801646970691127e+00
1.323138704799774246e+00
2.925480707599863450e-01
-8.751865869284620736e-01
3.316594126739245141e-01
8.232572109580162945e-01
-1.609443566090322797e-01
1.393077048903267556e+00
-8.766147420723959804e-01
-6.156190489498110097e-01
-9.315286535862332684e-01
-7.471565444170544801e-01
-3.257419741924363343e-01
1.473140927504184461e+00
1.162941136849443780e+00
6.917980378025512245e-01
-7.533112261734271620e-01
1.495253078192549712e+00
9.944063904487947525e-01
-4.507820902425416776e-01
-1.629226119465144507e+00
4.197289303460522980e-01
2.153242089072016086e-01
2.751838926258893814e-01
-1.935147893968440336e+00
-1.521581881994260144e+00
-1.241817851136906903e+00
1.806465966750123719e+00
1.041228196836291975e+00
1.541541632858028699e+00
-8.305614120924507127e-01
1.421327301916597285e-01
1.438859880176554640e+00
1.417885286124492605e+00
-1.241972042574857937e+00
1.334456898820330029e+00
1.069797691771594117e+00
-1.669986611593775816e+00
1.681922986807712572e+00
-4.009891673754317765e-03
-7.447447284245760635e-01
-3.535702672469169805e-01
-8.928273135434556806e-01
-3.502523913303066116e-01
-8.390094990169778555e-01
