9.272770334743718479e-01
-1.552108280701745446e+00
1.769942536009912804e+00
1.942626563725940336e+00
2.637804463392621201e-01
-1.814776226729351016e-01
-4.088720403692733818e-01
-8.110770440529999625e-01
1.912290103394759022e+00
-3.149117912259984386e-01
9.609737782693308361e-01
-4.863888519362897789e-01
-1.008044055010905993e-01
-6.601002879294144421e-01
-1.424927018954512903e+00
1.857794383604467470e+00
-1.139753316375724523e+00
-5.021540207831387548e-01
3.839139057215614770e-01
1.389116935946210774e-01
5.669929692942878852e-01
-7.751598916864166355e-02
9.887898187702801600e-01
1.706605180073599293e-01
-3.349298872090344936e-01
-1.177287138450726189e+00
1.857586931617394299e-01
-9.905791820534499692e-01
-1.026976773577663593e+00
-1.949659756026775437e+00
1.457643271901075899e+00
-1.410461156540270267e+00
-1.141212426475670227e+00
9.702754842137988334e-01
1.663986218013770557e+00
6.427545909017955417e-01
-1.280765457753128445e+00
1.705848088687410780e+00
-1.836989769213249524e+00
2.789780043537497534e-01
7.154768895507936932e-01
6.908428200391063534e-01
1.247433356569307428e+00
5.326680994046029127e-02
-1.651304514129280587e+00
1.792530120336234045e+00
1.110904273688478661e+00
1.235823759212420825e+00
1.632573162621686613e-01
-1.413685621273434112e+00
