-9.873347532155043460e-01
-8.425178182510872915e-03
4.433946035958533649e-01
-1.517260107385054013e+00
1.201024481458867310e+00
1.961683940670118531e+00
7.019825644217583260e-01
1.776164256738172575e+00
1.418048733699107444e+00
7.694355329407400745e-01
1.290657372792271218e+00
1.816115408775685669e+00
-4.473994837045442985e-01
1.476246842879200383e+00
1.459149986474971961e+00
1.239474985045366573e+00
1.797318470762456766e+00
1.992822632493771007e+00
5.052426518233250619e-01
1.158170486817507783e+00
3.863945774445376458e-01
1.694510181956388806e+00
-4.168459302572378178e-01
7.535178961919575258e-02
1.327454406106725049e+00
1.602353757507124055e+00
1.974427444021042533e+00
-2.492654135187675202e-01
-1.044443081604876866e+00
-1.304261625882987996e+00
-1.479720106798127155e+00
-1.958281320112003066e-01
1.124784870413593207e+00
6.236540265724359600e-01
4.941023517998797132e-01
-6.060339493648445597e-01
7.483719998000726292e-01
1.960903182166729763e+00
-1.979782354083262419e+00
1.336630176839667783e+00
7.992971881701333992e-01
1.911063058912679580e+00
-1.632058646404006108e+00
1.884426640743879222e+00
-9.121322520595431804e-01
9.191851766424696812e-01
-2.410376882753304528e-01
-1.667867613458474008e+00
1.888232432140369621e+00
1.226724387294909402e+00
