-1.976615416888257037e+00
-1.194816490172175172e+00
-6.660142195785896391e-01
1.083389788863590830e+00
-1.505936827116821863e+00
-7.103211353168088493e-01
1.727870368695179959e+00
-1.288965540726274561e-01
-5.290397679088929550e-01
-3.360319440532881785e-01
-3.415753957286153941e-01
8.003811104798370657e-01
-1.433381958114679833e+00
1.684001025762135395e+00
-1.609079696728350495e+00
-5.260633972786270540e-01
1.891131450534070169e+00
1.865020850710361611e+00
-1.153487532429327000e+00
1.159235421273994149e-01
-8.657404811720157412e-01
8.455130279673097604e-01
1.014231025274156206e+00
6.437600674251564570e-02
-1.861940637829352152e+00
6.146127424384539850e-02
1.351634274876600372e+00
-1.335446873055229133e+00
-9.391447424667846988e-01
6.856152339336269996e-01
2.033936789861958694e-01
3.130315211559184796e-01
1.711448867874216795e+00
1.447168982893342726e+00
-1.916161781733372038e+00
-1.124405045266200442e+00
7.883366708260468592e-01
1.387077154002645862e+00
1.480484751075442862e+00
-6.360913234377743031e-01
-1.780242893286315908e+00
-2.904898707081744469e-01
-1.445231033072695848e+00
-9.249345356988394329e-01
1.948012415694106991e-01
-1.876646917951522830e+00
-3.166619553829939093e-01
2.653897856198894623e-01
1.091029500613391434e+00
1.197483425685614833e+00
