1.664234099752039953e-01
1.480864430946789323e+00
-2.819623373211768147e-01
-1.588458592459712104e+00
9.445749095874615975e-01
9.536173204598012987e-01
8.983626024765003493e-01
6.614217461835751877e-01
5.461178410402935945e-01
7.591067437607224022e-02
8.322721883923307473e-01
-1.970008002382975576e+00
1.003606753364731485e+00
-3.657814228143254631e-01
-8.477202662260800992e-01
-9.771169404554886917e-01
-4.623874753129908477e-01
4.228518019464280187e-01
1.123051189921620008e-02
1.900531490764475695e+00
9.359486787914983452e-01
1.591218481720318323e+00
-7.300693012556083161e-01
1.362452659199028027e+00
1.244811306574278298e-01
1.370694069323663555e+00
-4.488125954289374775e-01
-1.120374968264173265e+00
1.970878642854848373e+00
1.661423317500228425e+00
-8.892325908447529237e-01
4.351348471854747935e-01
-4.150508543860742527e-01
-5.101724264789240237e-01
-1.730194598395222716e+00
-1.586406313849476835e+00
-5.779089404882795655e-01
8.773331859597024440e-01
-8.770925835715410734e-01
1.509581072262986989e+00
1.981002125268404690e+00
9.061854149003862879e-01
-1.842128665984210212e+00
-2.065035995488444520e-01
1.456168344179507024e-01
9.450448583854185181e-01
-9.079511731106326700e-01
-1.762482090178935312e+00
-1.397005078431886815e+00
8.368885206356591056e-02
