-9.119144350151482392e-01
-1.465365638602265985e+00
-2.566524455141769856e-01
-3.497741166472980723e-01
-9.729432169468852365e-01
1.816401947299953967e+00
-6.693383871782687677e-01
-4.160727589984043462e-01
1.567484552822500099e+00
-7.555114399585733942e-01
-7.783373271524371972e-01
6.217517632340872069e-01
-6.817921520793044365e-01
-1.032349234317593289e+00
-7.545148529343586041e-01
1.181226962270147229e+00
1.703301397597091427e+00
-1.393920801068998738e+00
-1.991978155515546245e+00
-1.847288282809643523e+00
1.080051791649976778e+00
1.084233706484903692e+00
1.939471601013289082e+00
1.349849705861492222e+00
1.303528881003205964e+00
1.691419072861843009e+00
-1.046465503103223060e+00
-7.388640448659522519e-01
-3.146389218521186137e-01
-1.849390354629393052e+00
-1.983983236323563659e+00
3.422620265584854771e-01
6.003125324530822482e-01
-1.327043259721768731e+00
-1.201835963568474774e+00
-1.842928228060764617e+00
-1.868249692753125579e-01
-1.679874808127819641e+00
-1.015845852718192166e+00
1.715708415208585524e+00
-6.029575234628237190e-01
-4.609133323007603700e-01
-1.846442765991769264e+00
-4.234497671498940186e-01
9.852931467137895361e-01
7.985324603897279161e-01
9.576213266424113968e-01
-1.879859660791603826e+00
-7.076388264110167192e-01
-1.392764982474098634e+00
