4.730790917849196919e-01
2.324307711044241165e-01
-3.193069292139970594e-01
-8.727346219477127853e-02
2.723712379374080284e-01
3.283461814204483575e-01
1.615170682750085573e-01
-4.400862736531691022e-01
3.051112274966177873e-01
4.445676158870114358e-01
-1.069041928512509676e-01
2.122605816850610116e-01
4.499830116352034892e-01
-1.116747119183832959e-01
3.445057869988366051e-01
-3.349150743555429077e-02
-8.274950897319766074e-02
-4.691283822937970527e-01
-2.094203740500293343e-01
4.363997144006148687e-02
-4.630702572477430889e-01
1.899004444799312630e-01
4.208557099539473878e-01
2.266223095823641787e-01
-4.369373194603617394e-01
-3.119715810275084378e-01
1.332803743212429559e-03
9.438703825589533913e-03
-2.223634409447748927e-01
5.127705095606560626e-03
1.515690721013578379e-01
4.903097359407474487e-01
-1.218805387473045343e-01
-4.571461302954213934e-01
1.983115810455184924e-01
-4.610453017777360607e-02
-2.692189225324755908e-01
3.156474549085241943e-01
-2.461079388268649915e-01
1.474195191680395256e-01
1.422834456386689039e-01
4.525627442402446743e-01
3.251813928477317317e-01
4.243377334410515234e-01
2.011251970700947966e-01
3.764492693173038251e-01
1.623446059073324621e-01
4.224493407897336184e-01
4.651694215562279799e-01
-2.521088712764352202e-02
