-3.071817637390605871e-01
1.594592695279762884e-01
-4.484994804128450419e-02
-4.098209481778387619e-01
4.733837572497179291e-02
1.873471023973960481e-02
2.648396591595633121e-01
-2.858140752099097570e-01
-2.148374073964549602e-01
2.796448124811160563e-01
3.236533725400094763e-01
-1.033563157948735878e-02
4.035690065923450698e-01
-4.163304489610619719e-02
3.013865141565986727e-01
1.459267930099814592e-01
6.701458839750118468e-02
2.447184643752873257e-01
-2.038208317185874474e-02
-1.763886547146029660e-01
7.283909563151891309e-02
-2.272218770847421743e-01
2.753968673260442923e-02
-3.435519162971956142e-01
-4.929840125573859977e-01
2.317884196262128826e-01
8.452047169898868617e-02
-4.261813160087091212e-01
2.191520617714135533e-01
1.820099258197676040e-01
3.232124252215088367e-01
-2.664866678480719564e-01
3.445501976549579792e-01
-2.455110762318358786e-01
3.490685856457473868e-01
2.843100212019844530e-01
1.086591800758776039e-01
-4.482266397229069943e-01
2.243728714840170779e-01
-3.177386396227397380e-01
-2.207757605169661241e-01
3.857739262569011007e-01
-1.970992539169170721e-01
-2.227851280170332071e-01
-1.361439948818027323e-01
-4.853736868546932870e-01
-1.695292934110177452e-01
4.624195839415793374e-01
2.116609540230847131e-01
-1.889656122426622842e-01
