3.856761077858169573e-01
-2.951598246168845030e-01
-2.508048067233525913e-01
-1.701387762436753492e-01
-1.179522865633209072e-01
4.062156330678989846e-01
2.527846338033059581e-01
-3.713230666125311163e-01
-2.289548007125141726e-02
5.144906636432855507e-03
2.422304306319321698e-01
-2.551336545342600681e-01
3.156793141911724554e-01
1.039723495372421036e-01
9.903494717622940424e-02
-1.669330975638313452e-01
-3.785760957208144095e-01
4.086120217183938363e-01
2.375021899389255786e-01
2.075789944439514478e-01
-2.462756351383987852e-02
1.251216183523119474e-01
4.255260749500152651e-01
1.449614981757516574e-01
-2.713747981790309849e-01
-1.529966480943190099e-02
3.159436070994137147e-02
-4.637453249817572454e-01
3.071953153959013916e-01
-4.834458958776796100e-01
-1.006364604261400508e-02
-1.114019400514471014e-01
2.492156358083932322e-01
2.787185066650084142e-01
3.209614546502810306e-01
-3.442671935694401331e-01
2.181185452060552254e-01
-3.499655405061221636e-01
4.408387701965001959e-01
3.556767550174879666e-01
-3.797121839913323305e-01
-1.950701929173681570e-02
-4.213849787985999296e-01
3.951828489142688028e-01
-1.023706662855657923e-01
-3.497337304590433238e-01
6.358575758917250909e-02
4.250148840314224019e-01
7.283884425728570644e-02
1.820410316261701356e-01
