2.475771928482816131e-01
1.141267705236461705e-01
-3.772163822746155137e-01
3.353970078902396290e-01
-4.138655157151179820e-01
-1.817897852046503893e-01
2.102731297475812777e-02
-2.945082023277457717e-01
-1.081957124713691654e-01
-5.398285416123949076e-02
-4.129915943653961197e-02
-4.426541449258004635e-01
4.531456404976915708e-01
-4.810710489940861478e-03
1.144658971146879090e-01
4.765591327805743793e-01
1.545278020208076253e-01
2.103651624319650137e-01
-9.651869451206041006e-02
-1.012474697191951822e-01
-1.442234127994612702e-01
1.161392036168977793e-01
6.413770869336476999e-02
4.145279081886339423e-01
-1.995670743894450982e-01
-1.023975105768852867e-01
-4.259096324660600619e-01
2.799580794423053298e-01
-4.617767429825617720e-01
1.929152404482076255e-01
-2.662799232021587637e-01
-4.740125814189789510e-01
-6.046535584303680544e-03
-5.692516356990662274e-02
3.913179748038730921e-02
4.475104604511798145e-01
8.633361794461114069e-02
-7.829137984417200435e-03
-1.162177556504921938e-01
-2.377966573267024097e-01
-4.245524597695132796e-01
-2.088321139250370884e-01
-4.110680554520639296e-01
-4.090199638625164891e-01
-4.771243763973932461e-01
-3.221777452978205059e-01
-2.936839759752041257e-02
3.067077274632290518e-01
1.689651594668892809e-01
-3.721753274586625526e-02
