4.913546006486413376e-02
-3.089106751215845437e-01
-3.423623994790504499e-01
-4.749229394289570250e-01
4.806118660534762776e-01
-4.268024846163065433e-01
3.403521091809783572e-01
4.700953147877784399e-01
-4.177111342330640520e-01
4.240258487913810548e-01
3.677424570147631577e-01
-1.257050053465692541e-01
-9.367065035998856093e-02
2.343332152952849468e-01
-1.266873833630266510e-02
4.208036601665107179e-01
1.555337452770756412e-01
-2.560392323231455158e-01
-6.920097231323696363e-02
2.165599688720047933e-01
-3.138818426453700017e-01
-8.564839394831591513e-02
8.605006393085312677e-02
-5.845212732662186106e-02
1.068815212306137852e-01
2.179976285632988509e-01
3.536273840055671469e-01
-3.551579863817949656e-01
-3.093898752645822814e-01
6.247243321040873987e-03
1.713511302379276957e-01
1.424997340437189619e-01
-5.887005637671538505e-02
3.402441307584405106e-01
2.444528938126244721e-01
2.762090930916665243e-01
-2.511818487095135444e-01
1.865855660950643813e-02
3.337994288181044267e-01
4.822725571771968589e-01
3.119875679033743410e-01
-3.785840631019743441e-02
1.920660396036319995e-01
1.184996542502001482e-01
-4.472011600308063439e-01
-3.660906033360131762e-01
3.826588761870298727e-01
3.164082213177177305e-02
1.389744777258573594e-01
2.963337334908587861e-01
