-4.229291315570251619e-01
7.063078761921415261e-02
4.889746733242874566e-01
-3.575083859773283690e-01
5.664717188324097652e-02
2.317994187121689142e-01
-3.578262556121422078e-01
4.848383167766039392e-01
3.338621284008193024e-01
-4.832462682389050412e-01
4.935268092954636643e-01
4.935290610915071818e-01
-1.450971264076464928e-01
-2.236169321586199965e-01
4.564897058181991429e-01
-1.696086072985880655e-02
-1.320682867284762585e-01
4.822596964681178378e-01
3.905239591271858490e-02
7.998893135828744061e-02
9.247551346513338544e-03
-9.735653467866745014e-02
-3.449320755674463168e-01
3.525791613482566200e-01
-3.305132948559772466e-01
2.746427912882418720e-01
4.052912424619748988e-01
-4.825976865929459958e-02
3.270953230025243075e-01
2.047445803506510176e-01
-4.910550959605258781e-01
2.675107732846729869e-01
3.486584151031957290e-02
-2.026412815916295296e-01
-3.940072888609991164e-02
-1.190325606597286701e-02
5.590640623681197852e-03
-1.415716315758052124e-01
1.933027869413335154e-01
3.200780095640098910e-02
1.713843678907494006e-01
-2.149885318231861131e-01
6.703916858413316859e-03
-3.515659545838467626e-01
4.698732631239702640e-01
-2.964363981636692902e-01
-3.892048752934768041e-01
2.368813147399329022e-01
2.240332414596091226e-02
-2.162064961499732263e-01
