-3.655440139382961640e-01
-2.283997478179924379e-01
-7.256869330776505311e-02
-3.615774051215203677e-01
4.789985119854001105e-02
1.668248081098331337e-01
3.911100395850114486e-01
1.361518390403354539e-01
-2.866882570875355363e-01
3.331676081036027970e-01
1.382441949401191916e-02
-2.011826124822120310e-01
-3.547872344633796748e-01
-4.289028545561601735e-01
4.354268786978693351e-01
4.246126454179909304e-01
-7.012938736333518275e-02
1.587478138580292741e-01
4.203684726339620426e-01
-4.462980229499180496e-01
-9.064523987236527969e-02
-1.166438368669977521e-01
4.111485453146128677e-01
-1.215415186496346944e-01
2.114486585220711756e-01
-8.533017212295934684e-02
-4.221875311699958555e-01
-1.349907688750260348e-01
-3.453065112338461473e-01
2.515122703898088341e-01
3.758068215711349858e-01
-4.126346483115551633e-01
1.039820361327883358e-01
2.361403090613538591e-01
-3.867653512262513305e-01
3.226594470188115515e-01
2.884951252571262836e-01
-2.986750203873030918e-01
-3.106646425766208530e-01
-1.556112586023211675e-01
3.264114292894514380e-01
4.356609209610154965e-01
-9.993829603723858312e-02
1.371579020658726389e-01
-2.283440061592219017e-01
1.742695338949924455e-01
5.052298420991274686e-02
4.796795311695364328e-01
-3.284907753216707027e-01
-3.008120791861222942e-01
