3.661733136051980031e-01
4.715044528754119835e-01
-1.769453488501500082e-01
2.974291944500051521e-01
-2.192871243219809418e-01
-3.966033150936685292e-01
8.729270341072292716e-02
4.631610259965857068e-01
-7.277458832439387404e-02
-4.148996220014666836e-01
3.496558780710051773e-01
9.450540542482155359e-02
1.105272982186211728e-03
-4.106722512841154415e-01
-2.176525856474400555e-01
-3.248552335855892093e-02
2.494439820293681276e-02
9.820761805945565914e-02
1.473788055686262588e-01
3.381704413420990596e-01
2.673385219986319505e-01
-2.799737574679390661e-01
-2.892384940139989258e-01
4.493563972693949138e-01
-1.136829139616464257e-01
3.224203728101264765e-01
-3.863068611295391586e-01
-4.157944612623347691e-01
1.651861755007698607e-01
-3.489343999765576187e-01
1.089918006146405327e-01
-2.350417126057120498e-01
2.066340131632746768e-01
2.864226882178922962e-01
4.425381874811206151e-01
3.995401893742550614e-01
3.568539006917277323e-01
2.923511213500984418e-01
-4.522443294964997307e-01
-2.480709292563190171e-01
-1.262450670555527177e-01
4.673704671091992724e-01
1.376753638630648924e-01
-3.786220889006567392e-01
-3.627167471133438958e-01
3.838011961180518572e-01
3.013440732028986879e-01
-2.356716793270665633e-01
-1.374990014243981928e-02
-2.121929902027596127e-01
