1.215112332895820213e-01
-2.613562023488169572e-02
-3.246783666044054106e-01
-3.243922271290256010e-01
-4.801674113496264829e-01
-4.021017005693201529e-01
7.825609929781152108e-02
2.635056233452688357e-01
-4.415562732653532940e-02
2.086551014301651907e-02
3.002773425563700638e-01
-4.497614833484183672e-01
-4.550481678067140878e-01
4.683392905324146316e-01
7.949086631985347040e-02
2.180636329656419070e-01
-2.670597500606379793e-01
-1.245074692665020244e-01
4.744726996464336821e-01
4.613546213731943846e-01
-1.432369597599488786e-01
4.695420158446691472e-01
-3.692076926850055285e-01
-3.205477519048709478e-01
-6.397400904497041463e-02
-2.883507640003818429e-01
1.793036192865787859e-01
-2.308262378201693110e-01
3.065796275156971173e-01
-2.069433435699554735e-01
-4.255174829172333473e-01
2.882340042201491093e-01
3.827550374075450179e-03
-1.213285381916084926e-02
-2.369618748773848482e-01
2.959077101336728965e-01
3.525689905756858034e-01
3.308150374756626544e-01
4.858956222794875712e-01
2.317902404220115731e-01
-2.178688902495716784e-01
4.365475259497995086e-01
1.361887360422484594e-01
-3.938752867314468942e-01
4.579522867118395180e-01
-1.530063375921957292e-01
3.348514975459374599e-01
4.005396023435237041e-02
-9.929602315288965642e-02
3.784862892612457230e-01
