-2.977644201626011844e-01
1.672436173637968926e-01
2.595347792030550105e-01
3.392457210413915014e-01
-1.048562158265509137e-01
-1.742820593369450721e-01
-1.206518968459550090e-01
4.101100819964492716e-01
3.251986096940089332e-01
-3.498317576999422363e-01
-3.284848185014268562e-01
-4.879033036317481642e-01
-4.803339629387703980e-01
-3.549231233603004076e-01
-4.692468441968300485e-01
2.824378236031492850e-01
-2.987249955461996898e-01
-8.070376371405585392e-02
-9.572024583645366569e-02
1.472713056378089913e-01
2.778721441337642650e-01
3.252441291319805305e-01
4.593163960510738830e-01
2.100520897518103336e-01
4.798852592218555424e-01
3.130994311838841693e-02
4.973126022830480775e-01
-3.497271113594385694e-01
-1.898903522117267872e-01
7.181988256493276879e-02
4.397985467837601803e-01
-4.094995958689088278e-01
-3.730690255099261554e-01
1.226541820964062168e-01
-2.495774156230722296e-01
2.195718461626963158e-01
-1.277055143612847443e-01
-1.415040616231052484e-01
3.234805747517172092e-01
4.452473521377516841e-01
4.250702407356368173e-01
4.991053951208523909e-02
2.380238188221872608e-01
-1.947663721132140147e-01
-1.490612711833944060e-01
-3.394476631356857510e-02
-1.241949814940987995e-01
1.075479284455255202e-01
3.182572505453050704e-01
7.117449116360452521e-02
