0.000000000000000000e+00,0.000000000000000000e+00,1.657478300628362433e+00,1.608519115414271727e+00,0.000000000000000000e+00,0.000000000000000000e+00,0.000000000000000000e+00,0.000000000000000000e+00,0.000000000000000000e+00,0.000000000000000000e+00
1.621407001826567384e+00,0.000000000000000000e+00,0.000000000000000000e+00,0.000000000000000000e+00,6.803984329831993527e-01,0.000000000000000000e+00,-1.660755124309467146e+00,0.000000000000000000e+00,1.783531051881280138e+00,0.000000000000000000e+00
0.000000000000000000e+00,0.000000000000000000e+00,0.000000000000000000e+00,9.442147466021307833e-01,0.000000000000000000e+00,0.000000000000000000e+00,0.000000000000000000e+00,0.000000000000000000e+00,0.000000000000000000e+00,0.000000000000000000e+00
0.000000000000000000e+00,0.000000000000000000e+00,0.000000000000000000e+00,0.000000000000000000e+00,0.000000000000000000e+00,0.000000000000000000e+00,0.000000000000000000e+00,0.000000000000000000e+00,0.000000000000000000e+00,0.000000000000000000e+00
0.000000000000000000e+00,0.000000000000000000e+00,0.000000000000000000e+00,0.000000000000000000e+00,0.000000000000000000e+00,0.000000000000000000e+00,0.000000000000000000e+00,0.000000000000000000e+00,0.000000000000000000e+00,5.135477104109755775e-01
0.000000000000000000e+00,0.000000000000000000e+00,1.181750017580615264e+00,6.410461222013401628e-01,0.000000000000000000e+00,0.000000000000000000e+00,0.000000000000000000e+00,0.000000000000000000e+00,0.000000000000000000e+00,0.000000000000000000e+00
0.000000000000000000e+00,0.000000000000000000e+00,0.000000000000000000e+00,0.000000000000000000e+00,0.000000000000000000e+00,0.000000000000000000e+00,0.000000000000000000e+00,0.000000000000000000e+00,0.000000000000000000e+00,0.000000000000000000e+00
7.531307116501595456e-01,0.000000000000000000e+00,-1.370874606654661321e+00,1.310869416070508109e+00,0.000000000000000000e+00,6.441650985480259495e-01,-6.774770062785964164e-01,0.000000000000000000e+00,0.000000000000000000e+00,0.000000000000000000e+00
0.000000000000000000e+00,0.000000000000000000e+00,0.000000000000000000e+00,-1.164001362873873013e+00,0.000000000000000000e+00,1.522294596686832424e+00,0.000000000000000000e+00,0.000000000000000000e+00,0.000000000000000000e+00,-1.987562287772531633e+00
0.000000000000000000e+00,0.000000000000000000e+00,8.752011565055635156e-01,0.000000000000000000e+00,0.000000000000000000e+00,0.000000000000000000e+00,-1.493875063430055050e+00,0.000000000000000000e+00,0.000000000000000000e+00,0.000000000000000000e+00
