0.000000000000000000e+00,0.000000000000000000e+00,0.000000000000000000e+00,0.000000000000000000e+00,0.000000000000000000e+00,0.000000000000000000e+00,-1.630160184507490451e+00,0.000000000000000000e+00,5.422799433869620600e-01,0.000000000000000000e+00
9.193638904796030964e-01,0.000000000000000000e+00,0.000000000000000000e+00,0.000000000000000000e+00,0.000000000000000000e+00,0.000000000000000000e+00,0.000000000000000000e+00,-1.565993497265238510e+00,0.000000000000000000e+00,0.000000000000000000e+00
0.000000000000000000e+00,0.000000000000000000e+00,0.000000000000000000e+00,0.000000000000000000e+00,0.000000000000000000e+00,0.000000000000000000e+00,0.000000000000000000e+00,-1.636045814223595629e+00,-1.408845598545592326e+00,0.000000000000000000e+00
0.000000000000000000e+00,0.000000000000000000e+00,0.000000000000000000e+00,0.000000000000000000e+00,0.000000000000000000e+00,0.000000000000000000e+00,0.000000000000000000e+00,0.000000000000000000e+00,0.000000000000000000e+00,0.000000000000000000e+00
0.000000000000000000e+00,0.000000000000000000e+00,0.000000000000000000e+00,8.754972140127781355e-01,0.000000000000000000e+00,0.000000000000000000e+00,1.199751877350095697e+00,1.699551923110667273e+00,0.000000000000000000e+00,0.000000000000000000e+00
0.000000000000000000e+00,0.000000000000000000e+00,0.000000000000000000e+00,0.000000000000000000e+00,-1.516842709034728287e+00,0.000000000000000000e+00,8.895632469934792175e-01,0.000000000000000000e+00,0.000000000000000000e+00,0.000000000000000000e+00
0.000000000000000000e+00,0.000000000000000000e+00,0.000000000000000000e+00,1.742450064811566612e+00,0.000000000000000000e+00,0.000000000000000000e+00,0.000000000000000000e+00,5.363477194055397135e-01,1.826814632111437575e+00,0.000000000000000000e+00
0.000000000000000000e+00,0.000000000000000000e+00,0.000000000000000000e+00,0.000000000000000000e+00,0.000000000000000000e+00,0.000000000000000000e+00,0.000000000000000000e+00,0.000000000000000000e+00,0.000000000000000000e+00,0.000000000000000000e+00
0.000000000000000000e+00,0.000000000000000000e+00,0.000000000000000000e+00,1.553712361457437741e+00,0.000000000000000000e+00,0.000000000000000000e+00,0.000000000000000000e+00,1.542443386602066591e+00,0.000000000000000000e+00,0.000000000000000000e+00
0.000000000000000000e+00,-1.496266449526040709e+00,0.000000000000000000e+00,0.000000000000000000e+00,0.000000000000000000e+00,-1.487676406303754195e+00,-1.256616231362196467e+00,0.000000000000000000e+00,-8.968971661996394396e-01,0.000000000000000000e+00
