0.000000000000000000e+00,0.000000000000000000e+00,0.000000000000000000e+00,0.000000000000000000e+00,8.442728193739917897e-01,0.000000000000000000e+00,0.000000000000000000e+00,0.000000000000000000e+00,1.955659816317040001e+00,0.000000000000000000e+00
-6.412342560234782773e-01,0.000000000000000000e+00,0.000000000000000000e+00,0.000000000000000000e+00,0.000000000000000000e+00,7.749475897929027912e-01,-5.225309088103995414e-01,1.780519170713889210e+00,0.000000000000000000e+00,0.000000000000000000e+00
0.000000000000000000e+00,-1.869051733457764319e+00,0.000000000000000000e+00,8.310531025473313349e-01,0.000000000000000000e+00,0.000000000000000000e+00,9.393867211338009504e-01,8.704368281736741819e-01,-1.785238344550100997e+00,0.000000000000000000e+00
0.000000000000000000e+00,0.000000000000000000e+00,0.000000000000000000e+00,0.000000000000000000e+00,-1.138284252183675793e+00,0.000000000000000000e+00,0.000000000000000000e+00,0.000000000000000000e+00,0.000000000000000000e+00,0.000000000000000000e+00
0.000000000000000000e+00,0.000000000000000000e+00,0.000000000000000000e+00,0.000000000000000000e+00,0.000000000000000000e+00,0.000000000000000000e+00,0.000000000000000000e+00,0.000000000000000000e+00,0.000000000000000000e+00,0.000000000000000000e+00
1.946744231220289834e+00,0.000000000000000000e+00,0.000000000000000000e+00,-1.954739207842165039e+00,0.000000000000000000e+00,0.000000000000000000e+00,1.218154222572826573e+00,0.000000000000000000e+00,0.000000000000000000e+00,0.000000000000000000e+00
0.000000000000000000e+00,0.000000000000000000e+00,0.000000000000000000e+00,0.000000000000000000e+00,1.000731399844234648e+00,0.000000000000000000e+00,0.000000000000000000e+00,0.000000000000000000e+00,0.000000000000000000e+00,0.000000000000000000e+00
0.000000000000000000e+00,0.000000000000000000e+00,0.000000000000000000e+00,0.000000000000000000e+00,0.000000000000000000e+00,0.000000000000000000e+00,0.000000000000000000e+00,0.000000000000000000e+00,0.000000000000000000e+00,0.000000000000000000e+00
0.000000000000000000e+00,0.000000000000000000e+00,0.000000000000000000e+00,-1.995073289053074017e+00,0.000000000000000000e+00,0.000000000000000000e+00,0.000000000000000000e+00,0.000000000000000000e+00,0.000000000000000000e+00,0.000000000000000000e+00
0.000000000000000000e+00,0.000000000000000000e+00,0.000000000000000000e+00,-1.829514876512708721e+00,0.000000000000000000e+00,-1.002736394586094981e+00,1.318802450402070559e+00,0.000000000000000000e+00,0.000000000000000000e+00,0.000000000000000000e+00
