1.287499391333015719e+00
1.694573118815490886e+00
-1.215105329958499958e+00
-9.239919869046238077e-01
4.136118909150598988e-01
1.472544624202920538e+00
-6.825770675181077607e-01
-1.740969524198630491e+00
-9.231782065782558888e-01
-2.888800855791018307e-02
1.735726755487726702e+00
6.619549493658838379e-01
1.214591891151458380e+00
-6.291587580426618587e-01
1.834146427976484084e-01
-1.988921872837934313e+00
1.884502510883354631e-01
-1.816891732077916100e+00
-5.457068622118841361e-01
1.336105889457673612e+00
