-6.023944105544201122e-01
-5.800955487167964719e-01
7.193860207371964854e-01
-1.457141881244999215e+00
1.363207114374159534e+00
-1.269012276931372085e+00
-5.436356633638874669e-01
1.203799898207962293e-01
-7.521838244296734644e-01
3.549890481715367585e-01
-8.638947407509860454e-01
1.062331815548311464e+00
-1.331079891291651052e-01
1.234902437415269283e+00
1.159220432972814852e+00
2.309257347624127377e-02
-1.896919081239407667e-01
1.727326153620526661e+00
1.455476698579306838e+00
2.701991108435328748e-01
