-2.945935941298984950e-01
1.053957080367291077e+00
1.526841266903758765e+00
-9.097835252223176461e-01
-1.339659930098990426e+00
-1.571819553111181378e+00
-1.739181922809425629e+00
-1.446418324107522135e+00
-1.651526370824725198e+00
-3.964312493158552719e-01
1.569484241333638952e+00
-8.602161494714977152e-01
1.455562820434691762e+00
6.783551196381170101e-01
-2.448348246193363664e-01
-1.669192369363581729e+00
1.283070862717758942e-01
3.565271102271116987e-01
-1.750456021532187378e-01
4.871943126024276260e-01
