-1.124366854755050049e-01
-1.093796304563040778e+00
-1.843434735338330022e+00
-1.133890576967751418e+00
1.485867134505793441e+00
1.699080187747047166e+00
1.462490395565995360e+00
-1.361157931985451430e+00
8.701722099523778731e-01
-8.219161758580124655e-01
1.084298708009129975e+00
6.412637882986103044e-01
8.567523061956938690e-02
-7.973996317568770031e-01
-3.423725568502042904e-01
-1.820994492407427501e+00
1.712659326297085283e+00
-7.980244995269458741e-01
8.280898541500323340e-01
-2.818132172414777870e-01
