-1.807521477687932254e+00
-1.627502666721122981e+00
-4.761124463006867202e-01
2.304345877786859731e-01
1.776830210905940621e+00
-5.282271781920608866e-01
1.888194872509204369e+00
6.361382529167025623e-02
7.562279315374365041e-02
-1.098748984248096416e+00
-9.315760583056245103e-01
-1.636938092961739866e+00
3.750189010504842990e-01
2.257881192766690859e-01
5.747227071099403339e-01
1.282001918946034991e+00
1.598453299969825547e+00
4.544985421035439010e-01
-6.922112727705647117e-01
-3.291834704667522260e-01
