-1.914968786870666406e+00
-5.839618909505146505e-01
1.781948603912415052e+00
9.272850359480204752e-01
1.920316070427712241e+00
1.501321096186921000e+00
1.519608888838473337e+00
-1.942414974435035191e+00
5.642946503706163242e-01
-1.909068551563174232e+00
-1.924656685615855789e+00
-1.645705694263733143e+00
1.516655486518732943e+00
-1.118037867583511868e+00
-8.425329234558494029e-01
-9.006092280657629345e-01
-6.626884183874732770e-01
-9.316153247668257364e-02
1.331099796086773868e+00
-1.134907324965400033e+00
