7.171827492704960783e-01
4.248185163119329033e-01
-1.343014934108843761e-01
-1.789784771867521052e+00
9.271339901766513236e-01
1.347520698175196152e+00
7.379043274119467810e-01
2.539376838299212125e-01
1.337575441856043934e+00
1.753459551099061375e+00
1.489942676590847004e+00
-1.968356190281710383e-01
-1.570724828919837890e+00
1.469896315655902175e+00
1.228122610504136958e+00
-1.547053826459119374e+00
2.058160138383140492e-01
4.001817517984824768e-01
-9.431420662934750787e-01
-5.868696369032697646e-01
