6.692642140416964480e-01
1.785109081358993599e+00
5.917094778034952540e-01
2.543636021529094293e-02
1.064441605418051662e+00
-7.662853264775324469e-01
8.436851590532268297e-01
-9.674812970435331394e-01
1.589396401800768022e+00
2.781738050352182690e-01
8.242558522346898897e-02
-1.563480354278271811e+00
-1.460936442813265401e-01
-1.838029890472410166e-01
1.780189575054574647e+00
-6.575179637018466750e-01
7.256869980040394630e-01
1.256749761490402850e+00
1.661342354629962603e+00
5.869449742869754516e-01
