1.886232426914216553e+00
-9.126975162525772234e-01
-9.388537792572204665e-03
8.063084448067949772e-01
7.213161633758371494e-01
-1.824306905619203167e+00
-1.703158317760777862e-02
3.094680911580374172e-01
-1.861647545537588044e+00
2.652034215090801617e-01
-9.181441697868715224e-01
-1.301062742244641246e+00
-4.941805955578892906e-02
1.640907641912932036e+00
-1.952186711422354115e+00
2.224214889842479614e-01
-1.061768067484573752e+00
-1.403851227633933441e+00
-1.413604773086542643e+00
-2.237649035832074418e-01
