-1.217129870113766721e-01
-1.987306335387621470e+00
-1.844374691901018437e-02
-1.738669618329847122e+00
-1.764737718037383551e-01
9.001372331854637920e-01
-5.227978719609800429e-01
-1.437276572388839213e-01
4.788726852598346184e-02
1.016806497586983937e-01
-3.653825627672238063e-01
-1.352208137543081001e+00
7.893309172269700191e-01
-1.184695346393338511e-01
1.086730798072269799e+00
-2.778659772733540478e-01
7.646768918863111608e-01
1.209977619488411982e+00
-1.339266478866651067e+00
-5.611628159100758850e-01
