-3.864759701938924596e-01
4.205018658477220894e-01
-1.129651347572553366e-01
5.759839959658863418e-02
-4.317026258268343852e-01
-4.771462649662830957e-01
-7.758190968809708377e-02
4.744381921912680378e-01
-8.656303428195244454e-02
3.480743304096178825e-01
1.149407192785111276e-01
-2.418626325400030641e-01
2.035838779157583822e-03
2.585248477512965826e-01
-1.385438691115096210e-01
1.825820166177776205e-01
-4.874781779837509266e-01
3.926304241934147621e-01
4.923078201998913883e-01
-3.749130736658333740e-01
