8.635304658069276051e-02
4.683652938230513652e-01
-3.960427738739458192e-02
-1.534840681828032460e-01
-1.160412985319817514e-01
4.974787661061097488e-01
-4.173221510638398524e-01
-9.718152739119390038e-02
-2.282362974615547158e-01
2.811484983629614076e-01
2.624345348535187528e-01
-1.378125563007279730e-01
1.191336729488324808e-01
-3.025836242103026041e-01
2.173975199602828923e-03
-1.032233313421093701e-01
-6.755587256711859112e-02
2.254803009347393639e-01
-8.125908773087719972e-03
-5.709894736305054508e-02
