2.528305188262736092e-01
2.859602007706047999e-01
-1.562639111019792360e-01
1.388330629821246109e-01
-4.486590443202792544e-01
-3.033840143250063903e-01
-2.919375343544269308e-01
2.164098083173439102e-01
2.395844951733645534e-01
-3.417650724445112642e-01
-2.240728299107652699e-02
-2.393698439830458380e-01
3.438437227820039244e-01
-7.672949934311512621e-02
-1.183400784980263021e-01
2.645835831448265507e-01
-2.705373274368050307e-02
-4.105690155300547595e-01
-4.676487737154556568e-01
2.469541379198988418e-01
