-2.227396580119728187e-01
1.009928644897793992e-01
2.723693822763310068e-01
1.788268049111867430e-01
-4.049587080496283020e-01
-1.213522255425933949e-01
1.514638221257383899e-01
2.486527212864925174e-01
-1.821679474510612406e-01
1.738715071427221481e-02
-9.187266282143979890e-02
-2.752640742810852359e-01
-4.337618852481478493e-01
-6.178054457443393765e-02
1.783819780884070560e-01
-6.263402663866068920e-02
2.003564879834984769e-02
-2.258957375797687739e-01
6.248249354841883818e-02
-3.651974381348545018e-01
