-2.494066364401836822e-02
-8.442026018805059984e-03
-3.905154172739971896e-01
4.214737505537003992e-01
-2.210689201413484906e-02
4.741230232528438338e-01
-4.023712568974958659e-01
7.838948102487308667e-03
3.196070766436773791e-01
3.940089592927609186e-02
7.948875079214168249e-02
-2.255194426356462722e-01
2.076092047619383374e-01
2.062132990171416935e-02
3.111924516150633702e-01
2.288956059210450755e-01
2.993800932943976312e-01
2.456227175176040056e-02
3.509176355106224943e-01
-2.937758593533532636e-01
