9.299281319395891199e-02
-2.161053691991386971e-01
-1.364501762234314741e-01
4.746576155922502815e-01
3.408401326929905162e-01
-2.604985071983287881e-01
3.548029779942796225e-02
4.423637005436443781e-01
3.870986405812106845e-01
3.424159514507242319e-01
7.129270437178869546e-02
2.125672785586781854e-01
1.873987122062682475e-01
-2.124165045704543564e-01
2.735574603813863970e-01
-1.516852555937558966e-01
5.600112297841608466e-02
-4.791236184000283727e-01
-3.255519736783224483e-01
-3.766977216945451845e-01
