3.550139195939110426e-01
-4.243391750138889584e-01
-1.512159072751281252e-01
1.251130489332552553e-02
-1.482610893084190806e-01
-2.247364874754056441e-01
-4.434220777160372551e-01
9.609038477324594041e-02
4.834297506268877553e-01
-2.552625741782574842e-01
4.576042877995847302e-01
5.034618478962116228e-02
4.527883540420101216e-01
3.017495816576415413e-01
1.262190375031740919e-01
4.951382631287658542e-01
6.467785592874419898e-03
-7.979975085011314917e-02
4.906418953387292614e-01
1.257838063275280582e-01
