-3.657467309088191509e-02
5.657727361444930825e-02
-3.336192147577352607e-01
-4.810760854080176063e-02
-8.696357225290740622e-02
3.745866795734175136e-01
-2.644329538061492846e-01
-4.767919396800245346e-01
3.197077179524554502e-01
-2.480590522969559064e-01
3.653338401654621093e-01
-4.733738501239037610e-02
-7.116024359986705683e-03
4.215895314669035887e-01
-2.237061730384926062e-01
2.913163326791620156e-01
4.434488272985462887e-01
-1.279487701627767260e-01
-1.417374780610927143e-01
-2.398082674492385546e-02
