-1.524930254889230730e-01
7.460354025694382329e-02
-1.036729586468021491e-01
-4.760836402845145532e-01
-2.275284512557099736e-01
2.707442923059739659e-01
-4.759777597085748102e-01
1.221320687569720231e-01
3.925734843510082506e-01
4.062302880065242761e-01
2.571485809987491544e-01
-4.159481190244931348e-01
-4.333746187324679644e-01
4.555051984476998772e-02
-3.772308086410246508e-01
-3.564711489221892293e-01
-1.031206825053495590e-01
3.195463267899170123e-01
-3.392372842830334578e-01
-1.460761052523644743e-01
