-4.239364987822247244e-02
-5.274843507495585726e-02
7.783594633328227985e-04
-1.475234775019051980e-01
4.176319425166769017e-01
3.844543974027039290e-01
-3.310125481991808005e-01
1.468154036607255408e-01
-2.998341561042066061e-01
1.177784065762319532e-01
-2.684091306029390278e-01
-1.986361187221197255e-02
-4.823503439349527966e-01
1.926241556401049326e-01
8.853506117069154246e-02
4.354353612547443575e-01
-8.120968453506316465e-02
1.257507924695918655e-01
1.231976229861153627e-03
-4.959079232849173957e-01
