0.000000000000000000e+00,0.000000000000000000e+00,-7.608256882885804373e-01,0.000000000000000000e+00,0.000000000000000000e+00,0.000000000000000000e+00,-8.342182572321465983e-01,5.339842629809518071e-01,0.000000000000000000e+00,0.000000000000000000e+00,0.000000000000000000e+00,-6.209640719417663934e-01,0.000000000000000000e+00,0.000000000000000000e+00,0.000000000000000000e+00,0.000000000000000000e+00,0.000000000000000000e+00,0.000000000000000000e+00,0.000000000000000000e+00,0.000000000000000000e+00
0.000000000000000000e+00,0.000000000000000000e+00,0.000000000000000000e+00,9.691268047798127228e-01,0.000000000000000000e+00,0.000000000000000000e+00,0.000000000000000000e+00,-6.949183400081377915e-01,0.000000000000000000e+00,0.000000000000000000e+00,0.000000000000000000e+00,-9.394533916394449680e-01,0.000000000000000000e+00,0.000000000000000000e+00,0.000000000000000000e+00,7.466527944365737302e-01,0.000000000000000000e+00,0.000000000000000000e+00,0.000000000000000000e+00,0.000000000000000000e+00
0.000000000000000000e+00,0.000000000000000000e+00,0.000000000000000000e+00,-9.268367315448222676e-01,-7.931250939327115779e-01,0.000000000000000000e+00,0.000000000000000000e+00,-6.430674416700116192e-01,0.000000000000000000e+00,0.000000000000000000e+00,0.000000000000000000e+00,9.103571388499664963e-01,0.000000000000000000e+00,0.000000000000000000e+00,0.000000000000000000e+00,0.000000000000000000e+00,0.000000000000000000e+00,0.000000000000000000e+00,0.000000000000000000e+00,0.000000000000000000e+00
0.000000000000000000e+00,0.000000000000000000e+00,0.000000000000000000e+00,0.000000000000000000e+00,0.000000000000000000e+00,0.000000000000000000e+00,0.000000000000000000e+00,9.218788822014392093e-01,0.000000000000000000e+00,0.000000000000000000e+00,0.000000000000000000e+00,5.282751301819910150e-01,0.000000000000000000e+00,0.000000000000000000e+00,0.000000000000000000e+00,0.000000000000000000e+00,0.000000000000000000e+00,0.000000000000000000e+00,0.000000000000000000e+00,0.000000000000000000e+00
0.000000000000000000e+00,0.000000000000000000e+00,0.000000000000000000e+00,8.269340442766508481e-01,0.000000000000000000e+00,0.000000000000000000e+00,0.000000000000000000e+00,-5.963695578404373254e-01,0.000000000000000000e+00,0.000000000000000000e+00,0.000000000000000000e+00,-9.074181371542122676e-01,0.000000000000000000e+00,0.000000000000000000e+00,0.000000000000000000e+00,0.000000000000000000e+00,0.000000000000000000e+00,0.000000000000000000e+00,0.000000000000000000e+00,0.000000000000000000e+00
8.879874064774171405e-01,0.000000000000000000e+00,0.000000000000000000e+00,-9.820711716188397222e-01,0.000000000000000000e+00,0.000000000000000000e+00,0.000000000000000000e+00,0.000000000000000000e+00,0.000000000000000000e+00,0.000000000000000000e+00,0.000000000000000000e+00,0.000000000000000000e+00,0.000000000000000000e+00,0.000000000000000000e+00,0.000000000000000000e+00,-7.045974506712380236e-01,0.000000000000000000e+00,7.844982334119970924e-01,0.000000000000000000e+00,0.000000000000000000e+00
0.000000000000000000e+00,0.000000000000000000e+00,5.920803104321872290e-01,-6.070819875435766733e-01,-7.463521270246340489e-01,0.000000000000000000e+00,0.000000000000000000e+00,8.069019664994456775e-01,0.000000000000000000e+00,0.000000000000000000e+00,0.000000000000000000e+00,0.000000000000000000e+00,0.000000000000000000e+00,0.000000000000000000e+00,0.000000000000000000e+00,0.000000000000000000e+00,0.000000000000000000e+00,0.000000000000000000e+00,0.000000000000000000e+00,0.000000000000000000e+00
0.000000000000000000e+00,0.000000000000000000e+00,0.000000000000000000e+00,0.000000000000000000e+00,0.000000000000000000e+00,0.000000000000000000e+00,0.000000000000000000e+00,0.000000000000000000e+00,0.000000000000000000e+00,0.000000000000000000e+00,0.000000000000000000e+00,-6.022875472682419629e-01,0.000000000000000000e+00,0.000000000000000000e+00,0.000000000000000000e+00,0.000000000000000000e+00,0.000000000000000000e+00,0.000000000000000000e+00,0.000000000000000000e+00,0.000000000000000000e+00
0.000000000000000000e+00,0.000000000000000000e+00,0.000000000000000000e+00,5.849048128534306557e-01,-7.380799367719117487e-01,0.000000000000000000e+00,7.301644149173232012e-01,0.000000000000000000e+00,0.000000000000000000e+00,0.000000000000000000e+00,0.000000000000000000e+00,5.058452738727868825e-01,0.000000000000000000e+00,0.000000000000000000e+00,0.000000000000000000e+00,0.000000000000000000e+00,0.000000000000000000e+00,0.000000000000000000e+00,0.000000000000000000e+00,0.000000000000000000e+00
0.000000000000000000e+00,0.000000000000000000e+00,-8.268681024785535794e-01,0.000000000000000000e+00,-6.836048666881566760e-01,0.000000000000000000e+00,0.000000000000000000e+00,0.000000000000000000e+00,0.000000000000000000e+00,0.000000000000000000e+00,0.000000000000000000e+00,8.474891715018211258e-01,0.000000000000000000e+00,-9.484678330499169974e-01,0.000000000000000000e+00,0.000000000000000000e+00,0.000000000000000000e+00,0.000000000000000000e+00,0.000000000000000000e+00,0.000000000000000000e+00
0.000000000000000000e+00,0.000000000000000000e+00,0.000000000000000000e+00,9.156662654276905844e-01,-9.120053695912500036e-01,0.000000000000000000e+00,0.000000000000000000e+00,5.729377083762308143e-01,0.000000000000000000e+00,0.000000000000000000e+00,0.000000000000000000e+00,-6.844890278918058790e-01,0.000000000000000000e+00,0.000000000000000000e+00,0.000000000000000000e+00,0.000000000000000000e+00,0.000000000000000000e+00,0.000000000000000000e+00,0.000000000000000000e+00,0.000000000000000000e+00
0.000000000000000000e+00,0.000000000000000000e+00,0.000000000000000000e+00,0.000000000000000000e+00,0.000000000000000000e+00,0.000000000000000000e+00,0.000000000000000000e+00,0.000000000000000000e+00,0.000000000000000000e+00,0.000000000000000000e+00,0.000000000000000000e+00,0.000000000000000000e+00,0.000000000000000000e+00,0.000000000000000000e+00,0.000000000000000000e+00,0.000000000000000000e+00,0.000000000000000000e+00,0.000000000000000000e+00,0.000000000000000000e+00,0.000000000000000000e+00
0.000000000000000000e+00,0.000000000000000000e+00,-8.530038229298191332e-01,5.354484433445321212e-01,-5.255207869543384591e-01,0.000000000000000000e+00,0.000000000000000000e+00,0.000000000000000000e+00,0.000000000000000000e+00,0.000000000000000000e+00,0.000000000000000000e+00,6.965654826254458198e-01,0.000000000000000000e+00,0.000000000000000000e+00,0.000000000000000000e+00,0.000000000000000000e+00,0.000000000000000000e+00,0.000000000000000000e+00,0.000000000000000000e+00,0.000000000000000000e+00
0.000000000000000000e+00,0.000000000000000000e+00,5.104737973342802215e-01,0.000000000000000000e+00,0.000000000000000000e+00,0.000000000000000000e+00,-6.746057231420391487e-01,7.992005573752896108e-01,0.000000000000000000e+00,0.000000000000000000e+00,0.000000000000000000e+00,-8.174229808218682614e-01,0.000000000000000000e+00,0.000000000000000000e+00,0.000000000000000000e+00,0.000000000000000000e+00,0.000000000000000000e+00,0.000000000000000000e+00,0.000000000000000000e+00,0.000000000000000000e+00
0.000000000000000000e+00,0.000000000000000000e+00,-9.301260479113189206e-01,0.000000000000000000e+00,0.000000000000000000e+00,0.000000000000000000e+00,8.599278168367501252e-01,5.499483943913261452e-01,0.000000000000000000e+00,0.000000000000000000e+00,0.000000000000000000e+00,8.019918878817582364e-01,0.000000000000000000e+00,0.000000000000000000e+00,0.000000000000000000e+00,0.000000000000000000e+00,0.000000000000000000e+00,0.000000000000000000e+00,0.000000000000000000e+00,0.000000000000000000e+00
0.000000000000000000e+00,0.000000000000000000e+00,0.000000000000000000e+00,-9.812679576638358991e-01,9.820217196299551032e-01,0.000000000000000000e+00,0.000000000000000000e+00,6.173948998724658743e-01,0.000000000000000000e+00,0.000000000000000000e+00,0.000000000000000000e+00,6.671708052980365178e-01,0.000000000000000000e+00,0.000000000000000000e+00,0.000000000000000000e+00,0.000000000000000000e+00,0.000000000000000000e+00,0.000000000000000000e+00,0.000000000000000000e+00,0.000000000000000000e+00
0.000000000000000000e+00,0.000000000000000000e+00,0.000000000000000000e+00,7.903948892258976233e-01,-8.609528442330360853e-01,0.000000000000000000e+00,0.000000000000000000e+00,8.826059813955364763e-01,0.000000000000000000e+00,0.000000000000000000e+00,0.000000000000000000e+00,0.000000000000000000e+00,0.000000000000000000e+00,0.000000000000000000e+00,0.000000000000000000e+00,-6.882835694468274479e-01,0.000000000000000000e+00,0.000000000000000000e+00,0.000000000000000000e+00,0.000000000000000000e+00
0.000000000000000000e+00,0.000000000000000000e+00,0.000000000000000000e+00,8.437832286361067746e-01,-6.467359397205278970e-01,0.000000000000000000e+00,0.000000000000000000e+00,-7.294663399720391350e-01,0.000000000000000000e+00,0.000000000000000000e+00,0.000000000000000000e+00,7.259512801490884959e-01,0.000000000000000000e+00,0.000000000000000000e+00,0.000000000000000000e+00,0.000000000000000000e+00,0.000000000000000000e+00,0.000000000000000000e+00,0.000000000000000000e+00,0.000000000000000000e+00
0.000000000000000000e+00,0.000000000000000000e+00,0.000000000000000000e+00,0.000000000000000000e+00,0.000000000000000000e+00,0.000000000000000000e+00,-7.069561504532360097e-01,0.000000000000000000e+00,0.000000000000000000e+00,0.000000000000000000e+00,5.419721625311675339e-01,8.394875314784104869e-01,0.000000000000000000e+00,0.000000000000000000e+00,-5.130358749873997759e-01,0.000000000000000000e+00,0.000000000000000000e+00,0.000000000000000000e+00,0.000000000000000000e+00,0.000000000000000000e+00
0.000000000000000000e+00,0.000000000000000000e+00,5.906802270743773953e-01,0.000000000000000000e+00,-9.487469209786812963e-01,0.000000000000000000e+00,0.000000000000000000e+00,9.105933403201129650e-01,0.000000000000000000e+00,0.000000000000000000e+00,0.000000000000000000e+00,7.550768416285598139e-01,0.000000000000000000e+00,0.000000000000000000e+00,0.000000000000000000e+00,0.000000000000000000e+00,0.000000000000000000e+00,0.000000000000000000e+00,0.000000000000000000e+00,0.000000000000000000e+00
