1.373430779864117213e+00
-8.639977680596500065e-01
-2.110402227888177329e-01
-5.969581381986168722e-01
7.586503716765147232e-01
1.781025632122554825e+00
1.337994171407131283e+00
1.382384813379384791e+00
1.491683843407844545e+00
1.261765541131095514e+00
1.699156404215908189e+00
-1.024884237602229575e+00
7.414482949525758038e-01
-1.999666614140452214e+00
1.246371247321806042e+00
-1.404561146221956491e-01
1.066395550044108020e-02
1.767319332756828398e+00
7.264208607316464672e-01
-6.966961638013908775e-01
-6.931497602928784474e-01
-6.838137190941120380e-01
1.218461146568222908e+00
3.970192641342280560e-01
1.526411635815831502e+00
1.860765705861294528e+00
1.675541269721472659e+00
1.720214872043781540e+00
-1.761125503202078502e+00
-7.952699579651856254e-01
1.804922079443109784e+00
-9.282997010966171914e-01
-5.991691758757107245e-01
-5.782526118103761270e-01
1.351153442590360854e+00
-1.483430567779391751e+00
-1.232343433729790050e+00
-7.631306649517797247e-01
1.889950601643501926e-01
1.267685434380227960e-01
-1.187529582017668339e+00
-1.622352790113841703e+00
-5.639503962168390672e-02
-1.791335088880772197e-01
-5.123085543506014083e-01
-1.287224776596658682e+00
-1.837953470865313133e+00
-1.855707954748271327e+00
-1.798773343699023197e+00
-7.959861786788371418e-01
1.764973625203527519e-01
-3.176401274691857957e-01
7.512894750623604345e-01
4.929128755087175406e-02
1.344865585389470652e+00
1.558208901615038222e+00
-1.717568849901770722e+00
-1.404359423598513512e+00
-8.409228722793571364e-02
1.482705772338868133e+00
-1.343993038940219709e+00
-9.292961075060195419e-01
1.441785292869262491e+00
-1.003413097325808412e+00
-1.037405897663743026e+00
-7.273035289988327712e-01
-1.386994085520085296e+00
1.328514856634229968e+00
-3.557301855510699440e-01
-9.466186537353475927e-01
1.496324798567865155e+00
-3.288098556427572206e-01
8.977640083439006879e-01
-1.981061360118473669e+00
8.191124230061599398e-01
6.367439537323607013e-01
3.404110607267223365e-01
-9.710690646585686814e-01
-2.979236095927126904e-01
-4.818540186114050883e-02
4.667882359952471027e-01
-1.977183493059200714e+00
-1.195925549460325144e+00
7.941508212832104618e-02
1.208111681354163913e+00
6.144569483491979511e-02
5.893503843063445657e-01
3.916266053962056404e-01
-1.412994071097906090e+00
-8.207489449144689253e-01
-1.482020147188161108e+00
1.816899097351995618e+00
-4.915029467772540350e-01
1.928728021299925377e+00
1.108404557314710104e+00
1.155075586587894332e+00
-1.379623944741103170e+00
-1.227923905609368926e+00
-1.695929227197064737e+00
1.104693932577110349e+00
