-1.356147885466777669e+00
3.676108937510642605e-01
-2.542422302133040546e-01
-1.060009349068636642e+00
1.450760042327533306e+00
4.757896147345528348e-01
1.064839005017572671e+00
1.488453781478744631e+00
-1.599697721998406763e+00
-1.529643245108913696e+00
-1.659645727683692673e+00
1.609426007882305498e+00
9.979918351956929001e-02
7.669784995469814959e-01
1.093726271132623218e+00
-3.092467920458670250e-01
-1.623345710867807323e+00
1.702423982761970933e+00
-5.883587425870149268e-01
8.952564955627133614e-01
8.767786137839386207e-01
-4.545113538561103006e-01
-1.343084443936946482e+00
-7.420985307617646853e-01
1.671013120593589640e-01
-3.380793461965145852e-01
-3.687917469534784942e-02
6.557471832507872911e-01
-1.210171024635485093e+00
-2.857052824173011984e-02
5.818066057827175896e-02
1.073547841098355438e+00
-9.628963285275107253e-01
1.765445390503233458e+00
-8.045889401743160363e-01
-1.708621136001542418e-01
-1.150618144613580363e+00
7.353544515781793578e-01
1.829558810277820857e+00
-6.937203927533843739e-01
7.033012334385202458e-01
1.487209652722882414e+00
2.069655844384117316e-01
2.015525235103812207e-01
9.708003979358799107e-01
-1.632870091567980353e+00
8.570719509596584906e-01
-3.834180039747976387e-01
-3.879086281418029358e-01
-1.228118029790232768e+00
6.354672485625707523e-01
1.396459805383488462e+00
-1.902636223669862403e+00
-5.795486049564133602e-01
-1.038632581037331359e+00
-1.809138396439003760e+00
9.835826158860441204e-01
-7.689339602749045710e-02
1.716073188179998432e-01
1.739222672197604957e+00
-1.071569817216464493e-01
1.333074811189551845e-01
1.325945686804439916e+00
-7.920513046808008717e-01
-1.015945074537730530e+00
1.974501382159798091e+00
1.100353194863494810e+00
-8.149340179565602860e-01
-8.821472330553969954e-01
-3.871490473158827328e-01
1.684610500848095160e+00
-4.384678635521677137e-01
-1.230134420690859098e+00
6.571852202631256468e-01
2.421248255057317778e-02
-1.153211005200031281e+00
-1.910879598073850882e+00
1.893684701670748094e+00
-3.735953496502557591e-01
1.689732631645863847e-01
4.033586193730696046e-01
-1.028562308492531940e+00
1.674356732940382564e+00
1.539727773687697976e+00
-1.759814546880010155e+00
-1.022153452015070574e+00
-1.932462923636690810e-01
-8.793883962225472750e-01
1.139884405381871524e+00
1.139286920927415014e+00
-8.369265712482816255e-01
-1.552474796933087653e+00
3.403603843915004035e-01
-3.249657733502524515e-01
-9.830493712009023000e-01
-5.898093739094916188e-01
-8.844458437910818205e-02
1.504605237858072542e+00
9.092844444404559745e-01
-1.525749100094610178e+00
