5.459741873383356925e-01
9.416444952275067060e-01
-1.692872267567367750e+00
1.635835523910835310e+00
8.351982739222534313e-01
-1.049537992542823428e+00
-1.925619748906902462e+00
1.080178521085839449e-01
-4.537368341757668233e-01
1.616475036828995737e+00
8.157967087403927842e-01
-1.157055120406349502e-01
-1.738444092004185038e+00
-1.963153859760084163e+00
1.444292314698640833e+00
-6.302330884613058792e-01
-9.175420290361402387e-01
-1.050368900277818707e+00
1.486058756507552481e+00
1.132061677426377422e+00
-1.574232171950429304e+00
-9.785982100108014947e-02
-1.338962782794758777e+00
-1.129502777993911966e+00
-5.968993311513046685e-01
1.101093790602068800e+00
-1.497177397123449438e+00
-1.201515912588113189e+00
1.554358017398309144e+00
1.813844714405006275e+00
-1.170262630385156655e+00
-3.527566280957485922e-01
-8.467468557236239590e-01
5.292693340291032555e-01
4.257970121747192138e-01
-1.278783142990076893e+00
1.279344285218901867e+00
-7.755409733438405340e-01
-1.124177960679029198e-02
-7.059832256576559217e-02
-3.049046579036218674e-01
-1.049229696807176815e+00
-1.277646018596192423e+00
6.873183038564758540e-01
9.847771994535565732e-01
-1.703789481487945068e+00
-1.952598332692760064e+00
1.251789137471129187e+00
-8.430383267017527160e-02
1.299661451655048428e+00
1.066594933469342088e+00
7.112428419417371472e-02
1.492265751097937354e+00
-1.809962646358854510e+00
1.273448298969758863e+00
-1.811855117580764230e+00
-3.318940153004454885e-01
1.408220946629144876e+00
-1.538648035497111710e+00
1.255646680484374222e+00
1.400981709241684747e+00
-1.911052318440582543e+00
-4.436743106915552737e-01
1.122521217123882309e+00
-1.352252062947848721e+00
-1.939916258284832384e+00
-1.503707797549870495e+00
1.719730307680346737e+00
-1.358824014758246435e-01
-5.026949799952773468e-01
7.850226094147982892e-02
5.428706275688499616e-02
1.446835198343121576e-02
-1.304954923194532324e+00
-7.445544781226507425e-01
-5.494607460081182282e-01
5.322327245002869134e-01
1.965599370685767955e+00
8.361142343560445944e-01
-4.945710429141394471e-01
-1.015948650314244084e+00
-4.905582305374811547e-01
1.863389707922462613e-01
-5.919537501238130162e-01
1.960305858159261838e+00
1.173590654316568394e+00
-4.953902815389374936e-01
-7.213864564036529536e-01
-6.518481009789338643e-01
-2.079162045389355562e-01
5.699443662619803064e-01
3.971758989351661384e-01
-4.676221325919529548e-01
-2.954762689463557024e-01
4.826200094324044620e-01
-1.749563491742201382e+00
1.989486755186781419e+00
-4.082333698410254286e-01
-1.505831196139714390e+00
-7.235231391591852024e-01
