7.626912546825317385e-01
1.427329038605144262e+00
-1.303538171190143036e+00
-3.900451694498481281e-01
5.569395773923084825e-01
-1.160585127755573875e+00
2.764151406846964143e-01
2.897565369128773938e-02
1.711482724611004702e+00
1.230014693523212799e+00
1.099450535498920800e+00
-5.245362971917866268e-01
-2.683368486212174275e-01
-7.382001901868440186e-02
1.911582098340818714e+00
-1.756122648167872669e+00
1.641208851243121103e+00
-1.740111094992986551e-01
1.902680417573254790e+00
-4.752307423348969273e-01
7.538730317533381964e-03
1.303891248364482891e+00
-1.679504799478114041e+00
-1.167975124601238868e+00
-5.583418503853780912e-01
5.529642025981043041e-01
-1.416266137421922089e+00
5.521779322634796650e-01
-1.392543433759557914e+00
-7.526296350549888103e-01
-1.595147788530787647e+00
-1.138827563542577526e+00
1.939190230507862989e+00
2.965253210838243447e-01
9.861185475411113899e-01
-1.517169861637393868e+00
2.023444887109158152e-01
-1.779421857001443286e+00
-1.543279313079417570e-01
-1.637682307704659834e+00
-1.005128852718732535e+00
-6.686291911522816989e-01
-1.715736792779362307e+00
6.314729619044432418e-01
-1.252485045311018119e-01
-1.031446899870852807e+00
1.119535182217738623e+00
8.033854695198550111e-01
-1.857259972875026754e+00
-8.935713535147535858e-01
9.193113494839075805e-01
-5.966863983061068133e-01
2.039306029127465614e-01
-1.182665213734406251e-01
-1.244426880127209145e+00
1.443308554236538921e+00
1.600648632011553385e+00
8.900858822314776653e-01
-4.853845009645274544e-02
7.419419971468239616e-01
-7.047614556973789135e-01
1.433726752640065438e+00
-1.038069480313670301e+00
-1.791898992818974357e+00
1.283846802015160549e-01
-3.627184046381430882e-01
-1.743338740352753380e+00
1.391198118776244108e+00
-1.772594644168936640e-01
-5.911247666078978114e-03
6.382938240161717403e-01
-6.451384219253188945e-01
9.047477121031430869e-01
-1.494739292792664376e+00
-4.317908227607527571e-01
1.875443478980587830e+00
7.064914992033402008e-01
-7.109147265169686314e-01
-1.790322219862363173e+00
-1.716778622230300755e+00
1.756105314795219474e+00
1.603441562290953470e+00
-8.781858736424634770e-01
-1.891235126730528293e+00
-4.291146851459548550e-01
-1.409670190344751717e+00
1.287705479067082770e-01
-9.236351475641679798e-01
1.553640491528574419e+00
1.209315938409956548e+00
-1.310919918351327595e-01
1.076335449840040148e+00
1.582481810285846002e+00
-1.209624880616768650e-01
1.337945632540333385e+00
8.977713114136998129e-01
-6.903761518726638791e-01
-1.592376911695065900e-01
-1.877990868430665650e-01
-4.821698188460494805e-01
