-4.416957130792864561e-01
-9.360798484083052706e-01
-1.651727244046116816e+00
-1.019367023176256382e+00
-9.102231542280776466e-01
1.553111150562824783e+00
1.216425986631034739e+00
-1.962253742940817780e+00
-1.959154882170625278e+00
1.378427436811224815e-01
-1.723006307756079991e+00
-1.628985007920538575e+00
-1.392943310626532760e+00
-1.799821127214777938e+00
-8.984694401302650846e-01
2.697089273866755121e-01
6.215665548196933621e-01
-1.859302648990420082e+00
-8.316727077297989545e-01
1.311849848317788947e+00
1.434042440859806256e-01
-1.942815449525743254e+00
-1.759412835250742546e+00
1.518215126634859136e+00
-1.236965152058568496e+00
-6.893930957832758999e-01
1.518029188256360129e+00
-1.476396823635673261e+00
6.825785243197488583e-01
8.430170150737850143e-01
-2.114955007737084891e-01
2.718642697354667348e-03
-1.186676736807755539e+00
1.594664657542912867e+00
-1.120849070847946383e+00
7.167805909941069586e-01
-1.231138288114021595e+00
-1.340297866726475551e+00
-1.047006983531346691e+00
-4.037508181833828758e-01
2.078039850830140089e-01
6.154797231582680439e-01
7.119139192378369785e-01
-1.480698758021956607e-01
-1.278631422446609989e+00
-1.495130796709595256e+00
7.283708528867371967e-02
-8.055479343416251936e-01
-3.672290787061402995e-01
1.818641551154056568e+00
2.240919315698222114e-01
1.550814266238902395e+00
-9.794987646640356260e-01
6.769242429158026653e-01
8.770600088007900474e-01
1.407929275431518690e+00
-1.289175356969474606e+00
-7.815260343593264381e-01
-1.947235151410880327e+00
-9.209199681101334356e-01
-1.532563602145347925e+00
-6.822654644376133781e-01
1.170049822838933107e+00
1.528333462715609770e+00
4.451007723100022240e-01
7.076020081477287782e-01
-1.440015263813393620e+00
1.021232339278337786e+00
-1.423608145846393391e-01
-6.484894239606773247e-01
3.937987064978871743e-01
-4.817697175194699533e-01
-1.238003314121321363e+00
-1.427537867464765853e+00
4.871938208462101016e-01
1.220406189762461402e+00
-1.042229373406177828e+00
1.932394830629185822e+00
-7.557635463126968212e-01
-5.190031432253041643e-01
4.579685682793641632e-01
8.981197870186807819e-02
1.905799860669386891e+00
1.025550744913416690e+00
1.545973154232983315e+00
9.579906750588182973e-01
9.962670515644864722e-01
8.368628973086380540e-01
1.970094914469955771e+00
1.968835137197222362e+00
-1.514444217993661912e+00
-1.071999689548551959e+00
-5.816831883946300685e-01
1.868599689656759821e+00
-7.087952598575455454e-01
-1.152335169279239402e-01
-7.376667015324156473e-01
-1.025687778480274037e+00
1.781900065231985852e+00
-7.840934122547782437e-02
