-2.968071574122314038e-01
-1.613622835521043575e-01
-1.816743629545299887e-01
-1.850537782997804248e-01
4.132454854114079312e-01
1.437120264253151092e-01
-4.076924764469463947e-01
-2.216730712773573586e-01
6.124809390514551755e-02
-7.306288595610754832e-02
-2.868230892378416108e-01
2.444854553739839176e-01
3.940292309563122597e-01
-3.363366007424616333e-01
1.921141716524169540e-01
5.510448181296134784e-02
-4.730160223447558154e-01
-8.013248501812619828e-02
3.512788073429189417e-01
4.885709567338750725e-01
-3.108265004947309285e-01
-1.732964422794334158e-01
-2.063352077834934573e-02
-3.894654764223948185e-02
2.363063860293501683e-03
-1.316437068312515946e-01
3.122324294644247544e-01
-4.980495807034852618e-01
1.861724739509142967e-01
-3.854877392173363670e-01
-1.392635363856036257e-01
3.169935027322935417e-01
-3.213580169354981475e-01
1.119698267471883613e-01
-7.959713687592140374e-02
-4.935801863077747820e-01
4.032488771542421802e-01
-4.689252173820215308e-01
-3.721857303091399283e-01
-3.084648978341574255e-01
-2.404640041120120753e-02
-1.372636551870812793e-01
-8.083607044712715073e-02
-4.516414325619397818e-01
2.580217433470828325e-01
-2.693303584263414541e-01
4.268615279699259357e-01
-4.842459629867369442e-01
-4.751375882960761077e-01
-1.541614853037491795e-01
-3.582514728711921892e-01
-2.905974388860904645e-01
2.819398808127711042e-01
1.162973096017174690e-01
4.642491912728228254e-01
1.307356400373373972e-01
3.745487082957338343e-01
2.220448588862802275e-01
2.086977108509729950e-01
-4.741399939867705360e-01
-2.869742332258502504e-01
-2.066335418309461769e-01
4.883397077215428927e-01
-2.330437449021059981e-01
4.050123911148872935e-02
-4.249948235280129882e-01
-4.607785300807688555e-01
-2.259284502180682885e-01
-2.560840869503713257e-01
4.768821579702822167e-01
-2.216391489540788795e-01
2.159225696667851357e-01
2.807072712941216519e-02
2.159863266941983717e-01
-3.618304796683610158e-01
3.370294221723235673e-01
3.749324999112040313e-01
9.264846031617124389e-02
4.986936093656952895e-01
1.902921859528062809e-01
1.593594524961772230e-03
-7.079743663755910799e-02
3.903399190384371220e-01
-2.857889517515808109e-01
-3.999083794603803810e-01
3.123978075011301092e-01
-4.991396423149732087e-01
3.269864353479100538e-01
1.687948347594698806e-01
-1.662625612863841695e-01
-3.304604098576933158e-01
3.665100013387917466e-01
4.418732219696737129e-01
-1.470024190704853906e-01
1.369415811787454418e-01
-4.905576691516033705e-03
4.280355949717301600e-01
4.625044776379854117e-01
-4.632619789258716203e-01
4.718086457652859167e-01
