1.922911927570178925e-01
-2.566758472049686102e-01
3.543206648024754823e-02
-3.806301882422714611e-01
3.144749194130427306e-01
1.756818952918632881e-01
4.819818905448165491e-01
4.650442868081325898e-01
4.090307909403229081e-01
-1.575510033864260251e-01
4.822516582474378755e-02
4.024808381334643581e-01
1.600993160950670013e-01
2.490887010173554739e-01
-3.367434305074457068e-01
-4.796157529702627098e-01
-4.370863485931045789e-01
-8.495712630034302215e-02
2.361943596733827588e-01
2.791471716340548914e-01
3.532742890275082370e-01
-7.464069670552464508e-02
-1.649317648868127151e-01
-3.893291303423940253e-02
-4.121092040257272604e-01
-3.842714573272387746e-01
-1.418483087934643283e-01
-4.793210269218128872e-01
-4.484773877802309405e-01
1.533347676955979511e-01
-6.936059161733643119e-02
-1.785599814455915979e-01
-3.741225662834175569e-01
-3.916319791489631941e-01
5.185991170905657199e-02
1.471278480864958160e-01
1.538858568823386896e-01
2.487711006163382255e-01
3.698651116887385903e-02
2.974107489030012319e-01
1.693116146445496906e-01
-4.963795403407322837e-01
2.444918507282529685e-01
-2.363537770114844117e-01
-5.246543416376736602e-02
2.027584753912811122e-01
-4.045117422329360668e-01
9.923112679921297641e-03
-6.449802467675613826e-02
-4.097837601496746585e-01
4.650326273575925429e-01
1.186310504698245838e-01
4.545905546347610571e-01
2.807535274437018558e-01
-2.418479621950965219e-01
9.980810327029021600e-03
2.322322997078462015e-01
4.797029853233825136e-03
2.363235525718541119e-01
8.542905619782936721e-02
-2.550466233162598240e-01
1.315641813073948896e-01
4.948555603972185635e-01
1.032920758702637887e-01
-3.765570709489695078e-01
-7.987819788918459896e-02
-9.871544820387878616e-02
3.687198379714583529e-01
2.570813336841004659e-01
2.719946251701272910e-01
1.136520177419385602e-01
-2.465833740927813045e-01
2.667841654357686609e-01
4.616731111101373131e-01
2.910097583310837788e-01
-1.649757366919714086e-01
4.436960607889413044e-01
-3.126089337646156263e-01
1.972644880906516685e-01
4.712418813924794669e-01
1.766415230115419011e-01
-5.867585813021780616e-02
-4.465035946114461751e-01
4.636468158746700485e-01
-1.845513627747945584e-01
3.725939733991953107e-01
1.215077091319443081e-01
4.633683966169546142e-01
6.280947190636176902e-02
1.272805629963791318e-01
4.009176371874617617e-01
4.430584867451964337e-01
-1.353585798792076300e-01
-4.268388443748492023e-01
-2.576436525904438612e-01
-4.408414684221246826e-01
4.688492051174134589e-01
4.393178080209318992e-01
-3.781443442578779068e-01
6.104599648020869740e-02
