1.484343454360979031e-01
3.912548990915325486e-01
9.083255405869017363e-02
-3.360630152544863414e-01
-7.310917040332232109e-02
4.994972690627907941e-01
7.626004094976635006e-02
1.020120533280811648e-01
2.153468125400533895e-01
1.992801784087844252e-01
-4.057625582313854062e-01
2.117823838339870646e-01
-2.210159417929244974e-01
-3.879283263204069687e-02
-3.070330794564162247e-01
-4.216948017735606680e-01
2.438921893277190556e-02
-2.201621857133498894e-01
2.706377459597966162e-01
4.669505987577604600e-01
-2.242699092974620445e-01
1.032628408285614086e-01
-1.301782427467397252e-01
-9.407024607912739533e-02
4.077055960356721354e-01
9.416146988737084111e-02
-2.698451962488224165e-01
-3.758740493096162094e-01
-2.352945878067008723e-01
-1.032266070426143267e-01
1.803885348131034627e-01
4.509721053906803334e-01
9.121371291348490118e-02
3.209189643407183157e-01
-2.630572709975534940e-01
-2.017090817640176947e-01
2.758388537388926087e-01
-3.390992565235232403e-01
7.092137763711314768e-02
2.957686691881399321e-01
-4.050560828202728336e-01
-2.648828111611736258e-01
6.992558699213924367e-02
-1.484715613532039402e-01
-3.529667207942108753e-01
1.605259890532628742e-02
4.985643054904048688e-01
2.009375609340722235e-01
1.183723667491751730e-01
4.229306808295664188e-01
-4.297481329903563019e-01
1.725117247527270248e-01
-2.740320022466259386e-01
-1.131171122030943943e-01
6.168374003147714113e-02
4.427816610202703895e-01
1.639888385695381645e-01
-2.883910517902362747e-01
3.479740853621851038e-01
2.583827251810089098e-02
4.349270397749096517e-01
-4.847873470919780159e-01
1.802638692733784520e-01
1.469858861985157139e-01
8.956942506702081364e-02
-2.963709360592282627e-01
4.439223995207413065e-01
-4.152158231689415668e-01
-4.884057021692450595e-01
-1.355615061173687241e-01
2.964172888269349659e-01
-2.554204306965925930e-01
-6.811280380783157895e-02
1.088485718095515420e-01
4.645063031487373095e-03
-1.495750184600890265e-01
-3.078163329555658745e-01
2.921285077069246672e-01
-3.144393831498557557e-01
2.830577306596788745e-01
5.421850969883457161e-03
-3.643335299141462480e-01
2.848120538372379551e-01
-1.711038801304964885e-02
1.913830331357757597e-01
-4.470096281876391187e-01
1.768624655041488580e-01
9.155807776004887266e-02
4.335291759746020546e-01
-1.855187295560489780e-02
-3.474636284524424967e-01
-4.333695626387339406e-01
-8.460048697735478296e-02
3.312258105782250883e-02
3.852750732293498404e-01
-3.620865719532012639e-01
4.746999961004685353e-01
-4.026479990663400788e-01
-4.882167447341058120e-01
-4.901303907012788397e-02
