-3.936207222234339165e-01
8.246617850664605953e-04
2.940714791630287817e-01
-2.999917877834398228e-01
-2.352413781237473467e-01
-3.257556397390295455e-01
-3.744198282549748846e-02
1.409501101447219185e-01
-3.156257191999719547e-01
-8.334878371630161098e-02
3.568311217267772228e-01
-1.486517927454755750e-02
-2.344633752239206892e-01
-3.186048275404153030e-01
1.332099263415967849e-01
-2.613022844221050134e-01
-2.581654712968315390e-01
2.929467362509771133e-01
-2.742098142086406565e-01
-2.720871241301073828e-01
4.785255045101931559e-01
2.132075506032892198e-01
4.044107710538297207e-01
-4.127276070106972172e-01
-7.131983935162855559e-02
-4.523389358614122724e-01
3.382583181182122756e-01
-2.879399966113848075e-01
-3.538704364710550943e-01
-2.763703125672299921e-01
4.382130680647514653e-01
-2.989158341401589869e-01
-3.348873756397264811e-01
1.337442770280170556e-01
-1.040429571608459947e-01
-4.750607007568006246e-01
-4.272102076782987590e-01
1.409397976445270206e-01
-2.479626815221627201e-01
-2.838907686874336811e-03
-2.303000504447111352e-01
-2.993899777833120002e-02
2.835164184347074290e-01
6.504167486516743146e-02
-1.814362048613047396e-01
-2.582244534139018777e-01
-3.692623435888704453e-01
2.624700938031417907e-01
-3.834291481729021900e-01
4.508465176528618779e-01
-1.059883617115978671e-01
1.220832819987388573e-01
3.095344888113860105e-02
-3.453664315359766812e-01
2.335804228060978094e-02
-2.861071170708315847e-01
1.685444107723843565e-01
-4.633677821135214758e-01
3.951823818928994481e-01
-2.019517701285034050e-02
-1.396051264591444685e-01
3.726296347178376100e-01
-4.933751484580094493e-01
-4.222611741890919257e-01
-1.256829687580841570e-01
-4.686993037793346639e-01
-1.547772411241854496e-01
1.443590585472104282e-01
1.377021380875422807e-01
4.717723980630719183e-01
1.726449297863688059e-01
1.225774549384658352e-01
2.763030222961379012e-01
-3.526310860566760352e-01
-1.130976022833585226e-02
-6.436865672498059965e-02
-2.409962173534976326e-01
4.312113343710222146e-02
-1.623345169743629635e-01
-4.012542769863162162e-01
-7.127201441223274259e-02
1.708136722676200092e-01
-3.673901894637053855e-01
1.739316513088000615e-01
1.892268978124833634e-02
-3.915637841686673282e-01
3.245283995508734254e-01
-2.161903495522058405e-01
3.004361639140216145e-01
1.692757147749575086e-01
-1.089026559072713285e-01
-4.092243206632952823e-01
2.994506070998108616e-01
1.960299145959187861e-01
4.922264810710351712e-01
2.367090443816464163e-01
2.413859132790150408e-01
-9.205021699372117894e-02
2.251224856612946690e-01
1.851005021080086577e-01
