2.486152095514477800e-01
-3.275455060805798624e-02
-1.276441020519313296e-01
5.246432729509342696e-02
2.020210586712500866e-01
-9.873654008973264951e-02
-2.392876409040232133e-01
3.570090116703549254e-01
4.494005358121206939e-01
1.161626075102379918e-01
4.562267096319675419e-01
-3.695796270676698914e-01
6.716665207040783958e-02
3.947756457409661301e-01
-1.980945654696871783e-01
-3.309517242238722012e-01
7.077124016242497540e-03
1.140513373952812826e-01
-1.761569384143217842e-01
1.732036053325928249e-01
-4.876106250507271644e-01
-1.390336315689855162e-03
-1.144112628706838164e-01
3.193671751669546754e-02
-1.365298584615870503e-02
1.358856805412124169e-01
3.679331872447726415e-01
4.497130760228500446e-01
4.255738559448867253e-01
-3.601866417607256787e-01
1.201720495544934542e-01
-3.668272258155952370e-01
2.889607439626382668e-01
-2.315948515943999642e-01
1.231068122606137072e-01
-1.790134728605874415e-02
-4.869321698221528161e-01
-1.578908433876556883e-01
-3.286063492445780998e-01
-1.158067019486808125e-02
-4.330719364882597011e-01
3.929885874406678914e-01
-3.843984421386108519e-01
3.044332335856798633e-01
-4.585151713395766437e-01
2.463954604916523961e-01
1.211907447203750543e-01
-9.898729514858917167e-02
3.447785105910787795e-01
-3.724281442846547607e-01
1.238541076995840484e-01
2.944859246037775380e-01
-1.657887815107235152e-01
-7.509472359387880935e-02
2.717447661984294660e-01
-8.237346228338116028e-02
2.677382712334611670e-01
-4.294483483069488905e-03
1.476305429399834557e-01
-3.492788472828457502e-01
-2.574443079984025662e-01
2.508261398291227184e-01
-2.373064667164977992e-01
-3.240925622363444170e-01
4.872928815607392439e-01
3.435173934508479743e-01
1.298394992286788785e-01
-3.090080406408015623e-01
2.802086137042212322e-01
4.721967852890968098e-01
-1.966195522274015728e-01
-9.763353354869785949e-02
1.591229659933425244e-01
3.664364408660341077e-01
8.744592631966929819e-02
1.729331657440130732e-01
-2.492753887289352877e-01
4.568863742991893240e-01
-3.934901027532274886e-01
-2.452046449056387578e-01
-4.121127108287528928e-01
5.263500048684288668e-02
1.807733414409293804e-01
-4.552197152113826029e-01
3.569098640610192108e-01
-2.768403369667169489e-01
3.366280277684325917e-01
-1.299783435970371936e-01
-7.563779152207605883e-02
-4.887820043174766482e-01
4.781264509810678742e-02
-4.671977212221956055e-01
1.379267378739815753e-01
-2.042608884489449661e-01
6.552542499788205355e-03
-3.816018088627692872e-02
-7.899969666730677353e-03
4.023041525367738735e-01
-1.259767343499716974e-01
4.905193794976059340e-02
