0.000000000000000000e+00,0.000000000000000000e+00,0.000000000000000000e+00,0.000000000000000000e+00,0.000000000000000000e+00,0.000000000000000000e+00,0.000000000000000000e+00,0.000000000000000000e+00,0.000000000000000000e+00,-1.509879850596900885e+00
0.000000000000000000e+00,0.000000000000000000e+00,0.000000000000000000e+00,0.000000000000000000e+00,6.043411015465004477e-01,0.000000000000000000e+00,0.000000000000000000e+00,1.074558470403120358e+00,0.000000000000000000e+00,0.000000000000000000e+00
-6.605391160654073834e-01,0.000000000000000000e+00,0.000000000000000000e+00,-1.962027497314598579e+00,0.000000000000000000e+00,0.000000000000000000e+00,0.000000000000000000e+00,0.000000000000000000e+00,0.000000000000000000e+00,-1.691525680414925681e+00
0.000000000000000000e+00,0.000000000000000000e+00,0.000000000000000000e+00,0.000000000000000000e+00,0.000000000000000000e+00,0.000000000000000000e+00,1.443261516393037569e+00,0.000000000000000000e+00,0.000000000000000000e+00,0.000000000000000000e+00
0.000000000000000000e+00,0.000000000000000000e+00,0.000000000000000000e+00,0.000000000000000000e+00,0.000000000000000000e+00,0.000000000000000000e+00,0.000000000000000000e+00,1.825659590528844634e+00,0.000000000000000000e+00,0.000000000000000000e+00
0.000000000000000000e+00,6.414719858390058871e-01,0.000000000000000000e+00,0.000000000000000000e+00,1.136528033618019240e+00,0.000000000000000000e+00,0.000000000000000000e+00,1.146920129944367650e+00,0.000000000000000000e+00,-1.666152386002610175e+00
0.000000000000000000e+00,1.496662642114141573e+00,0.000000000000000000e+00,0.000000000000000000e+00,0.000000000000000000e+00,0.000000000000000000e+00,0.000000000000000000e+00,-6.487646498095782643e-01,0.000000000000000000e+00,0.000000000000000000e+00
0.000000000000000000e+00,0.000000000000000000e+00,0.000000000000000000e+00,0.000000000000000000e+00,0.000000000000000000e+00,0.000000000000000000e+00,0.000000000000000000e+00,0.000000000000000000e+00,0.000000000000000000e+00,0.000000000000000000e+00
0.000000000000000000e+00,-1.881243203599537228e+00,0.000000000000000000e+00,5.132412640405330517e-01,0.000000000000000000e+00,-1.629926482932661846e+00,0.000000000000000000e+00,0.000000000000000000e+00,0.000000000000000000e+00,7.752507981675696991e-01
0.000000000000000000e+00,-1.372336764064122416e+00,0.000000000000000000e+00,0.000000000000000000e+00,0.000000000000000000e+00,0.000000000000000000e+00,9.354983331987266615e-01,0.000000000000000000e+00,0.000000000000000000e+00,0.000000000000000000e+00
