8.6057,2.2011,1
3.8455,0.090895,1
4.3492,1.1623,1
3.6944,0.68416,1
8.5972,1.1078,1
8.2471,1.4711,1
6.4816,1.6879,1
10.157,1.7623,1
8.7588,1.3146,1
8.7488,2.0012,1
7.584,1.5836,1
4.9551,1.5046,NaN
3.8984,0.879,1
2.7178,1.0174,NaN
-3.4444,1.1107,NaN
0.34266,0.84965,NaN
-0.79008,0.98313,NaN
-1.8496,1.1703,NaN
-2.8148,0.8945,NaN
-3.6598,0.96581,NaN
-4.3497,0.90677,NaN
-4.8609,0.46762,NaN
-5.1827,0.55528,NaN
-2.4686,0.011962,1
-2.665,0.32515,NaN
-3.6881,0.26386,1
-5.2639,0.51919,1
-4.9434,0.3151,1
-7.1899,0.43671,1
-2.8438,0.59043,NaN
-1.0132,0.32281,NaN
-0.068634,0.55948,NaN
2.8273,0.0043125,1
3.1902,0.69595,1
3.1042,0.83154,NaN
1.1015,0.23713,1
-1.1658,0.5418,1
0.19233,1.7258,1
5.0694,1.3228,1
2.2496,0.91858,1
7.9197,1.0929,1
8.6455,1.542,1
7.4881,0.538,1
2.8567,0.71668,NaN
1.6164,0.019222,1
-0.40991,0.13913,1
-1.3459,0.020458,1
-0.50248,0.20376,1
-0.60536,0.55329,1
-0.44864,0.49855,NaN
-1.1967,0.56283,1
-1.0328,0.91295,NaN
-2.6268,0.4466,1
-2.9582,0.7721,1
-1.9538,0.54769,1
-3.762,0.45175,1
-1.6124,0.45605,1
-6.0563,0.54809,NaN
-7.2139,0.23513,1
-6.1877,0.1128,1
-1.4028,1.0828,1
-0.34547,0.68866,NaN
-0.6269,0.7489,1
-0.54393,0.15721,1
-5.0933,0.14752,1
-0.32567,0.88838,1
2.4332,0.44292,1
2.5083,0.30569,1
0.31479,0.67432,1
5.2908,1.4651,1
0.4075,0.4535,1
1.6818,0.8776,1
6.7323,0.201,1
9.1726,2.0554,1
13.923,3.2628,1
13.277,0.89141,1
12.828,1.5369,1
12.882,2.043,1
8.9774,1.7276,1
13.082,2.3949,1
10.217,1.6662,1
12.914,1.8619,1
12.313,0.9676,NaN
11.483,2.1283,1
11.988,1.1216,NaN
12.228,2.4183,1
11.882,2.9264,1
11.32,1.5958,NaN
8.446,2.2217,1
11.322,1.8934,1
11.488,0.081667,1
10.075,1.2596,1
11.582,1.7202,1
10.654,1.9385,1
10.497,2.6576,1
15.178,4.3013,1
9.7379,2.5361,NaN
7.325,1.1778,1
2.9984,0.482,1
6.8609,1.8981,1
9.3035,1.8505,1
9.5936,2.59,1
10.805,2.0518,1
12.028,1.0192,1
9.1834,2.8274,1
8.009,2.2414,NaN
8.0686,2.11,NaN
8.2356,1.6695,NaN
9.1989,1.1526,1
6.449,4.108,1
6.405,1.2259,1
8.624,0.7958,1
10.634,3.0243,NaN
11.336,2.8493,NaN
10.782,3.8664,1
11.959,3.853,1
10.362,2.0187,1
14.785,4.298,1
18.538,0.5412,1
17.412,5.792,1
17.984,7.5932,1
21.101,7.0477,1
13.902,3.8562,NaN
10.444,3.292,1
8.8548,3.6255,1
9.3549,2.6299,1
8.3709,3.4132,1
8.1141,2.4573,1
6.9316,1.0243,1
7.9832,2.121,1
8.0346,2.5963,1
13.342,2.9166,1
13.79,1.2544,1
12.836,6.5237,1
11.122,0.37114,1
10.237,3.2978,NaN
10.16,3.3942,1
8.2395,2.8131,1
12.432,2.0488,1
18.862,2.7688,1
14.236,5.594,1
14.144,4.9504,1
12.001,3.4668,1
13.539,3.5775,1
19.563,5.8068,1
20.505,5.4967,1
20.92,7.0282,1
21.113,2.968,1
23.217,5.5568,1
11.408,3.4352,1
11.765,1.7463,1
14.816,2.042,1
18.323,3.5105,1
17.235,7.8175,1
16.405,5.8601,1
14.938,2.7458,1
10.953,2.5977,1
8.0907,2.5442,1
10.881,2.9061,1
11.514,0.97167,1
13.892,3.1796,1
12.414,5.2515,1
15.941,1.8112,1
18.183,5.304,1
17.027,4.473,NaN
17.827,3.1614,1
19.332,2.6187,1
20.955,2.784,1
19.258,2.7895,1
22.64,3.4757,1
22.967,3.8456,1
22.843,4.6334,1
21.066,3.4962,1
21.791,5.8437,1
23.237,3.5373,1
21.734,2.7825,1
21.076,2.7292,1
20.58,3.345,NaN
21.786,3.7225,1
18.323,5.2435,1
18.382,4.3149,NaN
16.542,5.5591,1
18.884,5.6584,1
18.651,1.1635,1
15.299,3.7838,1
13.037,6.3098,1
15.733,5.2219,1
15.582,5.7088,NaN
13.316,4.4937,1
14.171,4.323,1
16.256,5.8932,NaN
15.623,7.1603,1
17.396,4.7805,1
19.169,5.2722,NaN
21.024,5.7781,1
24.398,6.8318,1
19.262,5.8696,NaN
21.813,5.2549,NaN
20.32,6.5405,1
17.513,5.5533,1
20.629,4.462,NaN
18.445,7.891,1
15.935,6.032,1
17.767,2.652,1
20.699,5.7923,NaN
19.835,4.9369,1
20.174,5.1878,NaN
25.692,5.3072,1
24.073,1.7898,1
18.438,7.2562,1
16.817,5.0591,1
16.458,0.0427,1
17.065,4.8983,NaN
16.533,5.3636,NaN
16.708,4.959,1
14.959,5.2075,1
15.921,5.4634,1
14.974,1.9975,1
14.862,4.3169,NaN
12.402,4.5874,1
15.058,4.4475,1
16.188,4.7118,NaN
11.377,3.8921,1
16.653,2.3616,1
15.075,3.9923,1
11.462,3.5981,1
15.803,3.2975,NaN
15.807,4.3724,1
19.341,0.91557,1
20.721,5.4265,1
18.604,5.6403,1
14.948,3.4563,1
16.454,4.0782,NaN
16.359,4.651,1
16.068,2.6337,1
18.207,4.3992,1
15.655,4.4116,1
12.39,0.7665,1
15.135,3.7323,1
16.052,3.5977,NaN
17.143,2.938,NaN
17.46,3.7948,NaN
17.812,3.0301,NaN
18.182,2.4049,NaN
19.397,2.0683,1
19.861,3.8994,1
21.49,0.7165,1
17.859,3.1402,1
18.807,3.692,1
20.405,4.5315,1
20.923,4.6894,1
17.044,1.6085,1
18.379,3.5387,1
16.283,4.8323,1
17.09,3.8671,1
17.92,4.2847,1
15.994,4.7105,1
18.061,5.3308,1
14.149,3.802,NaN
8.9513,2.5862,1
10.181,3.4434,1
11.206,2.517,1
11.211,1.1206,1
13.52,0.077167,1
12.918,2.9457,1
15.522,2.7316,1
13.996,5.4632,1
15.487,3.4819,1
16.429,2.9148,1
16.172,2.9915,1
14.584,1.5437,1
10.93,2.8074,1
12.978,4.0546,1
14.315,3.8002,NaN
10.179,4.0648,1
11.284,2.6567,1
13.508,3.6164,NaN
13.072,2.8269,NaN
12.592,3.3618,NaN
14.544,4.4502,1
13.391,2.53,1
13.874,4.877,1
10.906,0.64875,1
10.554,2.8805,NaN
10.425,3.3984,NaN
10.435,2.8162,NaN
12.838,0.4164,1
10.877,3.1355,NaN
7.3888,3.5424,1
11.78,2.8209,NaN
8.6588,2.6466,1
12.923,2.8333,NaN
13.943,3.0738,1
15.7,3.3619,1
14.873,3.4812,1
12.689,2.6461,1
14.34,3.6456,1
17.912,4.0683,1
15.29,1.6553,1
14.335,3.2442,NaN
12.548,1.2441,1
14.015,4.6878,1
12.922,2.8956,NaN
13.89,3.3848,1
13.618,3.1108,1
11.256,2.6815,NaN
10.75,2.539,NaN
10.29,2.9071,NaN
7.8285,2.3849,1
7.073,3.2425,1
7.9488,4.1838,1
8.7242,2.1494,NaN
8.6274,2.9753,1
9.1071,3.0843,1
7.247,2.0322,NaN
9.1861,3.603,1
5.5753,0.73673,1
4.7221,1.4839,1
6.1245,1.5228,1
3.3522,1.4385,1
2.1514,0.97352,1
1.9914,1.7925,NaN
1.2702,1.6283,NaN
-1.8837,1.3487,NaN
1.902,0.44541,1
0.89084,0.90266,1
-1.3825,0.79217,1
-0.56994,0.79306,1
0.6489,0.75103,1
1.4163,0.6889,1
2.2231,1.3802,1
2.4768,0.99959,NaN
3.343,1.0241,NaN
1.7432,0.50769,1
5.0539,0.74701,NaN
5.7957,0.85533,NaN
8.352,1.3823,1
7.0825,1.6639,1
7.0103,0.93896,NaN
6.9992,0.93885,NaN
6.7745,0.62923,NaN
6.3542,0.75042,NaN
5.7693,0.55928,NaN
5.0612,0.28087,NaN
4.2793,0.49846,NaN
1.7206,0.35938,1
2.5855,0.53085,1
1.7273,0.886,1
4.3892,0.53648,1
3.1772,0.33572,NaN
0.046679,0.85339,1
0.27769,0.66713,1
0.76578,0.31809,1
0.03425,0.44211,1
0.5025,0.3666,1
2.1251,0.13814,1
2.3191,1.1851,1
3.207,0.62472,1
1.8189,0.68409,NaN
3.7032,0.65711,NaN
3.8269,0.41174,NaN
3.7766,0.57036,NaN
3.5391,0.62802,NaN
5.0371,0.096917,1
5.0371,0.096917,NaN
