-7.5,1640
0.4,1240
0.5,1480
-6.3,420
-2.6,1740
-3.3,370
-5.9,1260
-3.5,980
-2.1,640
-1.9,1380
-0.1,480
-2.8,430
-0.1,410
1,420
-2.4,520
-3.9,460
-5.6,530
-1.9,460
3.5,480
-1.8,510
-2.3,2180
-1.5,540
1.8,590
-4.9,570
-6.1,640
-8.1,630
-11.5,2590
-6.8,1710
-4.6,1760
-4.5,2420
-2.1,2410
-5.1,700
-3.8,2400
-4.4,2880
-5.5,1940
-6.8,820
-6.5,880
-9.1,940
-15,1860
-16.4,970
-16.8,1130
-10,800
-9.9,1280
-10.5,2020
-7.9,3120
-3.4,3070
-2.6,2860
-6.5,1220
-6.6,700
-7.8,2760
-9.4,3140
-9.3,3520
-8.4,3800
-8.3,580
-8.6,2920
-13.1,3580
-13.5,3740
-10.6,3760
-7.1,1400
-2.5,2740
-2.8,3400
-5.3,1660
-2.8,2920
3.1,1780
2.5,2680
-1.9,1840
-3,600
-3.3,1420
-2.5,3900
-0.6,4140
-2.5,780
-1.3,3720
-2.1,3180
-1.1,3840
0.1,3900
1.3,3060
1.1,3240
2.8,3230
1.8,1920
-3,1210
-1.1,4260
1.3,550
4.6,1200
-2.4,2220
-2,1980
2.8,530
2.6,960
0.3,1560
-1,2340
3,550
1.6,4910
1.8,3760
0,870
-2.4,3230
-2.4,1870
-1.4,1810
4.6,5140
7.9,4850
3.1,2370
-2.8,780
-7.4,2270
-7.5,4120
-6.8,5380
-0.5,3560
3.6,5440
3.1,3520
1.1,2298
-0.8,2941
-1.1,2610
0.1,2555
6.6,2883
0,1235
3.1,2662
3.9,1812
7.6,3791
5.5,3622
4.1,2856
5.1,813
6.9,1449
6.5,987
10,4121
7.9,3607
10.5,4345
10.9,4610
9.3,2695
10.3,3803
8.3,2941
5,4377
6.8,3924
9.4,3481
9.9,2083
12,5410
12.1,4633
9.4,2708
7.4,1644
7.5,2257
11.8,4783
15.3,4241
14.8,2863
17.1,5409
12.4,1822
11.6,5459
14,5421
8.6,2950
12.5,7151
16.5,5822
13.8,2740
8.8,2628
3.9,2871
2.4,1427
4.6,4201
6.4,3386
7.1,1769
10.3,6391
2.6,1700
3.4,4084
2.4,3131
2.8,1249
8.6,3245
11.3,5657
15.6,7395
7.6,2610
5.1,1467
6.3,1056
11.3,1262
17.1,6597
15.4,4303
14.5,5183
15,3655
16.4,5280
14.3,4969
15,3067
19.4,7159
17.5,4815
13.6,6903
16.5,6748
17.3,7420
18.8,7638
19.5,7447
19.5,7676
16.6,8299
16.1,8167
17.5,7943
16,5767
16.8,6851
17.4,7005
12.8,2019
10.3,3913
8.5,2737
10.3,5579
10.1,1960
10.3,3165
10.4,3908
8.5,4617
9.4,6920
12.6,7917
15.5,7787
17,7343
11.4,1549
10,3699
11.8,5747
12.5,5985
15,7617
15.3,4986
7.1,3647
11.9,7140
15,6281
16,7194
17.3,5502
18.4,6606
17,6667
18.8,5100
15.8,4510
18.1,7136
22.9,7122
15.9,3597
12.3,5177
15.6,7160
15.9,7141
12.5,5400
15.9,5610
13.6,4569
14.8,5352
11,1270
12.1,3595
12.6,5548
16.8,5715
16.4,5614
16.4,3778
14.3,4292
11,1394
11.9,4702
11.9,4917
16.4,6306
9.6,1805
8.3,1194
8,4514
13.8,3985
7.6,3817
5.3,2662
6.3,3924
6.4,3351
6.3,4077
7.5,5012
10.5,4790
10.6,5197
5.6,3420
8.5,6133
13.4,5338
9.9,5033
8.6,4283
8.3,2237
8.3,3840
8.1,5283
11.9,3517
13.6,1662
13.4,451
16.1,4176
15,3740
14.4,2770
7,866
6.4,4676
8.4,3442
9,4733
9,4787
9.4,4447
10.9,1769
8.1,947
6,4521
5.6,3947
7.3,4373
8.1,4347
9.5,3874
11.1,4392
11.6,4309
11.1,4164
12,4073
12,4065
12.5,3694
10.1,2038
7,1324
6.3,3522
9.1,3641
11.1,2837
9.8,3147
8.8,2951
9.6,3103
9.5,2884
7.9,3321
6.4,3171
7,2934
5.8,412
5.6,242
4.9,1614
9.9,356
2.4,855
2.5,2185
2.5,563
0.6,845
0.3,2426
3.9,1997
4.9,407
2.8,963
4.5,1727
7,540
1.5,544
-1.6,2644
-1.3,1124
1.3,1826
2.1,398
1.9,2299
7.3,2429
1.9,1049
8.9,2273
6.5,2281
5,2157
2.5,2110
5.8,783
8,827
7.4,2029
6.3,544
2.5,1962
5.9,1691
3.3,265
2.1,877
4.3,172
-0.4,385
0.8,1834
3.1,1887
3.5,1713
-1.5,1194
-2.1,1526
-3.3,1800
-1.4,1814
1.3,1817
0.8,1714
5.3,1780
6.1,1791
4.5,1748
4,922
4.3,1017
2.4,1527
2.8,751
0.6,399
0.3,712
-2.9,626
-0.1,990
-0.5,605
-0.9,1033
-1.6,243
-1.4,390
3.3,488
-2.8,286
-3.4,351
-4.3,665
-6.8,229
-8,405
-11.5,872
-7.6,1271
-2.6,209
-3.9,501
-1.3,350
1.5,303
1.5,415
1.8,195
4.8,219
-0.8,398
-6.6,301
-4.3,1281
-1.1,530
-3.5,560
-8.6,1007
-12.3,1902
-4.4,1453
-4.8,926
-17.4,966
-22.9,1555
-14,947
-9.8,1362
-12.5,737
-11.9,617
-10.5,493
-8.8,426
-8.5,390
-7.5,1560
-9.9,2257
-7.3,2116
-2.4,2238
-1.6,610
-2.3,2195
-4,810
-6.8,1730
-5.5,1158
-8,2450
-12.4,2380
-10.1,2530
-5.6,2590
-3.3,2657
0.4,505
0.8,1222
-0.4,2648
-1,1235
-0.1,753
1.6,905
4.8,2784
1,648
1.1,2376
2.6,2117
-0.9,1217
0.6,1007
-1.6,480
-4.5,1036
-5.1,340
-5.6,853
-7.1,490
-5,431
-4.4,1010
-4.3,807
-4.8,1230
-7.5,3785
-0.8,1940
0.9,470
3,420
3.1,828
3.9,886
2.8,234
-8,736
-8.4,3190
-7.8,2920
-9.8,4383
-8.9,4245
-6.1,4215
-7.3,4401
-5.6,4565
-5.8,4647
-4.8,4179
-2.6,3791
-4.5,4652
-3.8,4030
-4.6,1545
-3.6,2845
-1.3,687
-3.3,1543
-4.1,3184
-2.9,5397
-2.1,2492
1.1,1826
2,1424
5.3,2040
1.3,1390
5.8,2001
0.5,1173
-0.6,3447
-3.3,4331
-2,3198
-2.1,2610
0.6,5065
5.6,3137
3.5,2083
5,5310
6.8,5010
7.8,4447
6.8,1828
5,1078
1.6,952
3.1,4360
-0.8,2210
0.3,3470
1,5334
3.9,5813
5.5,6083
7.3,6276
10.4,6526
11.3,4624
7,1984
0.4,2970
4.4,6963
7.9,7086
10.8,6983
12.5,6562
9.4,4310
9.3,4165
11.3,7477
14.1,6614
12.9,4300
12.1,5483
11.4,5747
1.6,931
0.3,1971
2.3,1034
2.9,1310
2.6,2659
6.8,7616
10.3,7416
10.8,3737
7.1,5660
5.1,2433
0.3,3285
3.1,4417
3.1,1762
1.3,3727
7.4,7036
6.8,3330
5.1,1360
2.9,1406
-0.5,1376
1.9,3926
5.6,6963
8.8,6133
10.1,7300
12.4,7220
8.6,2740
8.8,3445
6.6,2853
8.4,6626
7.5,2297
8,3865
10.6,6273
10,1427
7.5,2143
8.4,2752
13.5,5669
11.8,1360
6.5,3443
5.3,4927
8.6,6166
11.8,6415
12.6,5670
14.5,5950
9.9,1700
8.5,2260
4.8,1780
5.3,3670
5.4,2260
6.8,2400
7.1,3490
8.1,4200
9.6,4100
10.9,3400
10.4,2720
12,7500
9.9,3150
13,6750
17.1,5150
20.9,7090
20.6,6950
17.5,3080
17.3,4500
17,4800
16.3,4390
16,5560
18.5,6690
18.1,5640
13.6,2180
12.4,7040
13.9,7530
18.4,7536
16.8,5177
16.5,7008
18.3,5790
19.1,6103
17.6,4103
13.6,2938
10,1040
11.5,4343
11.1,3927
9.9,2533
10.8,4071
13.4,5221
14.5,5340
11.5,4217
7.5,4397
9.5,1350
10.5,3621
14,5010
11.6,3177
12,4923
11.4,1000
11.3,891
13.3,767
9.3,2797
6.4,4073
7.3,5121
8.3,4997
11.6,5903
11.5,3377
10,3345
10.8,5170
13,4460
16.3,6010
18.5,4673
13.3,5578
16.6,6193
19.4,5303
14.4,1651
15,4023
15.8,5500
18.1,5960
19.8,5606
15.8,1897
13.3,2984
9,2256
9.6,4564
10.6,2236
9.4,3708
12,5308
14.1,5285
18.5,5723
15.5,3890
15.1,3253
15,5143
15.3,3293
12.8,2798
11.1,4188
13.9,3256
10.5,3001
10.9,4302
12.9,4476
12.1,2126
18.1,3242
17.9,4926
19.1,4533
15.4,4087
16.3,4535
20,4629
19.3,4647
17.3,3584
18,4384
17.4,5033
17.9,4103
12.5,1963
8.8,1447
9.4,3098
8.1,627
4.9,3319
3.4,4087
2.6,4778
3,4934
5.3,4659
5,4440
9.8,2097
11.9,2610
12.3,2917
10.9,2880
8.4,2576
7.3,1851
7.6,4045
13.4,3753
8.1,1060
2.5,687
4.6,837
6,1423
11.9,891
9.8,2101
7,1437
5,2563
4.8,3724
8,3290
9,1216
4.4,1040
4.9,829
5.8,2040
6.9,915
7.4,1627
9.4,2070
10.8,1700
9.6,1826
7.1,1391
7,2572
8.4,1242
6.1,1610
3.8,493
1.6,2758
0.9,2733
2.9,2774
3.4,2700
7.9,2071
7.1,943
5,720
3.4,1515
4.8,276
3.5,353
-0.6,540
0.4,1306
6.4,278
2.8,698
1.1,521
3.9,817
-0.3,509
-0.1,683
-0.4,574
-1,1643
-2.5,653
-3,1051
-2.3,1821
-1.9,717
-2.3,710
-2.5,488
-2.8,465
-2.5,272
-3.8,405
-4.5,779
-2.9,1206
-0.3,897
2.3,409
-1.4,297
-7.5,460
-10.4,1684
-11,1810
-4.3,1436
-5,714
-6.9,1256
-0.5,958
0.3,467
4.8,236
7.4,478
9.1,260
3.3,506
4.5,622
2.8,1628
2,1276
0.9,1398
3.3,1665
2.5,388
1.9,407
7,1014
3,1562
6,1552
6.4,1090
3.6,942
2,185
6.5,265
1,348
3.5,190
5.1,997
3.1,493
-0.6,601
-3,1826
-1,1813
3.1,936
-0.5,494
-4.3,1649
-1.6,1960
2.5,812
0.5,1392
2.1,1240
3,315
2.4,2201
-0.1,2183
2.1,2124
-0.6,552
-2.1,931
-3.1,1770
3.4,276
3,462
1.8,266
2.4,1633
2.6,550
0.8,873
-1.6,673
-2.5,1060
1.5,1049
0.6,527
0.1,460
1.5,1484
2.1,343
0.9,730
-0.6,726
-2.8,753
-0.1,697
-2.4,817
-1.1,683
-2.4,900
-4.9,3430
-3.1,3426
-1.4,3650
4.4,3501
-1.6,1912
-1.4,2414
-2.5,1009
-2.9,1142
-3.1,3783
-2.5,3848
-3,847
-4.1,1926
-5.6,1406
-5.5,1301
-5,1240
-5,1313
-4.8,1565
-5.1,1416
-4.3,3020
-4.6,4060
-2,2305
-3.6,1760
-4.3,1466
-2.4,1540
-6,2776
-7.6,4349
-3.8,3293
-1.5,670
-0.8,1113
-0.4,860
-0.5,1247
3.3,3349
0.5,833
-0.3,1155
-0.1,2433
2.9,2938
6,4400
4.4,967
1.1,1900
1.1,1140
1.6,1259
1.1,627
0.3,2364
-0.5,1983
0.4,2633
2.3,3913
1.1,2095
-0.9,1909
-0.8,3017
-0.1,6305
2.4,4603
3.8,4469
2.3,2300
4.4,3484
5,3078
4.9,1535
3.6,2723
0.1,3348
3,6942
6,3876
1.6,1338
2.4,7100
5.3,6395
9.6,5273
6.9,2966
7.9,5814
8.6,7131
4.8,1964
4.4,4543
6.3,5560
4.4,4912
3,7624
3.6,7550
5.1,4603
4.9,2685
3.3,2316
5.3,5740
7.3,3726
11.1,5745
8.8,4320
6.4,5310
7.4,5583
8,2692
12.4,7909
15,5017
13.6,3797
10.5,4024
10.4,2740
11,4712
13.6,7377
13.8,5585
13,5036
11.5,3933
11.6,3467
11.1,3902
9.5,2183
10.1,4888
4.4,1644
3.9,3710
7.9,8138
10.5,6722
12.4,3910
15,7431
13.4,6112
11.3,2826
7.1,3358
6.6,3223
7.4,5660
7,4055
7.3,3007
9.4,3217
14.3,7456
8.1,1684
6.6,2720
4.9,1743
5.9,1786
9.6,4113
13.3,5672
14.9,6681
12.4,3669
13.4,6059
12.3,5116
13.8,6962
14.9,8397
12.5,4016
13.3,6962
13.6,7184
14,5863
12,9045
10.9,6792
13.9,4874
11.9,8636
12.9,8976
11.9,4040
13.3,4014
13,7067
12,4683
14.6,6898
15.9,5697
12.6,5041
11.6,4807
10.5,4250
14.3,6917
13.3,5213
13.6,6815
11.6,5528
13.5,5867
12.3,5817
16,8606
17,8523
13,6226
14.8,7306
9.9,4164
7.6,1643
8.9,2405
10.6,4559
10.6,2973
12.9,8695
16.5,8397
16.9,6783
19.9,7179
21.9,7600
11.9,1795
13.9,7820
18.9,8260
11.8,1719
14.4,7617
12,4108
9.6,7086
16.1,7597
15.5,7258
17.3,5928
10.3,2117
11.5,7415
10.5,4728
14.6,7619
16.1,7719
17.3,6412
16.4,6602
18.1,6609
18.4,4897
15.4,3870
15.1,4699
19.3,6757
18.1,6510
15.3,4640
14.9,5591
15.8,6915
18.3,5903
10.9,2072
9.6,3183
9,3733
9.4,3592
9.4,4378
7.5,1847
8,1540
13.9,3992
15.4,5619
11.9,2353
7.9,5866
10.8,5935
14.3,4766
8,2367
10.6,1708
13.8,1550
15.4,3227
13.3,5079
11.8,5971
9.5,5902
11.3,5671
13,5049
13.4,3038
11,3578
5.9,2276
5.3,1886
4.6,2150
5.5,2201
4.4,1074
6.5,2329
10.5,4360
9.1,2460
8.9,4863
11.1,4562
9.1,2252
9.6,3845
9.8,2500
12.5,4792
10.1,4747
14.3,3935
7.1,1015
4.5,640
6.3,695
8.1,1821
8.8,3414
7.3,1952
7.5,863
7.5,673
2.9,2520
3.8,1000
13.9,3785
6.1,1292
8.9,1550
9.6,805
8.6,3224
10.6,2623
10.6,3595
11.5,2931
12.6,2259
12.6,1897
10.4,690
5,571
4.9,3326
6.3,1300
8.5,3093
7.4,883
6.1,2503
6.1,3058
11.6,2847
11.9,2462
4.9,355
0,2876
-2,2894
0.5,3002
2.5,796
-1.9,2430
-3.5,2765
1.8,1803
0.4,2478
0.6,2563
0.3,2524
7,974
7.5,636
7,1599
7.6,1282
4.6,248
-0.3,1542
2.1,909
2.9,1407
4.5,2294
3.6,265
-0.8,630
-1.6,673
-8.1,469
-9.9,2100
-5.3,1038
-2.6,1070
-2.4,996
-4,1957
-2.6,1250
-1.4,1092
1.8,230
4,485
2.5,837
-0.4,314
0.6,666
5,156
0.8,219
-2.8,208
-3.1,778
-2.3,593
-0.8,504
2.3,382
1.5,410
-0.4,230
-1.8,751
-1.1,548
-3.9,140
-8,1735
-5.5,928
-2.1,592
-0.6,192
-3,373
-3.4,558
2.6,761
2.8,381
3,159
2,587
0.8,515
1.8,1150
3,1480
-0.1,856
0.8,1773
-1.4,1810
-3,1420
-1.9,702
-1.5,1824
1.8,1899
-1.4,631
1.3,391
0.1,269
2.8,774
3.9,1776
1.1,395
0.4,1530
4.3,1168
0.1,1692
3.5,1720
0.5,1137
2.5,1879
-1.6,1290
-1,2144
-2,2044
0.1,2204
2.4,1924
-0.1,496
-1.4,1953
-5.4,1145
-1.6,2298
-1.1,2514
-1.6,2621
-0.6,2599
-1.5,2655
-1.8,2605
-0.4,2714
0.9,2940
-1.3,2964
-1.3,2977
-0.3,2942
0.8,2417
0.3,1202
0.8,2939
1.5,3170
1.4,3175
1,3209
-0.1,3275
0.8,1627
-0.8,1888
-3,528
-0.5,2428
-1.4,642
-0.9,2102
2.5,676
6.1,230
4,214
0.1,386
2.4,332
0.8,644
0.3,1338
-0.1,2512
-2.1,1137
-2.1,820
-2,1111
-0.6,1742
1,1559
1,1428
0,1857
2.8,3925
4.6,4885
6.9,3781
-1.8,1086
-1,4474
3.5,4360
5.3,4868
7.4,3885
3.4,1548
0.6,4558
2.5,659
4.9,427
1.8,1040
-1.9,500
-0.9,4717
1.6,5414
0.9,2330
4.3,1495
-2,2388
1.5,2490
4.1,577
5.9,5448
8.9,5929
11,5663
10.5,5306
10,5580
10.3,5061
5.8,931
4.3,599
4.4,3955
2.4,2290
0.5,1148
0.8,3677
2.5,3398
3.1,2426
6.6,5218
6.5,2241
9.3,5433
5.1,2358
0.6,981
0.5,688
1.4,1994
4.3,4596
1,1319
0,2488
2.3,3084
2.4,3216
1.1,1278
-0.1,2210
2.3,4797
6.5,4069
6.1,2389
2.1,2879
-0.6,2722
-1.8,1822
-0.6,2541
1.5,3886
3.1,5575
6.9,7740
10,6839
11.6,7647
11.8,7748
9,6425
5.5,8111
7.8,8167
12.3,8183
7.9,1604
8.6,2597
6.3,2436
6.4,3954
5.4,6161
6.8,5507
9.4,7633
11.4,6307
13.3,7542
13.9,7354
14.6,7102
14.4,7421
14.3,7886
14,8116
13.9,8098
14.4,8384
13.9,5739
14.6,4869
10.8,4076
9.9,3704
10.8,5155
7.8,2314
7.3,3473
7.8,5449
6,4575
6.1,5262
3.5,3225
6.1,5146
5.8,5753
6.5,6381
10.3,7809
11.3,4533
11,6657
11.9,5850
13.6,8456
13.4,8080
13.3,8258
13.3,7146
13.4,8556
15.4,7082
15.8,7036
16.3,7965
16,7160
9.9,2386
7.8,1519
11.4,2455
16,6570
15.9,5772
14,7286
8.9,4238
10.8,6553
11.8,4311
13.3,4613
11,2838
9.4,2736
11,1191
15.8,3648
19.5,7155
18,4707
14.6,5052
13.6,2710
13.9,3673
12,1607
13,6526
14.1,6199
10,5192
10.9,7931
14.5,7442
10.9,7159
10.8,2694
10.6,7863
13.5,8137
17.6,7389
18.6,3848
20.8,5261
18.5,5122
14.9,5392
15.3,6547
16,6105
12.5,4135
14.1,7282
15.8,4472
8.8,3112
5.9,1705
7.9,4690
9.1,7553
12,7235
15.5,6703
14.6,2940
15,5726
12.3,2934
12.6,5473
13.1,5151
14.6,4783
12.5,2292
15.4,5710
14,4533
17.4,6839
19.1,6747
15.6,4116
12.6,4986
14.9,6875
16.9,6706
16.1,5362
15.6,3537
14.5,5446
13.3,5971
12.8,4941
12.1,683
10.3,1016
5.6,2189
5.9,3863
7.4,6342
8.9,6333
10.3,3746
8,687
6.4,1836
5.8,1241
6.8,4261
7.5,5162
10,5951
10.4,4836
11.1,4070
11.8,3271
11.4,3383
10,1856
9.5,2845
9.6,2004
8.9,860
11.6,4401
14,5079
14.4,4795
13.3,3781
12.9,4391
14,4283
12.5,3492
8.3,683
7.4,2112
7.6,2406
7.6,3556
4.1,995
4.8,2728
4,1681
5,2484
6.4,1855
4.8,1699
3.4,1830
4.3,4488
6.5,4059
6.3,903
3.9,886
1.9,594
1.8,1254
1.8,1155
3,1360
4.5,1460
6,3566
5.1,985
1,2211
2.5,3602
5.6,3593
7.6,3055
7.4,2862
6.8,572
12.5,2686
11.5,3065
13.4,3151
10.4,2860
9.8,2888
9.4,2624
8.4,2873
8.1,1707
5.6,233
9,365
8.3,259
7.3,1836
9.5,1271
4.6,635
1.6,512
0.9,1005
-1.3,270
-1.3,1061
4.9,1317
-0.5,1549
-0.6,2505
1.5,2207
1.8,2367
-0.3,2542
0,2367
1.5,2257
-1.5,1981
-3.3,2135
-0.3,2219
3.3,2074
2,1735
6.5,1523
1.6,638
-6.1,2392
-5.1,2255
-9.3,322
-7,2240
-4.3,1973
-1.8,1394
-4.9,2194
-1.8,1789
-2,1944
-1.1,1836
-1.5,1721
-3.1,2006
-4.4,1735
-4.6,1632
-1.8,607
-4.8,642
-3.9,1922
-5.6,1577
-0.5,672
0.6,354
4.4,94
10.1,752
7,54
11.8,1235
7.6,474
7,588
3.6,418
8.5,751
8.4,174
5.8,495
0.3,789
1.5,1023
0.9,1647
-0.4,1362
-0.8,1700
-0.4,1650
-1.9,1756
-2.6,1698
-2.6,1683
-2.6,1696
-2.9,1725
-2.8,1829
-3.3,1806
1.1,355
-1.4,536
-2.6,1768
-0.9,1835
-1.9,1904
-1.5,1820
-2,2013
-2,2002
-0.9,1868
-0.3,1971
-0.3,1909
3.3,930
2.8,684
-2.3,1419
-2.3,1954
1.4,708
2.5,1145
0.8,2168
3.6,1849
1.9,200
5.3,200
0.1,425
2,1568
1.9,610
-0.9,2448
2.3,569
2.5,1868
3.5,1467
1.4,679
3.5,1934
1.4,2586
3.4,2744
5.5,2826
6.8,2221
5.3,574
-2,2594
1.6,1082
-1.3,1068
-2,640
0.1,645
3.9,185
1.3,158
-1.5,1248
2.4,1023
5.8,2943
7,2113
6.9,3298
6.8,2972
7.4,2962
7,3445
10.8,3510
9.5,3033
4.3,218
0.1,228
1.9,404
-2.1,876
-3,1311
-2,3259
-2.6,4350
0.5,4420
4.8,3423
2.5,4032
8.5,3694
5.4,1511
4.9,564
8.9,4455
6.1,2569
5.3,4503
4.9,874
5.8,3467
7.3,4673
5.6,5034
6,3913
5.5,3717
6.8,995
13.1,3311
12,4387
4.4,4331
5.8,5437
-0.1,3467
-1.6,2516
-1.1,1912
-0.8,1388
0.6,1886
3.9,1648
7.1,5441
6.9,5728
7.8,4120
2.8,1395
0.4,3761
-0.5,3385
1,964
0.8,648
-0.4,1009
-1.8,1780
0.9,5455
0.9,1002
2,3796
6.3,3334
0.9,1643
0.6,1555
1.3,3633
0.4,2734
0.8,3051
0.9,2977
4.8,5244
4,2562
4.1,2610
3,1060
4.9,3358
4.1,3342
6.4,4309
5.4,1410
5.4,6651
8.3,7417
11,6703
13.9,7421
14.3,7260
13,7584
14,7700
13.6,7446
10.6,4475
8.6,3025
8.4,3717
9.9,4990
10.9,4816
8.8,4246
8.4,7749
9.8,4633
11,5211
12.5,5849
14.5,6819
12.9,7119
12.4,4373
11.6,3867
13,5749
10.5,2537
12.5,6034
12.8,5112
10.6,2092
8,2893
8,6701
9,8309
7.6,7400
6.8,8433
9.5,8208
11.5,7759
14.4,8035
8.9,1642
9.1,3205
7.6,3176
9.6,5475
7.8,2249
9.6,1256
6.6,2629
5.8,4177
7.1,2796
9.8,4560
10.3,4107
7.6,1648
9.1,5467
10,4708
10.5,4845
13.1,7296
11.4,3027
14.1,7523
10.6,1319
13,6740
10.3,5112
9.8,4657
12.9,5345
16,8301
18.8,7589
17.8,6670
14.9,4102
16,5888
15,6328
11.3,5718
11.6,6577
8.5,1323
10.5,4910
10.5,812
6.9,2297
9.8,3778
13,2093
14.6,2555
7.6,3780
11.1,6408
15.4,8441
18,8131
16.6,7496
16.8,8257
17,6385
14.8,4138
12.8,7854
13.6,7585
16.1,8077
19.6,7902
19.3,5585
14.9,7287
13.8,8051
13.1,6480
16,7874
18.4,7135
20.6,6917
18.4,4304
17,3695
18.5,6371
19.1,6119
20,7139
19.6,7358
20,7483
20.1,6025
12.5,3827
8.9,2434
10.9,6763
12.8,7218
15.5,6953
17.8,6024
19.4,6876
16.9,4058
12.9,2651
15,4886
13.3,2524
9.3,4596
12.1,6014
15.4,5685
15.8,3986
9.3,2050
9.8,4949
14.5,6761
16.8,6354
14.6,1415
14,1963
15.1,5059
13.8,3389
15.5,4640
16.8,5012
8.6,465
7.9,2481
10.8,4039
11,1423
12.9,4661
8.5,5213
10.5,4739
7.1,1736
6.3,1924
7.3,3195
8.1,4539
6.5,2973
9.6,5573
7.9,5350
12.4,5297
10,3817
8.8,4229
8.8,4254
6.8,2542
13,4619
9,2882
9.3,783
11.9,659
8.8,2250
5.5,1673
6.3,2324
5.8,3780
6,3558
6,4726
12,4506
15,1471
12,797
11.3,3063
12.8,4392
5.6,1041
6,4480
12.5,4207
9.9,1947
2.6,2547
4,4096
6.9,3958
8.6,4015
11.5,3608
13.1,2917
13.5,3402
13.5,3122
12.6,1429
10.8,2980
9.9,2966
9.9,3050
8.1,937
5.8,851
2.5,3400
4.4,3181
6.9,1476
5.6,2090
5.6,2534
3.8,724
7,966
3.8,691
4.5,793
5,311
3.5,602
0.6,376
0.8,349
-0.5,932
-1.5,1200
-3.1,2066
-3.5,2737
-3,2718
-1.4,2672
4.8,930
4.9,262
1.4,1957
3.6,1586
5.5,319
2.6,189
4.9,1746
6.4,460
3.8,477
2.5,355
5.9,379
0.5,419
-0.9,426
-2.1,525
-1.4,852
-0.4,590
-0.5,1772
-2,1583
-2.6,379
-1.5,798
-3.4,603
-6.5,1857
-2.4,674
-3.3,713
-2.1,499
-3.9,1317
-8.9,1947
-8.8,1842
-1.3,1138
-2.3,382
-5.5,220
-5.1,1789
-3.9,188
-3.5,315
-4.3,549
-6,599
-6,917
-6,694
-5.1,395
-4.8,222
-4.3,1416
-2.3,415
1,514
0.3,596
0.1,1541
0.8,1140
-0.5,899
-0.5,580
-0.8,1482
7.1,162
5.1,146
3.4,281
-1,312
2.5,213
5.1,795
1.6,124
0.3,1289
1,473
3.4,121
2.8,618
5.1,202
11.1,728
4.5,120
0.1,539
-2,177
-3.9,357
-5.6,1995
-6.6,2033
-2.5,1898
-4.6,2199
-2.3,991
-2.4,522
-2.3,557
-4,477
-7.1,637
-6.9,909
-6,2226
-6.3,2424
-7.3,1077
-8.1,2127
-5.1,2576
-6.4,2560
-9.6,2586
-8,2593
-3.5,2428
-2.3,2378
-5.3,2285
-11.3,1184
-14.5,2228
-11.6,1999
-8.8,1322
-4,403
-3.4,2037
-7.9,997
-7.6,1239
-9.8,1956
-7.8,2070
-5.3,1924
-4.4,910
-5,3350
-0.8,1220
1.3,3612
1,3533
0.6,3488
0.3,1934
2.5,1549
6.8,3683
5.4,3252
4.1,3825
3.9,3721
3,1005
1.8,2475
2.8,826
4.3,1427
5.1,3620
5.3,1899
7.5,2443
9,2483
8.1,2697
3.8,608
4.3,3065
3.5,1069
3.5,3555
3.8,4656
3.8,4646
5.6,3214
5.3,4604
5.8,2410
5.3,1553
4.8,1165
7,1036
8.8,3070
1.3,930
4.1,2120
4.4,1032
2.8,403
1,372
-0.6,804
-1.8,3802
-3,2816
-0.1,4524
2.4,5573
3.5,5484
5.9,4988
7.9,4411
4,1681
2.1,2562
3.8,3135
4.4,1855
3.8,1099
4.9,3004
6.1,6036
6.9,6484
7.6,6195
7.3,4501
6.8,4328
7.5,6182
7.3,6114
-1.3,3495
-1.8,3524
-1.6,2762
-2,2354
-1.5,5914
-0.5,4138
-1,3741
0.4,4764
0.9,4824
4,5828
3,3358
4.5,2791
7,4371
5,848
3.4,1525
2,1807
1.4,2131
1.1,3576
1.4,2596
2.3,3138
3.4,3371
5.6,5465
7.3,6553
7.1,4213
5.9,670
4.6,2194
5,4662
6.9,2653
3.4,4712
0.8,2850
1.5,3519
2.3,3220
5.4,3984
7.8,5728
10.5,6931
13.9,6798
9.3,8356
4.4,6134
7.8,7986
7,2441
9.6,8317
10.8,8400
11.5,7581
13,6505
13.8,7672
13.3,7615
12.9,7966
9.4,4275
5.8,5597
8,7307
7.9,2238
8.3,1893
7.8,2161
10.8,2296
10,5047
10.1,6203
11.9,6386
11.1,3763
10.5,2518
16.6,7983
10,1513
5.6,1466
6.3,3846
6.8,4490
8.3,1845
12.9,6281
16.3,6580
16.9,6660
15.8,6220
17.1,5006
14.1,2775
7,3902
6.8,1848
7.8,3018
13,8074
16.1,8151
16.4,7991
18,7695
18.6,6981
20.9,7012
21.3,6107
21.3,7529
18.1,6278
15.4,3641
18.1,7994
21.3,7933
20.4,5916
18.3,5440
12.6,2241
14.9,7388
15,6832
14.4,4389
15,5672
15.9,2817
13.8,6851
13.9,7009
15.6,7958
18,7886
12.6,2003
10.5,4757
9.9,2025
11.9,3674
15.4,7039
18,7623
18.9,6046
13,3666
13,3320
14.5,4704
15.6,4646
15.8,4562
16.9,5119
18.4,7183
20.1,6591
16.3,2733
14.3,2629
16.1,6245
19.4,6992
17.9,5216
16.1,6779
15,6211
15.4,6054
18,5216
16.8,4947
13.1,5393
10.4,6967
12.1,6555
15.8,6594
19.5,6057
17.1,5163
15.4,3569
14.6,3860
16.3,6571
13.9,6300
13.3,5932
12.8,5244
13.1,6475
14.4,6179
14.9,5395
14.3,2357
15.6,5846
14.5,5340
15.5,5628
13.5,5404
14.4,5689
13,5907
11.6,5808
15.8,4945
14.5,1765
12.3,1657
10.9,819
12.5,1298
12.8,3209
14.6,4508
12.4,1928
11.5,5166
11.8,4995
12.6,3174
13.8,4095
14,3553
7.8,1737
12.1,4853
14.8,4073
9.8,774
5.5,1162
7.3,1632
8.5,990
8,2133
8.3,2933
5.9,1656
6,4352
8.4,4257
10.8,3783
8.1,1060
9.5,2088
9.1,1012
10.5,3778
10.3,3548
10.6,2778
8.8,492
8.1,1201
7.8,3095
8.6,2737
8.9,3313
6.4,246
3.3,1105
0.5,635
0.5,1066
-1.3,1099
-3.4,2883
-0.9,1611
0.8,2588
2.3,680
2.9,2080
3.8,3074
6.1,1773
1.3,3011
3.4,2466
3,1321
4.5,2815
7.8,190
10.5,1137
2,839
0.4,523
-0.8,945
1.6,228
4.1,430
0.1,408
-2.3,1718
2.6,1713
4.8,200
3.6,207
0.1,423
1,559
-0.8,300
-0.8,685
2.4,216
1.9,650
0.6,206
-1.8,161
-2,289
-1.9,282
-2.3,382
-1,1751
-0.3,1829
1.3,1741
1.1,1686
1.1,1759
0,1821
-1.9,1834
-3.6,1609
-3.8,1693
-6.3,1594
-3,363
-5.5,1716
-3.1,728
-3.5,508
-6.6,1099
-10.8,1525
-5.8,1527
-6.4,1655
-5.5,1762
-3.4,1574
-3.3,1542
-0.4,1110
2.1,191
-0.3,337
2.4,122
-2.3,227
0.3,189
6.4,170
3.6,404
-2.3,863
-3.1,466
-2.1,563
-1.4,196
-3.6,1242
-5.3,1438
-2,722
-3.3,1683
2.3,1541
2.6,1550
2.6,1557
1.8,1079
3,639
2,1231
2,1522
4.6,1097
5.6,396
-0.4,294
-2.9,804
-2.4,1787
-2.6,425
-2.6,1603
-1,619
-3.6,650
-1.8,694
-3,1198
-3.6,886
-2.9,441
-10.9,2003
-9.3,1714
-5.3,1946
-2,2004
-2,2020
-1.6,1783
-6,484
-5.3,1651
-0.8,2157
0.9,2131
0.8,2320
-0.3,2448
1.4,2061
0,831
-0.5,359
1.6,412
0.4,1066
0,2545
2,2609
1.6,2620
0.1,1280
1.1,536
3,311
1.9,476
-0.1,1083
3.1,354
-1.9,1512
-4.8,1460
-9.8,2987
-9.1,3045
-8.3,1422
-3.6,1848
-1.6,2323
2.9,2237
0.9,3449
1.3,1493
2,1583
1.8,3399
3,3439
2.3,3633
3.6,3580
-0.3,904
3.8,3607
4,3902
4.9,2313
2.5,2020
1.8,4055
3.9,2873
1.9,2273
4.4,3582
-0.4,3389
0.9,1135
3,454
0.1,791
1.3,537
-0.8,4151
0.3,3696
1.6,4593
3.1,2863
5.5,1552
3.5,1724
1.8,544
-0.8,774
-1.5,1921
-2.1,2252
-0.5,4247
-0.8,2252
-1.9,2921
-0.3,2508
2.3,4598
1.3,2901
0,3653
2.1,3787
0.1,1172
1,1737
-1.6,1647
-0.9,5980
1,5566
3,5773
3.6,6011
4.3,5726
4.5,6117
8.3,6114
3.6,4417
6.3,5811
1.3,1909
-1.1,3007
-0.4,4247
2.9,2167
5.5,1050
5.3,6920
6.8,6471
9.3,3190
5.1,1424
9.6,6419
13.8,6207
11.8,6211
7.1,1824
4.8,1395
1.6,2525
2.9,3748
5.9,4077
3.4,1030
4.3,1478
5,1142
6.1,1196
7.1,5651
9.5,6042
10.3,4464
9.1,3421
8.1,2289
7,4073
8.9,7190
12.6,7643
17.6,7622
17.6,7277
17,6443
13.6,6402
12.8,7697
12.3,7658
13.9,7091
11.8,6469
13.5,6902
13.6,6791
10.5,3493
12.4,4152
10,2826
11.9,4596
14,4511
10.8,2542
12.9,4236
13.1,3488
15,5584
13.1,4997
9.5,1314
11.1,4483
7.6,2958
7.9,3202
12.6,6324
8.6,2409
9,3713
10.6,3785
10.8,5630
9.1,2053
12,3159
14.4,6261
17,8272
16.6,7046
14.1,3532
12.5,7034
6.3,2036
9.6,2471
11.6,5663
14.5,5665
13,3446
13.6,5165
10.9,1750
12,3891
14.9,6962
15.4,8294
16.6,8266
16.3,5744
15.1,4916
13.1,3538
15.3,5274
10.5,2822
10.6,2583
10.8,3720
10.9,2398
12.3,2925
13.9,4406
13.4,3612
11.8,3626
10,2737
13,6970
14.5,5868
15,4553
16.1,6048
18.1,5908
14.5,3001
19.1,7633
20.3,6746
17.9,5988
12.3,2502
15.3,7476
17.8,6842
15.8,6451
17.1,7438
17.4,6495
13.9,7585
18.6,6780
21,6421
20.6,5672
19,4279
20.4,6611
20.6,6144
15,5635
18.6,7231
19.5,6746
21.4,6499
22.5,5612
23.9,5956
11.5,1654
13.1,3905
14.8,5881
11.6,2483
9.9,956
11,5076
14.8,5776
16.3,6073
18.8,6502
20.1,4420
20.1,5087
17.4,5611
16.4,5316
13.1,1978
15.8,4312
17.6,6205
20,4835
17.3,6092
21.9,5197
14.4,2627
14.6,5115
8.3,503
6,3413
11.5,5700
9.8,1309
4.5,1712
4.4,2085
6.8,5837
11.1,5393
8.6,2765
8.9,3347
10.6,2638
12,4826
9.8,3353
13.3,4930
10.4,2250
10.3,3478
11.4,5231
12.1,5094
14.1,4020
11.5,2491
11.8,3578
12.4,4352
12.5,3722
9.8,2696
9,2659
9.8,4570
11.5,4516
13,4326
8.6,1110
8.4,1395
9.3,2400
9.4,2889
8.8,1587
8.4,991
7.6,775
8.8,1391
6.5,1076
6.9,1489
7.9,986
7.6,3294
3.9,289
4.5,549
2.9,2855
2.5,2510
5.4,2133
2.5,2056
0.5,2023
-1.3,404
1,1492
-1,2800
1.3,1233
0.9,932
-1.1,715
0.5,303
0.6,1114
5.3,289
0.8,456
3.6,352
3.9,172
2,1847
0.5,1088
1,1730
1.4,1557
3.9,2671
2.4,554
4.6,269
5.6,2192
4.3,2490
7.5,2538
4.9,1236
8.5,2181
5.1,273
4.1,91
-0.8,419
-1.6,237
-2,1339
5.1,292
1.8,518
-1.6,580
-2.3,711
1,499
-0.6,1008
6,245
7.5,297
5,1583
3.9,1868
7.1,303
4.8,136
1.8,1599
5.4,127
5.4,178
5,1542
4.8,219
7,574
2.1,285
1.3,129
-1.3,220
-1.6,966
0.4,244
-1,275
-3.1,195
-3.8,187
-4.6,334
-1.5,238
-2.9,755
-3,1493
0,1501
-1,1235
-1,1371
0.8,1473
3.3,1116
4,554
4,153
2.4,1334
-0.1,1239
-1,1162
-3.9,1239
-6.6,609
-7,1471
-7.8,1671
-6.8,1540
-4.9,1538
-4.9,1590
-7.9,1537
-11,1578
-13.4,1497
-9.9,1212
2,1535
5.5,983
4.9,105
3.4,114
3.5,800
6.3,650
7.9,77
4,118
5.1,915
2.5,925
6.6,1469
4.8,1760
5.9,1810
2,1086
2.3,1012
3,832
4.8,1157
3.6,193
4.6,155
4,170
-2.3,869
-4.6,1731
-1.6,297
1.1,337
0.9,1083
-1.5,1107
0.6,1098
-1.4,2263
-1.5,2516
0.1,2541
2.3,2444
2.5,2521
2.9,2457
2.9,2172
0.6,2445
-0.4,2638
-1.4,2764
0.8,2936
0.4,3018
0.1,3074
0.3,3103
-1.1,3209
-4,764
-2.3,837
-0.8,1389
-2,428
-2.8,1133
-4,757
-6.8,2271
-11.1,2019
-11.6,3105
-7.6,3161
-7,3707
-3.6,2910
-5.8,1500
-3.5,1995
-2.5,2585
-5.1,876
-7.3,2753
-6.4,2907
-3,1302
-1.1,1166
-4.5,4436
-3,4279
-0.6,4379
0.6,4066
1.4,3831
2,4280
2.8,4142
4.5,2653
5.6,2906
5.6,886
8.6,4623
3.8,4632
7.9,4815
8.8,1998
6.4,867
2.1,1680
-0.1,1946
-2.4,3003
-2.9,2419
-4.3,3542
-5.1,4173
-4.6,5627
-1.1,5573
4.5,5151
5.9,4122
-0.3,1089
0.3,1064
-0.5,1456
1.9,5196
4.5,2819
2.1,1738
2.4,2869
7.1,5681
5.4,1828
3.5,3035
2,2596
0.9,2553
4.1,4848
4.5,3783
4.4,3718
4.5,2674
5.9,1529
6.4,3187
8.9,6671
12.4,6542
12.3,5391
10.8,5028
13,6036
10.6,3862
10.9,5446
15.3,6291
13.6,6318
11.5,5265
7.8,3575
8.8,4096
7.8,2326
8,2458
7.8,2429
4.6,1185
4,1231
6.5,2068
12.6,4986
10.5,4614
12.1,6571
11.4,4569
9.3,2560
10,4013
9.9,4297
8.6,4700
8.4,5140
12.3,7525
13.8,6103
12.9,5105
10.5,3938
4.3,1370
8.9,7916
12.9,7211
15.6,6344
17.4,7438
16,6252
12.5,5772
7.3,2368
11.4,6957
12.3,5744
10.3,6428
13.9,7571
9.6,1648
9,2779
11.6,2777
15.8,6568
17.4,7261
17.5,7322
18.3,6763
19.3,6072
15.6,4997
8.8,1798
6.8,2816
8,2305
8.6,2699
10,2620
13.5,6501
8.8,2925
13.5,8352
17.3,7904
13.8,3654
13.5,6761
13.1,2116
11.4,2220
8.6,6789
10.4,8237
12.5,4511
12.8,2299
11.8,8034
14.5,8482
14.1,6374
16.8,7670
14.8,4009
16,5188
16.9,6356
19,6270
8.3,3276
10,6854
12.5,8179
16.5,7676
9.4,985
6.6,3495
6.4,3077
7.4,4809
9.5,1568
13.1,3063
15.8,4413
15.5,3804
14.3,4662
12.9,3832
9.5,4241
9.6,3791
9,3768
12,5850
16.5,7623
11.4,2482
10.6,4136
12.8,4809
14.3,1087
17.8,7515
18.9,6751
10.8,4397
11.8,7499
16.3,7426
16.9,5324
16.8,5733
17.5,4278
11,6984
13.3,7354
13,4501
13.3,4059
10.9,1956
12.8,6211
15.8,7058
14.1,4834
17.5,6010
16.4,5927
16.6,5406
15.9,4377
15.6,4255
15.1,5866
14.5,6541
16.3,6607
17,5904
10.8,1536
8.5,1339
8.4,2017
8.8,5830
7.1,711
6.3,1710
5.9,5282
9.8,5642
6.4,3783
7.3,4153
7.8,5594
8.6,1134
4.4,1602
3.5,3077
6.3,5802
12.1,2791
9.5,1978
10,982
9.5,2841
8.6,2197
9.6,4330
6,880
8.5,2806
9.3,3754
7,4051
7.4,3865
9.8,3973
11.4,4867
13.9,4394
13.3,3785
15,3683
12.4,1804
12.4,1533
7.9,1101
5,395
4.5,4181
4.3,542
3.3,1541
7.6,2617
7.9,2421
5,611
4.5,329
8,2005
9.5,3298
7.1,1939
8.3,3484
6,675
4.6,2811
8.6,1406
10.8,1518
7.5,927
8.9,3481
8,2055
5.3,938
4.8,2291
2,359
1.1,514
3.6,2974
2,678
-0.4,509
-1.1,218
-0.4,614
-0.6,307
-0.3,478
-0.6,583
-0.5,910
2,2919
-0.4,1746
0.1,2966
1.4,2568
5.1,2687
6.6,2272
6.8,2499
4.8,2542
2,2194
2,475
3.6,257
1.8,393
0.4,298
1.8,1801
1.4,260
-0.5,1015
-1.4,1923
2.3,354
-2.9,274
-3.6,301
-5,727
-6.3,1220
-8,1372
-9.3,1726
-8.5,1403
-9.6,1328
-10.1,1923
-2.5,1226
-1.9,1909
-5.1,2003
-6.8,1281
-8.6,655
-8.5,608
-4.5,1563
-2.9,559
0.5,547
0.8,501
6.6,1737
-1,531
-2.9,999
-1.1,337
3.3,218
2.5,412
4.5,218
-2.5,437
-2.4,282
3.1,448
-0.6,356
-1.3,647
-1.5,478
1.3,163
2.3,635
5.8,130
8.5,124
-0.4,127
-1.5,332
-0.3,470
-3.1,268
-3.9,276
-4,663
-4.3,597
-4.9,683
0.4,1460
3.6,800
3.1,254
-2.4,293
0,188
3,647
0.3,620
0.4,536
1.3,298
-0.4,940
-0.4,501
-1.9,885
-2.1,1516
-2.3,382
2,1239
3.1,224
-0.3,567
-0.4,1134
-2.6,1314
-6.5,382
-8.9,2139
-7.1,2188
-5.6,611
-7,1826
-3.4,2012
0.8,525
1.9,356
4,304
-1.3,390
1.3,492
-2.8,523
-3.9,1261
0.8,2272
-1.8,1549
0.5,2133
0.9,315
3.4,1618
1.4,744
1.3,1804
-0.4,686
-1.3,417
-1,246
-1.3,1586
-2.1,858
-4.4,1610
-5.3,985
-8.4,832
-9.3,2980
-5.5,1840
-5.6,2410
-4.9,2711
-5.4,3016
-6.4,2451
-0.9,681
-1.6,412
0.3,252
1.6,2130
0.3,772
0.9,617
2.1,2144
6,2570
4,2631
3.1,1793
0.3,1422
3.4,2640
0.8,3746
6.1,4045
2.3,1051
4,2714
6,1270
8.9,3804
5.8,1785
7,3838
3.3,702
3,719
3.3,2969
3.9,769
1.5,2620
-0.8,2855
0.6,1220
2.1,1815
2.9,1483
4.1,1031
4.9,1141
7.9,2637
9.6,2531
11,2731
1.3,2986
0.5,5633
4.9,3351
5.8,2205
9.4,5484
8,556
3.4,636
-1.4,2656
-1.4,4122
-0.8,962
-1.3,4059
0.1,3793
1.1,4723
-0.4,2020
-0.4,2216
0.5,4225
-0.4,2205
0.6,1521
0.1,1319
-0.9,2081
0,2089
3.6,2235
2.5,719
-0.1,1621
0.8,3284
4,3445
4.5,2759
5.6,4759
8,4387
6.3,3475
6,2462
6.3,6333
8.1,3304
9.5,4618
12,7003
13.8,6400
9.5,5728
7.6,7626
10.1,7454
6.3,1486
3,2725
6.8,2936
11.3,7603
10.4,5321
6.8,1234
7.9,3835
8.8,6705
9.3,4001
11.3,6084
10,3151
11.3,7266
11.9,5310
10.8,4252
9.1,1386
7.6,689
7.1,2354
7.8,1898
11,6928
9.3,3002
12.5,3907
9.4,7700
8.5,3918
6.9,2949
9.8,6259
8.6,4620
8.5,3207
11.9,8362
15.4,7598
14.6,4845
10.1,5752
5.8,3024
4.3,2075
7.9,3696
12.1,4382
9.9,6981
4.4,2997
5.6,3043
5.6,3815
9.1,4839
11.5,6975
10,5163
13.3,7388
13.3,7311
12.5,6870
17.7,8193
15.5,5946
12.6,3354
15.6,6751
15.9,7482
15.6,5077
19.6,7681
16.4,6438
17.4,4878
15.6,3558
17.9,6954
17.5,5822
18.8,4659
19.4,5299
20.3,7936
21.4,6430
21.7,7136
16.7,6156
15.5,5472
12.1,4104
12.5,3420
12.5,6156
14.4,7031
17,7952
18.4,7410
18.5,7028
15.9,3492
16.7,5824
17.7,5852
17.5,3879
16.4,4104
13.9,3078
13.4,3078
15.2,3420
17.9,6840
18,5472
15.4,4104
18.9,4446
17.6,4446
19.1,4788
17.1,3762
18.3,3420
15.9,3762
14.8,3035
14.6,3489
16.4,4828
18.4,6737
20.6,6159
18.6,5335
18.1,4626
18.6,5548
15.5,3749
16.9,5913
13.6,3038
13.1,5307
11.9,1408
11,3032
9.3,6267
10,6774
13.8,6287
11.7,4446
10.1,3392
12.7,954
14.2,3829
15.6,5667
18,5575
17.1,5033
12.7,2648
10.5,2949
12.7,2592
13.9,4670
13.3,2817
9.8,5891
12.7,5232
12.5,1239
12.3,3771
10.5,2410
8.5,4607
9,5700
11.5,4104
14.8,3420
12,2052
8.5,1026
9,2052
9.5,1026
10.8,1026
13.1,1368
11.6,1368
8.8,1368
5.3,1026
5.5,1368
2.3,1026
3.5,1026
3.5,1368
6.8,2394
8.6,2052
8.8,2736
15.2,4446
12.6,2052
14.1,2394
10.6,1368
9.6,1026
9,1026
10.5,4104
10.6,3420
14,1710
12.3,1368
8,547
1.5,547
0.9,2736
1.6,2736
-0.3,2394
0.8,1710
3.3,3557
4.1,3557
7.1,3557
9.8,3557
8,3557
9.6,3557
9.8,3146
11,2941
3.1,547
3.8,2052
5.8,2394
9.1,2394
5.3,2052
9.4,2052
7.1,684
4.1,410
5.6,821
2.9,684
2.4,1026
3.6,410
3.9,1231
8.1,684
13.8,2052
3.4,1915
3.9,2052
6.1,2462
7.8,1368
7.9,1710
7,1163
5.3,1026
3.6,2189
5.5,1778
4.5,1231
4.6,1094
3.6,1300
5.4,1094
7.9,821
6.8,684
3.3,1026
2.3,1094
1.6,410
7.1,342
8.6,1573
9.1,1300
7.4,1436
4.5,1573
5.4,1094
3.3,1163
2.9,1300
4,889
2.8,1368
0.8,1515
-0.3,1672
-3.3,1028
2,1633
4.9,1565
7.4,502
5.5,564
0.1,502
3,1220
3.4,957
4.3,347
3.8,587
5.8,792
4.1,662
4.1,1213
-2,493
-5,619
-2.9,535
-0.6,696
0.8,693
0,391
-2,478
-5.3,450
-4.6,382
-6.1,457
-8,385
-7.8,525
-3.8,586
3,358
5.4,253
5.5,717
-1,486
-0.6,470
-4,646
-5.6,409
-7.8,714
-11,851
-12.6,1114
-10,919
-5.4,782
-7,988
-3.3,728
-1.4,782
-3.4,651
-5.4,553
-9.3,1073
-6.8,1473
-1.8,1262
-3.5,1474
-1.3,1582
-0.9,1004
-1.3,790
0.4,1023
-0.3,1075
4.9,240
1.5,206
-1.5,415
5.4,161
3.4,790
-4.4,1080
1.5,242
2.6,398
-0.1,261
-3.9,2340
6.3,2080
1.9,199
-0.3,1074
0.9,907
1.8,828
3.4,500
7.5,2267
3,568
1.3,513
3,1996
2.1,425
1.9,1590
6,1964
-0.1,1207
6.5,242
1.3,777
1.3,258
-1.1,366
0.5,1690
1.6,463
3,2795
4.3,2841
0.5,1366
-0.8,402
0.6,238
-1.8,1237
-2.6,1975
1.5,2133
2.6,3778
0.3,1419
-0.6,434
-5.4,1114
-2.1,2764
-2.3,1162
-2.6,2681
-2.1,2263
-4,2009
0.3,4221
2,4273
4.5,4165
2,4363
0,2888
-0.8,461
-1.4,2736
3.4,950
4.1,1060
1.1,324
-1.9,569
-2.5,445
-1.3,3773
1.3,4983
4.5,4943
3.1,1256
3.1,401
-0.9,358
-4.9,1775
-3.4,2638
-3.6,4636
-3.6,2863
3,1141
6,4298
10.6,5541
9.9,5080
9,5000
8.3,2805
7.8,3067
1.9,4672
-0.3,5700
0.5,2075
3.8,3440
3.6,5124
1.1,1609
0.9,5093
3.1,3305
1.5,2320
2,1087
4.5,838
3.9,3155
0.6,2864
7.4,4220
6,3264
9.1,3685
12,4684
7,1894
4.8,1518
6.8,2089
9.1,3246
8.5,5015
8.8,2597
10.2,3664
9.9,6216
11,7141
12.4,6534
13.9,7118
15.4,7123
16.3,6846
12.3,4387
8.1,4954
5,4201
8,4232
7.6,2492
2.9,1105
0.1,2539
5,7311
6.9,1256
7.3,1916
3.9,1295
3,2823
4,4806
6.3,4375
9,7549
11.7,6446
14.1,5772
16.3,6541
10.2,1459
12.4,3027
13.6,7281
11.9,2310
9,1590
7.9,888
6.8,942
8,2555
10.6,7427
8.3,4635
6.8,3700
7.8,2865
9.4,3796
7.1,922
7.4,4282
8.1,6130
6.9,2821
7.3,3422
6.1,2573
6,2628
7.9,4448
7.8,3499
12.9,5516
9.8,2605
15.1,5888
18.6,7917
16,3608
10.5,3414
5.8,3295
6.8,2188
11.1,4699
15.6,6906
17.9,7700
17.6,7262
17.6,8129
18.1,7689
17,6465
17.3,5686
11.6,3574
12.5,4228
13,6616
14.5,5372
16,6966
16.9,5333
18.9,6023
19.1,5376
17.1,4238
16.6,3665
18.1,5280
17.9,4778
16.6,7055
12.1,2139
12.6,5444
15.6,4759
18.3,6401
21.6,7636
21.6,7156
18.6,5153
11.3,1824
12.7,2776
17.6,7615
20,6935
16.6,3189
15.2,4734
15.8,5889
17.5,6950
17.9,6627
18.1,6233
17.5,5641
16.3,7276
16.4,7300
17.3,5834
17.6,5043
15.1,1954
13.3,2252
12,1359
12.6,4398
15.6,5090
17,4193
14.8,1445
13.5,2963
13.3,4885
13.6,5040
15,5733
14.4,6070
13.5,4373
13,3857
14.6,3762
16.1,4540
16.5,5561
12.4,1817
12.6,3360
11.5,2332
11.4,2932
6.6,2310
5.6,1110
5,2859
5.6,4190
6.6,1633
7.1,2486
6.4,1294
4.1,2148
7.6,4140
9.4,4348
7.9,1626
9.3,647
7,2139
10,3892
11.6,1456
10.8,2534
8,728
8.1,2658
5.5,2966
7.9,2776
8.4,3150
10.1,2956
9.4,1709
7,623
5.9,908
5.6,4190
6,2613
6.5,3038
5.9,1286
7.1,2134
8.3,1021
3.4,2623
1.8,3274
2.4,2800
7.9,443
9.9,3285
10.2,780
12.3,3141
11.1,2720
11,1993
11.1,3878
11,3549
12.4,3615
11.9,3736
10.6,3620
10.8,3619
10.4,3525
8.8,2980
10,3253
10.6,2879
9.8,3345
9.4,1218
9.5,2563
5.3,1658
2.1,448
4.9,2807
6.6,2938
5.6,3105
8,850
9.1,2844
11.5,1607
10.4,1879
9.1,1221
9.1,1247
7.8,1233
5.1,2135
-0.9,1304
-0.8,163
-7.4,1224
-6.8,2201
-5.1,1765
-0.1,1214
1.8,528
0.8,2346
3.1,1641
6.5,1701
6,2175
6,552
4.3,499
5.6,925
5.5,213
0.6,139
-6,652
-4,324
-3.8,286
-0.3,1661
1.3,1567
0.4,651
0.1,958
0.6,1853
0.4,1799
0.6,994
0.6,477
-0.4,676
-2.3,576
-0.3,1723
-1.3,1037
-0.6,463
-4.6,388
-6.9,248
-7,489
-6,815
-1.9,1020
-0.8,1519
0.4,1540
-1.3,1237
-3.5,296
-6.5,552
-8.5,402
-4.6,1052
-4.3,1357
1.4,1011
-0.1,229
-1.3,1079
0.8,170
1.9,239
4.9,280
5.4,166
3,95
0,286
-4.5,255
-7.1,609
-9.8,824
-9.6,465
-1.8,608
-0.5,769
0,1089
-1.1,1513
-1.9,620
-5,1736
-2.9,1445
-0.1,606
2.3,261
1.6,1502
1.3,1166
3.1,1408
3.3,1198
2.4,1397
1.6,1447
0.3,1768
0.5,1747
-0.4,1846
-2,1969
-1.3,2060
-1.8,1963
-7.1,1792
-3,1169
-3,1710
-1.9,696
-0.8,1085
-5.8,1036
-2.3,950
-1,1250
-4.8,529
-5.3,1928
-6.6,479
-6.9,2333
-2.5,2368
1.8,1455
-2.5,569
-6.8,1013
-9.5,1523
-8,2411
-5,696
-2.6,449
-5.4,2564
-2.4,602
-1.5,986
-1.6,750
-3,704
-3.9,526
-5.4,461
-3.4,396
-2.1,267
-1.5,342
-2,1664
-5.3,1333
-8.5,849
-11,902
-13.3,3140
-6.9,3041
-0.4,2791
0.8,3668
0.1,3746
0.8,3577
-1.4,3739
-4,797
-5.9,3052
-4.4,2343
-6.5,3968
-3.6,2919
-2.5,851
-2.6,1999
-0.9,4064
-1.8,4143
-3.1,3438
-5,4435
-8.6,4069
-7.3,3883
-0.5,3974
0.6,4039
0.4,4348
2.4,3089
1.5,1169
0,1876
3.4,4584
3.4,2622
2.4,2152
5.3,3368
8,4709
6.1,3504
6.5,3519
-4.4,963
-2,4888
-2.5,1957
-2.8,2093
-2.4,3273
-2.6,4742
-3,5837
-4,2357
-3.5,1448
-2.1,1994
3.6,4542
5,3371
4.3,2917
4,3190
6.1,3991
3.5,928
2.5,2969
-0.9,1982
0.6,5994
1.8,6404
4.3,6764
7.1,5883
5.5,2186
8.1,6291
10.8,5957
12.9,6541
15.5,5124
10.5,3785
6.6,3867
4.9,3044
6.9,5415
11.1,4202
10.1,3278
7.6,2235
5.9,2195
7.6,3176
4.6,3754
3,4599
2,1469
5.9,3366
10,5183
12.6,6371
9,5001
2.6,815
1.5,1507
4.5,1233
5.5,924
4.6,889
7.6,1851
8.4,943
12.5,5780
10.4,3799
11.7,3588
11.5,2974
8.3,4733
6.9,5324
6.3,5881
7.5,1556
13.6,7483
8.5,748
8.6,2056
6.8,1602
4.3,7068
11,7797
17.1,8019
17.7,7855
12.9,3650
8.5,1732
9.6,2568
12.9,4684
16.6,7694
18.9,7922
18.9,5624
16.5,4169
17,7780
15.2,3761
17.9,6526
18.5,6522
12.3,5724
12.4,8430
15.3,8327
13.6,8173
14.4,7412
16.9,7426
13.1,6978
10.1,2270
10.8,2750
5.1,2560
5.5,2828
7.5,3293
7.9,3844
9.5,4512
13.3,5949
14.6,5933
11.1,2919
8.4,4954
9,2209
8,2040
12,7471
13.1,2030
12.1,2469
7.6,3089
8.6,2439
5.9,1212
7.4,2648
8.5,1120
11.1,4650
13,7313
15,6887
16.6,7609
18.1,5215
13.3,5670
12.6,7688
11.5,7940
11.9,7418
11.4,7887
12.1,7702
15.4,7674
18,5587
14.2,5140
10.5,6028
14,6801
16.3,6362
15.9,4428
17.1,5664
14,4620
15.6,6410
17.3,7309
15.9,5835
10.1,2009
11.3,4657
14.4,6104
15.8,5333
12.7,1968
13.1,4745
15.8,6079
16.3,4829
12.7,3565
11.3,4810
10,2312
12.4,2084
11.5,4030
11.1,3591
13.5,6404
14,6473
15,6073
14.4,5305
14.1,3425
12,1724
14.6,4848
11.5,3212
10.6,3984
12.1,4664
11.7,4222
8.3,2341
8.6,3525
9.5,3269
9,2334
6.1,1584
8.8,2841
10.9,2475
10.6,4647
9.1,5122
8.5,5586
5,5839
4.9,4259
4.8,4731
4.6,3522
7.1,2653
5.5,1756
3.8,2379
5.5,636
6.8,2707
4.9,4390
4,5361
4.5,3372
7.6,3915
6.8,1400
6.8,2925
6.9,787
5.5,635
3.9,1197
3.5,3819
5.1,3637
7.9,1538
5.9,2858
10.8,2854
12.1,4385
9.5,2375
3.3,3204
3.1,3590
6.8,3507
3.6,1011
4.9,1361
5.6,447
6.8,450
6.6,840
7,1383
6.5,751
8,3113
5.9,3349
6,3222
9.8,1280
4.8,411
1.6,1158
3.6,2851
5.3,776
6.1,1035
7.6,293
4.8,2666
3.3,3010
3.4,2864
8.1,2646
5.5,1164
8.9,2382
10.4,1770
3.5,1079
0.8,1596
4.1,2672
5.8,204
5.6,1258
8.4,2360
11,2257
3.3,663
5.4,1496
5.3,115
2.3,702
2.5,2296
3,281
7.3,1013
6.8,644
2.8,195
-2,234
-1.4,291
-0.8,1412
-0.4,1863
-2.9,258
-1.3,1771
0.3,590
-2.9,609
-4.8,2053
-5.1,705
-5.8,1318
-0.4,548
-1.3,187
-2.9,394
-4.5,294
-2.4,495
-1.8,174
-3,239
-1.1,374
-0.8,998
2.1,1492
2,1655
2.1,951
-1.8,1286
-2.3,1601
-0.1,1186
-1.3,1520
-2.9,1009
-4.5,1277
-2.4,370
-1.4,282
-3,591
-0.3,1115
3,383
1.8,1454
4,366
2.4,494
0.9,548
0.1,507
-0.5,530
-6.5,715
-10.2,921
-12.6,804
-13,842
-15.9,1340
-14.6,1486
-10.2,579
-11.7,970
-9.8,628
-6.6,343
-2.6,1397
-4.1,216
-4.3,247
-5.3,481
-6.6,397
-5.3,1148
-1.6,1388
-4.1,1797
-6.5,1820
-5,1881
-3.6,1865
-1.8,1964
-0.4,1860
-0.8,1934
2.6,2027
1.3,786
1.3,541
-0.3,390
-1.9,627
4,457
3.1,936
1.8,1354
1,1294
0,529
-2.4,394
-2.8,662
-4.3,2121
-3.4,2210
-3.4,2398
-4.5,970
-2.3,2560
-2.4,2248
-1.3,1852
-0.5,354
-2.8,2736
3.9,2779
2.8,2412
3.3,2622
7,2366
1.4,662
4.4,341
-1.1,375
1.3,775
-1.8,413
-3.1,2739
0,1055
0.6,328
-0.8,1185
2.4,2431
2.4,873
3.6,3442
7.1,3005
6,999
7.3,107
2.4,1168
-0.1,1987
2.1,3660
6.6,3124
8.6,3662
5.9,423
9,3282
5.4,1765
1.9,2304
3,3484
3.6,4239
5.4,4085
5.9,4259
7.6,4484
8,4199
9.5,3638
2.9,3028
3.8,1242
6.3,2124
4.9,2550
7.8,4488
-0.5,881
-2,509
-1,705
-0.4,3972
1.8,2040
0.6,1730
1.5,1192
3.9,3877
5.9,1357
2.4,1855
-0.3,2390
0.6,1969
0.6,5784
2.4,5790
5.8,5171
6.5,4519
3.1,2230
-0.6,2631
1.3,4183
3.9,6491
1.9,6429
-0.9,6198
-1.9,6189
4.8,4864
4.4,3344
-1.1,4799
-0.5,6036
0.8,5520
2,4469
5.8,5940
10.8,6895
7.9,5684
5.3,3480
4.8,6422
5.5,5382
7.4,6526
7.1,6948
0,5925
2.3,3300
3,2092
4.1,2569
3.8,1433
4,1659
5.6,3938
10.6,7463
14.4,7424
14,5594
10,2923
4,1931
2.3,3919
0.3,2653
3.6,1745
6.9,4570
11.3,5939
7.5,1669
10.8,4088
13.6,5334
17.1,6675
14.9,5696
15,5329
9.5,1325
13.1,7037
9.3,3964
7.5,3114
6.6,1901
9.9,6730
9.9,4636
11.4,8030
10.1,8165
10.9,8353
6.6,7749
10.5,8149
11,8384
9.3,8530
7.1,4864
10.4,3627
9.5,3434
12.1,5458
15.9,5664
15.9,3672
17.7,6802
13.1,5609
15.5,6847
18,7315
16.5,4157
15.2,6699
14.2,4611
12.5,3629
11.9,6127
11.4,4461
9.4,4673
7.4,4123
9.3,3344
8.8,4205
8.5,1044
8.1,3599
6.6,1627
7.6,2773
8.9,5060
8.3,2554
9.3,3368
13.3,4253
11.1,2856
7.8,3077
9.4,4901
11.6,4646
11.1,2089
10.4,3151
9.3,2375
9,2400
10.2,4832
13,4415
14.8,7327
12.5,5718
15.6,7244
13.5,4124
16.3,5866
13.4,3379
13.3,5925
15.6,7848
14.2,4486
9.8,2482
9.8,1163
11.5,5200
12.1,5926
14.1,6514
14.8,3689
16.4,7040
10.6,1277
12.1,5202
15.1,5059
14.4,7578
16,6833
15.2,7354
11.7,3187
8.9,1765
12.6,2078
15.8,5057
18.4,6921
16.4,4224
12.4,2192
15.1,5042
13.9,3399
14.9,6601
17.6,7246
17.7,7120
17.6,6580
16.9,4989
17.3,4973
15.1,6099
16.3,5228
13.9,3130
13.3,4490
11.9,5466
14.9,5719
14,4667
15.4,5762
16.9,4512
17.4,5222
17.7,4729
15.5,3573
15.5,5152
9.3,629
8.5,2616
11.1,1884
15.9,6020
17.5,5813
15.4,2266
14,2125
13.3,4540
14.2,5354
12.5,1506
11.7,5293
11.5,5705
10.8,5294
8,5507
13.9,5536
15.1,5101
6.4,1216
4.5,3906
7.8,5518
10.5,5261
10.8,4895
10.6,5134
13.8,4662
8.5,3210
8.3,4525
9.5,4044
9,4625
9.3,4690
9,4781
9.3,4820
12.1,4793
10.2,4422
10.6,4287
12.9,3899
13.3,3340
11.5,1982
6.1,3873
6.5,4037
11.3,4281
13.3,3775
13.8,2097
12.6,2497
14.6,1513
8.8,287
5.8,1499
4.5,791
1.3,1655
0.8,809
1.1,619
4.6,566
4,3307
6.3,3401
7,3467
8.9,3050
3.8,606
3.9,3172
0.5,2886
-1.5,1144
-1.6,3065
1.6,2889
-1.5,1212
-3.6,3183
-4.3,3108
-3.4,3054
-4.4,2495
5.3,2829
1.4,2766
2.3,2849
5.5,2231
5.4,637
10.6,903
4.6,1108
3,745
4,559
3.9,1131
2.1,1079
0.3,264
-0.1,1419
-1.1,1399
1.5,1596
5.5,931
0.1,729
0.4,2225
-4.8,907
3.8,587
1.4,1691
-0.5,1563
-1.5,521
-1.9,1385
-0.6,890
1.5,1902
3,1664
4.9,603
3.1,410
1.8,323
-1.5,207
-2.8,177
-5.4,272
-5,227
-4.9,580
-5.6,539
-1.4,1503
0,730
2.1,282
3.9,879
6.8,106
0.5,189
-1.6,238
-2.3,296
-4.4,384
-8.5,425
-2.9,334
0,265
1.9,1080
0.5,348
-0.7,320
-1.6,257
-1.6,248
3,217
7.5,879
1.5,308
-0.3,833
-1.1,890
-3.6,931
0.8,442
3,1010
2.5,420
2.4,298
3.6,306
1.9,1227
1.6,1234
2.1,478
4.8,447
4,1321
2.4,1762
2.3,2063
5.8,1898
4.4,1863
3.3,1020
2.5,592
0.6,1387
1.1,177
-2.5,880
-0.9,1144
-0.1,466
-3.3,696
-4,352
-6.3,258
-4.6,263
-5.4,286
-6.3,294
-8.6,491
-9.5,1351
-4,1012
-5,404
-7.6,2378
-6.4,1625
-8.8,1300
-3.6,1700
-5.9,2200
-7.3,2700
-5.5,2700
-5.3,2700
-0.8,1600
-3.4,2800
-0.6,2800
6,2300
6.1,2400
4.6,2400
3.4,2900
3.9,3000
4.5,2700
6,1400
0.4,700
2.3,3000
3.4,2800
5.6,3200
10.8,3200
1.1,600
1.6,500
3,2200
3.9,1500
4.9,3300
4.1,1800
1.5,1400
-0.4,1300
1.5,800
8,600
11.5,1000
0.8,900
2.8,1300
4,1200
1,1100
-5.5,3200
-3.9,3800
-1.6,1980
-2,554
-1.8,3027
-0.3,697
1.3,938
2.5,789
1.8,652
3,2979
0.4,2770
-1,1943
-1.6,3053
-1.5,5138
-2.5,1004
-4.1,2624
-3.8,5458
-1.4,5426
2.6,2195
5.9,4736
9.8,5497
10.6,6361
10.1,4989
8.4,2605
6.6,3088
9.4,1362
0.6,963
4.1,3401
4.4,3488
3.1,881
1.3,1967
3,3647
1.8,1569
3.3,4171
0.1,2350
-0.8,1672
-1,5331
0.6,2437
-0.6,4620
-0.1,2853
-0.9,1409
0.8,3311
3.5,6236
6.1,4017
7.6,6980
9.4,6227
7.9,2474
10.4,5933
11.3,3505
5.9,3180
4.3,1752
4.5,4134
9.4,6288
6.8,1247
5.8,582
7.3,2179
4,2195
5.8,6219
5.9,1753
9.1,7382
13.8,7145
14.6,6008
15.9,7351
16,5263
16.6,5263
16.9,6229
16,7105
13.8,8062
11.3,7946
9.4,5841
9.5,6504
11,5250
10.6,5542
12.3,6274
8,5685
7.3,6766
9,5585
9.8,4707
10,5434
10.8,4891
12.3,3851
9.3,1509
11.6,5536
9.9,4181
11.7,8374
16.3,7286
16.1,6369
15.5,6058
19.9,6939
21,5979
12.4,2838
11.4,6303
15.9,5656
10.9,1670
7.6,4484
4,1045
6.1,4892
8,4263
9.3,5370
8.1,3736
9.5,5818
11.4,6335
19.4,7183
19,8068
21.9,8333
15.9,6156
14.1,8193
14.9,5583
16.3,7196
14.9,3665
15.8,5568
11.3,1964
13.3,8380
12.9,5952
14,5314
10.5,1419
12.5,4073
11.7,5965
13.9,4488
13.5,4959
10.4,4079
8,2074
11.4,4012
12.4,2306
12.4,2676
16.6,4680
12,4440
10.4,6491
9.6,4084
8.8,1641
14.9,6681
14.8,3656
18.4,7920
23.6,7379
20.5,6847
16.3,3615
17.3,7035
16.4,5965
15.5,5400
17.4,6843
11.5,1133
11.7,3701
14.1,3718
11.7,1378
12.1,6901
11.1,3979
11.1,1613
11.6,1944
14.8,6567
15.5,5308
13.6,7556
16.5,7390
19.4,7413
20.3,7193
21.4,6909
22.6,6752
21.3,6268
13.3,2585
12.9,6879
15.9,6604
17,6522
17.5,6618
14.1,1882
15.4,6408
16,5912
11.4,968
10.4,2913
11.4,5406
10,1324
9,5323
11.6,6299
6.1,2083
6,4049
6.6,2236
7.4,5538
9.5,6077
12.9,2988
14.5,2262
12.4,1560
13,4777
9.8,1963
10.6,3188
10.9,2120
12.7,4566
15.1,4943
12.7,2354
9.3,813
4.5,902
2.5,2993
4,1465
5.6,1360
7.1,1438
5.4,1358
5.3,3356
4.6,5290
8.1,4850
8.5,4676
6,2455
7.9,4498
9,4580
11.3,4497
11.1,2093
10.6,2355
9.4,1971
8.8,2114
8.8,778
5.6,1336
5.5,2902
5,1094
4.5,675
6.9,1812
5.4,467
5.1,645
5,888
5.8,2489
5.8,863
5.8,807
3.8,985
4.5,2457
8,676
8.9,571
10.1,3135
10.9,2580
3.3,2130
0.8,2035
1.3,1551
6.6,2290
7.9,2481
10,1979
6.4,2079
3.8,896
2.6,1084
3.1,480
9,97
2.6,142
-0.4,163
2.3,500
2.5,557
2.1,2102
2,205
0.9,606
-0.9,883
0.8,2091
0,2136
7.3,2272
8.4,420
4.8,308
-0.3,1880
-1,2183
-0.8,1162
-0.8,334
-1,604
-1.8,510
-6,827
-7.4,1679
-6.9,583
-7.8,676
-9.1,677
-11.7,1287
-9,1442
-7,1890
-4.3,1201
-2.9,1301
-1.3,666
-4.3,1381
-3,436
-4.4,331
-4.6,217
-5,292
-6.5,1645
-6.8,488
-5.8,285
-5.6,435
-5.8,302
-8.8,2222
-4.5,777
-0.4,297
0,338
2.4,530
3.1,964
3.3,727
1.8,1801
0.6,1476
0.9,1703
4.9,1674
0,257
-1.9,300
-4.9,515
-4.5,1200
-4.8,1777
-2.3,372
-2.6,739
2.5,216
4.1,537
4.4,1381
0.6,1727
0.3,1751
0.3,954
0.1,483
1.3,1095
1.5,554
5.1,152
5.4,1592
8.4,1784
4.9,940
0,191
-2.4,249
-3.5,346
-4.1,242
-7.8,1626
-3.8,245
-1.1,291
-1.1,1347
1.8,1186
0.9,1742
-0.1,619
1.3,1962
1.6,2210
1,2308
-0.5,2073
0.9,2148
2.5,2214
3.8,239
0.8,212
-2.1,179
-1,229
-5.9,501
-9.8,1309
-10.2,430
-7.5,1702
-2,910
-1,1359
0.5,1228
-0.8,1523
-2.9,1291
-3.3,1774
-6.6,1160
-6.1,646
-8.3,2084
-8.1,999
-11.5,2166
-10.4,938
-7.3,835
-6.3,3314
-2.3,596
-4.5,919
-1.1,1329
1,788
2.6,578
2,531
-3.9,1160
-4.4,943
-3,1027
-4,3511
-1.4,3735
4.5,3493
0.8,2500
1,1431
3.5,616
3,741
-0.6,450
-1.1,1067
-1.3,1999
-2.8,2171
-1.8,2847
2.1,906
3.1,1266
2.1,1704
5.1,4230
5.1,4517
5.4,4058
4.4,3546
3.3,4610
0.1,4954
-0.4,5004
-1.1,884
-1,2636
0.4,2963
-0.6,933
-0.8,1444
3,5330
5,4212
5.3,2788
-0.4,443
-0.1,1416
1.4,2108
2.4,3247
3.9,5673
4.3,5656
4.5,3641
8,4187
5,1288
5.6,4695
9.3,4097
1.9,1474
1.9,2194
2.9,5101
5.3,6145
2.3,1564
1.8,1869
0.4,1973
3.1,4887
-2.5,1841
-1.1,2163
-1.3,4701
-0.1,1511
-0.3,2350
3.3,4698
5.3,2216
6,4457
6.4,4626
4.9,2831
6.4,3239
7.8,4924
7.6,2906
8.3,3585
10.6,5526
7.3,1724
9.5,4953
10.8,5377
13.3,6887
11.9,3704
11.5,3830
10.1,4130
11.6,6030
8.8,2040
9.9,7242
11.3,4558
10,1536
8.1,1230
8.6,3318
7.8,2044
6.5,5801
5.6,4425
6.8,1858
9.3,4752
6.5,3215
7.4,3020
8.1,726
6.5,1463
7.4,2855
12,7930
12.6,7207
13.9,5782
17.4,6472
16.1,5816
18.5,7684
18.9,6683
16.5,5836
18.1,7200
15.6,6094
15.9,8116
10.4,4141
8.8,3676
7.6,1964
12.6,6934
9.5,3659
7.9,5430
9.8,3352
8.9,3248
10.5,3500
12.1,5879
10.8,2238
12,5310
12.9,5303
13.5,5558
11.1,4655
8.9,4233
11.3,6343
6.3,3731
6.6,4980
9.5,8410
11.1,7457
13.3,8574
12.5,5144
13.1,5715
10.8,6591
14.6,5961
13,3299
13.9,6907
16.4,8224
20.3,8149
22,7477
17.6,7021
11.6,2716
11,2363
11,4571
11.9,3486
13.6,1420
14.9,2176
15.6,3319
15,4070
12.5,3435
12.1,2785
12.4,5233
15.4,7121
16.9,7413
18.1,6293
16.9,5443
15.2,3779
9.5,2711
7,2225
11.1,6685
14.1,8085
15.8,5944
18,6273
15.4,4970
15.2,7206
14.8,7673
15.4,7669
15.8,6639
15.6,6058
13.6,2907
15.5,5297
17.4,3451
18.4,4854
15.6,4167
16,5212
17.9,6719
14.4,3464
13,3183
12,2000
11.9,4891
12.7,3332
11.9,3561
11.5,1348
11.7,3437
11.5,2558
11,5342
10.4,6083
10.6,4491
11.1,6480
9.3,6078
14.5,1799
18.3,5643
17.1,1591
17.1,5226
15,4829
12.7,4291
12.7,5289
12.9,4362
12.6,4450
12.1,6300
11.7,6142
12.5,3275
12.1,3895
12.4,3439
13.5,3189
13.4,5494
13.4,5222
15,5533
14.6,5498
16.1,4571
16.7,5352
16.6,4686
15.5,3779
10.9,1578
11.6,3935
10,1706
13.1,3063
9.5,1111
10.4,2749
13.1,2762
12.7,2553
13.1,3279
12,1014
9,1093
9.1,3848
8.6,953
9.6,657
8.9,682
7.6,1065
10.5,2317
4.4,718
3.6,1567
2.8,915
2,1937
2.4,4075
5.5,3217
7.4,1738
9,2340
7.8,3828
8.1,3314
7.5,1770
7.6,3758
5.1,3292
3,3886
1.9,3816
0.6,3856
-0.1,1181
5.1,2753
7.3,1812
8.6,3011
7,1406
6.9,887
4.9,471
7.1,2980
6.1,3210
12.5,2313
11.1,2047
14.5,3155
4,2083
11.9,2675
8.8,678
9.6,778
8,508
8.1,2179
1.1,755
1,2140
1.5,953
0.3,842
-0.6,758
-2,386
-1.8,902
-2.1,1001
-0.4,975
-3.1,536
-3.8,790
-3.8,896
-3.9,549
-4.4,927
-7.4,1888
-7.9,1033
-7.3,1491
-2.5,836
-0.4,1109
0.1,1972
2.4,2015
3.5,1814
0.8,1919
1.8,2034
4.1,1670
2.4,1650
1.6,882
2.6,1549
0.1,289
-3.8,719
-3,1028
2.4,1548
2.5,972
3.1,659
-0.1,603
2.4,407
2.1,334
-1.3,1155
-1.8,231
-4.6,1122
-7.1,1530
-5.5,1567
1.9,295
-2.6,225
-5.9,789
-7.6,790
-8.4,1946
-1.4,576
1.8,877
1.5,192
0.9,378
-1.6,758
-3,492
-4.5,747
-4.9,983
-2.6,718
-1.1,900
-3,1700
-1.5,1811
0.6,1495
-1.3,1061
0.9,1506
0.6,245
-0.1,1299
0,483
-2.5,450
-3.5,304
-5.5,380
-2.6,1872
-5.5,2058
-6,2080
-7.3,653
-2.3,342
-1.8,412
-6.6,1085
-6.4,515
-4.6,379
-3.8,419
-4.3,496
-13.3,1524
-14.6,1844
-11,2230
-6.3,2525
-2.1,1633
1.6,256
4.8,245
2,529
5.4,2551
2.5,386
-1.6,1394
0.1,2788
4.1,2280
5.5,1649
1.5,699
4.3,279
-1.9,961
2.3,3097
-3.3,809
-4,840
-1.4,627
-0.5,1141
0.8,476
-4,1263
-4.8,1522
-2,734
-1.9,817
-6.6,1164
-6.4,2653
-4.6,3615
-2.9,1196
-0.3,945
0.9,505
0.3,1811
1.4,3916
7.8,3556
0.3,467
-1.8,588
-3.6,1852
-0.4,676
-3.8,2225
-5.4,4425
-1,4372
1.1,4385
3.5,1638
3.6,2020
3.5,735
2.5,1006
1.1,3745
1.9,4703
3.1,1358
-2.4,3267
-1.8,529
0.3,488
0,853
-1,1491
-0.5,5114
1,5262
2.6,5228
6.9,3085
3.9,2267
3,3671
0.6,1679
-1.1,1945
-0.1,2016
-1.3,527
-1.9,1209
0.9,4726
-0.8,3270
1.9,5607
8,4132
4.1,3951
3.3,1679
-2.8,1204
-0.3,6545
2.1,6421
2.9,4792
3.1,4102
1.6,2490
0.1,3199
0.8,2219
5.6,4726
3.9,1836
3.3,2996
2.6,1150
3.1,2044
4.8,4887
8,6699
11,6230
13.5,5843
9.8,3279
4.4,2391
7.8,6740
12.5,5729
11.4,3546
10.9,3532
7.3,1371
11.1,4123
10.8,4589
10.4,4293
10.8,5953
9.3,3197
8.3,3731
11,5067
10.9,5410
10.1,2763
12.5,5842
14.5,5614
13.3,5169
11,2413
12.1,4402
12.6,8074
13.6,8006
15.5,7141
11.5,5406
7.4,3848
5.1,3636
5.3,5648
4.9,4323
4.6,1907
8,6758
12.1,8260
11.3,3518
12.6,5196
6.5,3023
6.6,2376
5.4,3930
5.8,2128
8.1,2766
11.1,7555
16.7,7895
16.4,5532
17.9,6765
14.4,5593
7.3,1405
8.8,7341
13,8518
17.7,8028
15.1,6500
12.5,2957
13.5,5831
16.7,7041
14.8,4086
13.4,5089
11.7,6354
11.5,8684
16.7,8734
19.5,8407
20.9,7620
22.1,8035
13.5,2331
9.9,3360
8.8,2151
7.4,3799
8.5,7208
11.3,8077
10.8,6766
11.9,7690
13.1,8135
16.4,6899
18.1,6855
13.8,3480
12.9,4289
11.7,5174
14.5,7849
13.9,5301
7.1,2814
8.3,803
9.4,3085
7.9,4489
6.5,3738
7,2415
6.6,1191
5.9,3972
7.4,4170
8.4,3922
9.9,6924
9.6,7894
10.5,6161
12,7302
13.1,8014
13,2956
13.4,3898
13.5,5970
11.7,4610
14.2,5912
10.6,3559
9.5,2993
11.1,4306
12.6,6452
16.4,7649
13.1,2388
10.1,2755
10.5,3698
10.4,1232
12.1,5130
12.5,4314
13.5,4619
14.8,5778
16,6756
17.3,7196
16.6,6783
16.5,6630
17,6829
17.3,5250
16.1,6891
16.1,4811
16.4,3869
19.1,5896
21.4,6128
12.3,3053
12.4,5065
12.9,6397
14.6,6448
15.4,6368
17.9,6129
11.7,1422
10.4,5240
11.3,4606
11.5,3469
10.8,1186
12.6,5081
8.3,1389
8,1951
7.3,2798
7.6,4380
7,2200
6.6,4367
8.8,5658
12,5306
13.5,5576
13.5,5553
14,5146
12.7,2570
13.1,3363
14,4342
10,3288
7.8,906
9.4,4050
11.6,5090
9,1744
7.3,1968
8.1,3271
7.8,5047
10.8,4849
10.4,1509
11.7,4455
12.4,3459
12.9,4042
12.7,4392
9.1,909
9,1282
6.5,1656
7.3,1530
7.5,2086
7.1,1261
2.6,1490
0.6,2178
3.3,3772
3.3,2558
3.8,1888
3.8,343
5.4,1622
6.4,932
7.6,1033
9.5,2052
8.6,3362
6.3,1426
6,1892
7.4,835
7.3,2502
7.8,2904
6.6,3360
9.3,3288
9.8,701
10.2,1264
4.8,327
5.4,1783
9.1,2919
5.9,1689
10,1259
3.3,398
4.9,1321
5.8,2252
2.8,394
0.4,1264
0.9,2810
3,420
2.6,1355
2.1,2224
1.4,490
0.4,1075
2,2453
6,544
6.5,841
-0.3,209
-0.3,891
-0.9,2070
-0.6,189
-1.9,644
2.4,1561
0,1019
0.6,1238
3.5,966
3.4,402
-0.1,343
-1,1325
0.8,457
1.1,910
5.9,498
3.3,1429
5.3,1711
3,1668
4.5,567
2.9,421
5.3,1808
1.5,1712
5,885
4.9,494
5.1,256
3.6,1082
4,218
7.3,1452
9.5,1072
4.5,704
2.3,530
-1.5,442
-2.4,494
-1.1,332
-1.1,743
1.6,632
-2.1,498
-3.3,732
-5.5,1926
-2.6,1878
-0.5,1018
1.1,386
1.1,1417
1.6,1066
-4.9,509
-4.4,474
-5.6,479
-2.9,700
-1.5,458
0.9,196
-1.1,275
1.3,197
4.5,106
0.8,215
-0.3,429
-1,1436
-3.4,2120
1.4,495
1.5,399
-3,308
-6.6,2126
-7,2169
-8.8,2109
-2.8,2102
-2.8,2244
-3,844
-1.8,532
-2.4,842
-4,1555
2.5,1766
2,503
3.1,189
0.5,2055
-0.9,1035
-1.5,414
-1.9,2456
-2.4,1472
-3.4,805
-3.9,2547
-6.1,1471
-4.3,1490
-0.3,441
3.5,371
3.8,314
6.5,2093
9.4,1261
5,1434
-1.1,1289
-1.6,3033
2.3,2727
6.9,2255
0.8,526
-0.6,3147
0.8,3316
1.9,2561
-2.4,563
-3.3,1501
-0.5,2612
-2.1,869
-1.4,2505
-1.1,471
-2.4,918
-7.4,1137
-8.3,1015
-9,1321
-5.1,3281
-2.5,2111
-2.8,1836
-2.6,3125
-1.1,815
0.4,890
0,2298
-1.5,3012
2.4,575
2.9,1439
1.4,1831
4,493
6.8,621
5.1,500
1,1800
0.1,1093
3.5,444
5.5,4559
3.8,865
4.1,2406
-1.5,1129
1.6,920
6,470
4,412
6.6,1122
6.9,2712
4,2010
0.3,1901
0.8,1722
2.6,2936
2,1677
0.6,2503
3.4,5590
5.3,5921
7.1,5703
5,2729
2.4,2265
0.1,4254
4.3,1453
1.8,2406
1.3,2753
1.3,1912
0.8,1030
1.3,2480
1.4,3468
-1.6,5198
-3.5,3314
-1.8,1231
-0.8,2806
0.1,3892
-1,2256
-2.3,4331
-2.4,5008
-2.3,1788
-1.3,3056
1.4,5996
4.5,5434
3.3,1173
2.3,4217
5.4,4347
6,3856
7.4,2637
9.9,3576
9.8,5032
12.3,6449
9.5,5075
9.3,2599
5.9,635
2.8,1000
4.6,1077
7.1,2311
10.5,6831
10.4,7179
12.3,7289
11.9,7033
13.8,7490
11.1,2997
7.8,2136
9.5,4357
6.5,1522
4.4,2992
6.9,5838
10.8,8252
12.5,7730
10.8,6801
13.1,7168
12.6,4789
11.4,4245
13.5,6914
16.4,7425
15.5,7409
17.5,6886
15.1,7695
12.4,5090
7.9,5612
6,1305
2.1,3351
4.6,6251
12.6,8314
7.6,3709
8.8,4590
7.8,1445
8.1,1175
7.3,2000
4.4,3389
10.5,8659
12.4,7296
11.9,7122
12.1,6291
10.2,3609
8,3247
6.1,1247
7.6,3673
9.6,7022
13.4,7665
9.9,6709
11.7,8624
14.4,8424
15.6,8295
17.9,8231
16.3,6776
11,2480
13.6,5794
15.9,6434
13.5,7103
15.1,6841
14.9,8412
15.8,6874
17.3,6874
21.1,7186
12,1909
10.9,3087
12.5,6866
15.5,7689
11.9,2496
10.9,5962
11.5,2976
12.7,3057
8.5,1105
8.5,2582
10.6,5065
9.9,5225
10.4,5708
8.4,2241
12.3,7395
15.9,8192
14.1,4696
13.5,3226
14.6,6045
16.4,6786
15.5,4863
14.8,4229
16,5092
16.7,6668
17.4,7217
17.6,6360
19.4,6095
14.2,2539
12.7,4386
11.4,5268
11.6,3390
12.6,4391
12.6,3890
11.1,3616
8.4,4916
8.4,6634
10.9,6884
13.6,6812
17,6833
20.1,6711
16.7,4819
15.8,3652
15.6,4905
15.9,6203
13.9,3961
14,5753
13.5,5729
15.8,5961
16.5,5078
17.6,5860
17.9,5890
16.1,4320
13,4296
12,5921
12.4,2810
9.1,1863
7.4,2082
9.6,4885
11.3,5731
8.1,2184
5.1,1480
5.8,3782
7.1,2144
7,547
1.6,3663
2.1,722
2.8,2072
5.5,514
5.3,2327
4.5,1618
4,2111
3,1520
2.4,1819
3.3,4197
4.4,2133
6.1,1111
4.1,1082
4.3,2921
5.1,1480
5.8,1996
6,2272
5.8,3451
7.4,3414
8.1,4493
10.5,2172
9.3,2725
12.5,1331
15.4,4377
12.5,1397
6.5,2993
9.5,3211
11.7,3802
9.6,1310
7.3,1923
7.9,3333
8.4,3404
7.6,3961
9.6,3941
11.3,3663
12.3,3319
12.1,3445
10.8,3275
10.4,3291
8.9,3296
10.2,3413
11,2833
7.5,1717
5.9,1795
7,1103
6.8,1589
6.8,915
7.5,2999
8.3,1297
9,1366
10.1,2481
9.9,2582
8.4,2319
-0.3,2069
1,2899
3.5,2845
4.3,2797
3,841
1.4,1284
4.5,243
0.4,159
-4.1,1092
-5,1578
-0.4,2479
1.1,2131
0,408
-5.3,1087
-1.1,2587
1.6,2437
-2.4,1722
-0.9,2264
-4.1,1324
-2.1,1365
-0.8,1832
-1.5,510
-3.6,487
-2.6,289
1.6,454
2,489
1.4,454
-2.1,231
-1.6,1634
3.5,493
4.6,320
3.6,835
2.6,257
2.1,239
2.8,412
0.1,136
-2.3,1563
-2.6,1771
-5.3,1862
-5.8,1850
-1.1,749
-1.3,434
-7.4,493
-11.3,1898
-9.9,1773
-7.8,1747
-5.8,942
-4.6,325
-6.8,468
-10,1141
-6.4,1196
-4.5,444
-10.8,710
-10.5,1588
-7.4,484
-8.8,637
-5.3,1426
-2.1,258
-4.5,197
-5.5,1509
-6.5,1650
-9.4,1905
-8,2014
-7.3,1887
-5,2128
-5,1968
-6.3,2113
-2.8,847
-3.1,1892
-2,2072
-3,2038
0.8,1783
-0.4,1259
-1.6,2063
-6.8,2103
-4.4,2191
-1.5,497
-1.4,1675
-1.8,1526
0.5,435
1.6,209
2,550
0.1,538
2.9,1079
2.9,282
1.4,1019
6.5,1970
5.9,184
7,496
2.5,2214
10.8,2105
5,680
3.8,253
6.3,2592
6.1,2773
4.4,2614
7.3,1292
1.6,443
0.1,2001
2.9,513
5,963
1.9,599
5.5,846
6.6,698
6,454
1,290
-1.5,1479
-0.9,2369
0.4,2981
0.1,1822
-0.3,759
1.3,304
-5.6,1414
-0.6,947
0.3,780
-1.8,1689
2.8,532
5.4,497
2.5,387
1,1357
1.8,2613
0,486
-1,4246
-0.8,4310
0.9,3318
3.1,4096
3.9,578
4.4,4313
6.1,3271
1.9,4615
4.6,4419
6.9,4067
7.8,4371
5,1409
5.8,3999
6,3434
7.1,3966
7.4,3053
7.6,348
7.9,721
6.9,724
3,948
-1,2185
-2.4,1894
-2.1,3913
-1.1,5007
-0.6,5491
2.4,5760
3.8,5643
3,1828
3.9,5319
4.5,4467
8.1,5771
8.9,5882
7.3,5665
3.9,5995
2.4,6332
3,5050
4,6140
3.8,6017
2.5,4356
7.4,6247
8,4010
3.9,585
0.8,1698
1,3032
1.3,2062
3.1,1770
4.3,5821
3.4,4273
3.1,3372
5.8,2860
7.3,6199
8.4,5257
7.4,914
11.6,4958
8.5,2114
3.8,3872
7.8,4166
5.4,2466
10.6,6700
7.3,1430
4.8,1383
4.4,654
2.5,818
2.6,1705
4.6,2539
11.3,6746
12.7,5111
14.2,5811
12.3,5516
10.2,2697
9.5,4196
12.1,4602
10.8,7801
12.4,7878
15.5,7860
17.3,7416
15.9,2803
9.3,1556
13.1,5962
16,7930
16.6,5063
7.8,764
10.6,5077
5.8,1508
9.8,6943
7,1600
8.3,5573
9.3,3207
11.4,7278
12.7,8396
16.1,7372
16.6,7683
14,3896
17.1,6407
14,3172
11.9,3424
8.8,1942
11.6,5267
10.6,2951
8.1,2647
10.2,4256
15.2,7826
17.7,7903
19.5,8367
20.4,5775
20.1,6622
23,7906
24.9,7905
21.5,5499
20.4,5807
19.8,5580
21.1,7544
21.9,7829
14.2,3011
14.2,6956
15.4,7566
15.6,6267
11,7061
10.2,7120
15,7000
16.7,7292
10.5,1220
13.5,4876
9.5,3167
14.8,8204
12.7,3320
15,6547
19.4,7935
18.3,5421
11.6,2493
14.8,7249
16.7,7761
14.2,2805
14.1,2609
14.4,848
13.6,1333
12.6,744
13.4,5662
15.2,7709
16.3,7739
16.3,4170
13,5790
15.9,7635
13.6,2713
11.5,2580
13.4,2881
17.1,6614
18.5,5936
18.5,5910
17.6,5046
15.2,1991
12.5,1989
12.7,6799
14.4,3560
12.3,3522
14.6,6803
12.1,2326
12.4,2545
13.5,4220
11.9,2910
10.9,1500
11.5,710
11.5,1726
12.5,4118
14.9,6400
16.6,6704
16.5,6187
17.1,6421
17.5,5570
22,6032
14.9,2905
12.9,4385
13,3717
14.5,4849
15.1,4498
17.4,3565
17.9,4464
14.4,2265
15.8,3581
15.4,3409
17,5185
14.5,3323
11.3,698
12.5,1355
12.1,1840
14.2,4428
12.9,5437
12.6,3263
11.3,4164
13.3,4810
13.9,3304
11,3198
10,1413
11.7,4341
9.8,5657
9.1,5414
8.3,3246
7.8,4994
9.1,5289
11.9,4637
13.1,672
12.4,1331
10.5,815
8.4,2817
4.8,756
1.5,434
1.3,839
4.4,615
6.4,1657
4.9,3893
5.5,4852
6.8,4653
8.5,4753
8.4,3827
10.5,2436
9.9,931
7.1,3606
7.1,579
4.4,2002
4,3596
6,3765
6.3,3596
5.3,608
6.1,508
5.8,3523
7,573
11.1,1314
11.3,1769
6,594
2,664
1.3,1381
2.8,1703
10.5,683
10,1560
5.5,671
3.5,1636
9.3,365
7.8,1606
9.1,609
3.4,1424
8.9,2888
10.2,2200
9.3,1571
8.9,1025
9,181
7.8,272
4,543
2.5,1063
1.4,1869
0.1,269
0.6,950
3.5,220
4.8,1083
6,421
3.3,2564
3.1,1029
3.3,373
6.4,840
6,356
4.6,1958
3.8,743
3.4,242
3.1,1452
5.5,980
3.3,248
4.5,1817
4.8,395
4.3,420
4.6,302
4.3,741
6.5,1384
2.1,454
2.1,522
1,612
1.5,478
1,430
0.1,389
0,407
-0.9,452
-2,376
-3,435
-5.9,350
-4,1632
-5.4,1984
0.3,1507
0.6,1462
0,1206
3.8,832
3.4,753
1.1,532
-2,521
-4.9,1142
3.4,1182
5.1,730
7.1,393
7.8,505
4.8,848
4.4,1039
4.9,1165
4.9,1017
3.9,1196
3.9,1385
4.4,784
3.8,507
5.8,510
6.8,729
3.3,553
0.3,1130
-5,663
-5.4,1548
-8,723
-9.3,653
-9,1925
-10.9,1020
-9.1,1170
-9.4,2090
-4,844
0.9,1039
2.1,1668
-0.9,707
0.1,1560
-0.1,2023
1.6,1830
2.5,1267
1.9,515
1.3,754
0.5,619
-0.6,559
-1.6,1380
0.6,1010
3.4,854
1.1,647
-1.6,728
-4.4,918
-9.4,644
-8.6,2604
-1.3,832
0.6,485
-3.5,572
-3.9,854
-5,1042
-4,2452
-2.8,1128
-0.9,1031
-3.1,3893
-3.5,2940
-8.3,1303
-8.8,1220
-8.8,2155
-6.9,3141
-6.5,1727
-7.1,2913
-6.9,3327
-4.5,3744
-2.6,3704
-1,3742
-2.9,3826
0.5,3594
-0.6,4014
0.5,4298
2.8,3768
2.4,3861
3,2602
5.1,2089
2.5,1124
0.9,683
1.8,4171
4.4,3248
3.1,649
2.5,4110
2.1,2148
5.6,3111
6.1,4519
11.6,3464
4,1246
1.9,3598
-0.3,4969
-0.5,4756
0.6,5071
2.6,4615
3,5206
2.6,5261
2.4,5422
3.4,4671
2.9,5389
4.5,5328
5.9,5370
6.5,5377
6.6,4539
7.6,4862
9,2776
9.6,3241
8.9,3500
9.5,5000
8.8,5915
1.3,2265
-0.4,2597
0.5,3016
3.8,4065
0.9,2672
-3.3,4882
-0.4,6757
-0.6,3645
-2.3,1206
0.8,6179
2.3,1417
7,6787
10.2,6708
11.9,6889
12.4,6873
11.6,6785
9,7068
3.8,5061
9.5,4788
10,5430
8.3,2810
8.3,3988
10.1,5330
13.1,5680
9.6,1637
9.1,3968
14.9,6609
12.3,3689
11.1,699
9,5768
8.9,3184
8.1,7194
14.1,7807
17.4,4532
16.6,5499
17.9,7075
16,4790
13.1,4723
12.3,3522
12.7,3731
12.5,5935
5.6,2941
3.8,4303
6.3,5921
11.1,7725
10.4,2292
11.9,1998
11.6,3702
6.8,3484
6.1,2471
9.6,1485
14.8,8185
18,5885
8.5,839
10,1207
13,1544
15.9,4780
16.7,5531
16.3,4226
18.6,6445
17.7,5772
16.6,3726
17.1,5884
20.7,6122
20.3,6442
17.4,3657
18,4093
21.4,7291
19.5,7227
22.4,7440
23,7311
22.5,7834
22.2,5400
21.9,6065
19.9,7420
20.4,5189
19.8,7417
15.5,4832
18.5,6957
17.6,3831
16.7,8532
19.4,8430
24.6,7194
20.5,6118
20.8,6249
18.5,6048
18,6262
17.6,5479
20.3,7053
21.9,6507
11.5,1504
13.6,4863
12,3957
10.8,2686
12.6,4538
15.4,4093
16.3,5631
16.9,6987
17.4,6586
17.9,7934
18.8,7793
18.8,6372
18.8,8169
20.4,8217
22.8,7542
19.4,4471
15.2,3300
18,6861
21.1,8281
24,7592
20.8,5163
21.6,6911
19.1,4856
14.6,2109
18.3,6864
20,4913
16.5,1334
14.8,6412
15.5,5693
17.4,6588
15.2,3373
18.5,7185
21.3,6936
23.1,6967
24.2,6651
24,5676
24.5,6420
24.4,6893
22.4,5093
22.8,4394
24.2,6877
22.1,7205
24.5,6310
22,5585
20.1,4886
18.1,4344
21,5374
21.3,5785
18.6,5409
18.8,6506
17,3957
18,3714
19,6735
17.6,6865
19.2,6441
18.8,5301
18.1,6507
18,6242
19.9,4094
15.4,3679
12.6,1673
9.4,3500
8.6,4268
8.4,3453
9.5,6430
11.6,6405
14.6,5265
14.2,2520
14.9,3742
12.1,3329
11.7,2353
10.9,1935
10.2,2930
10.6,4806
11.1,3639
11.1,5730
11.7,5818
13.3,5326
14.4,5378
15,5460
16.3,5396
17.6,5198
17.6,5164
17.3,4757
9.6,1483
7.3,3368
10.4,5136
13,4582
12.4,2889
11,1227
6.5,2762
8.8,4574
11,692
15.8,2348
12.1,1977
7.9,596
3.6,770
5.3,2552
3.3,183
4.4,2831
8.8,1716
8.3,847
7.9,1415
8.1,2089
7.9,3720
5.4,3003
5,4035
4.1,3911
4,3909
3.6,3751
5.5,3606
5.3,452
1.6,321
2.1,2902
-0.3,263
-2.5,2770
-1.3,1868
-0.8,1767
-0.6,3120
2.4,3202
3.6,643
1.5,643
7,1151
4.4,1428
5.8,1709
7.8,575
4.8,2793
5.8,2773
5.5,2698
2.8,2302
1.3,1457
5.3,2483
5.5,2460
2.1,2383
6.5,1847
3.6,1237
3.8,1559
4.8,1244
6.8,733
1.3,922
6.1,1195
7.4,2222
10,2134
9,1923
8.4,1120
7.5,1285
7.5,1394
6.6,659
4.1,1317
3.5,252
0.8,206
0.5,1015
3.6,450
4.8,1035
6.3,1454
4.5,291
3.6,1525
4.1,1802
1,1005
-3.9,1671
-2,1986
-0.3,1855
0.5,1028
3,1698
3.8,727
6.8,248
2.5,382
-1.8,500
-2.5,312
-3.4,832
-3.1,1626
2.3,339
1.3,959
1.8,297
-3.5,432
-6.4,1054
-8.5,1302
-3.1,1659
4.1,1647
3.6,447
1.6,257
-2.1,1382
-2.4,362
-3.5,367
-3.5,405
-4.9,497
-8.4,832
-5.3,583
-1.5,700
1,1415
2.1,1542
1.4,1131
2.6,698
2,879
6.3,1150
4.1,968
5.5,1006
1.3,431
-1.3,310
1.6,289
0,342
-2.8,341
-1.8,450
-2.5,269
-5.8,350
-4.8,2107
-3.3,1866
-0.9,1531
-1.6,1200
-3.5,731
-3.4,388
-4.5,350
-6,309
-3.3,1669
4.5,2364
4.9,1860
6,1652
4,2371
4.8,1483
8.3,2266
9.5,1786
2.5,1670
-2.4,1062
-5.3,1398
-4.1,2253
-1.5,1330
-2.6,1616
-2.4,2511
-1.5,1594
0,1170
0.4,1778
-1.4,2741
-3,529
-3.8,752
-2.5,3196
2.8,1217
3,1284
-6.1,1932
-7,2650
-5,3536
-7.6,1320
-8.9,2217
-7.9,3244
-6.5,2404
-7,2050
-4.8,1399
-2,4145
-1,2889
-0.1,2174
-0.9,552
-1.5,2629
-2.4,1774
-4.8,3063
-4.4,3213
-4.3,1456
1.1,1810
2.9,1560
1.9,2720
6,4949
6.6,4689
9.3,4891
11.7,4261
7.9,2716
7.8,434
3.6,516
0,2901
-0.6,2022
-1.3,1543
-2.4,603
-4.9,1212
-3.8,5634
-0.6,5626
2.8,6016
5.4,6014
5.6,4071
7.6,5858
11.4,5336
6.4,3807
4.6,1062
2.8,1579
-0.4,997
-0.4,2365
-0.5,4149
0.9,4880
0.8,4071
1.5,1737
3.5,4422
2.8,3730
3.4,5035
5.5,4032
8.5,6856
9.4,5568
6.3,4738
2.5,3246
5.4,4310
10.1,6389
12.1,5270
7.5,1224
6,6920
5.3,4109
7.9,7462
9,5716
10.8,4333
11.3,5910
10.6,2142
6.8,2511
8,4423
9.1,5378
9.3,3640
3.3,1729
2.1,1373
4.1,1795
1.3,1392
1,1107
5.9,3463
7.9,3627
7.8,5410
5,1495
7.6,3866
8.9,6420
8.8,6207
12.1,8210
13.9,8298
13.4,7639
15.1,7230
10.2,2501
3.8,2207
4.3,5769
6.5,8424
9.4,7409
10.1,8050
8.8,1049
8.6,7138
10.6,8480
13.5,7760
11,1551
9.3,2187
9.5,3612
9.3,1507
9.9,2210
8.5,3312
9.8,3231
14.9,7951
18,7494
19.2,6360
20.1,7583
12.4,1825
10,6916
9.3,3952
12.6,5887
12.6,3230
11.3,4228
15.1,8526
11.6,6338
9,5412
9.1,5228
10.5,5309
11.3,2809
13.4,3810
11.3,7914
10.4,6309
13.6,7698
19,4427
14.5,7949
13.6,8426
17,7792
12.7,5121
10.4,5687
10.8,5075
14.6,7974
14.2,2904
13.8,5295
15.4,3041
11.3,2579
9,5048
7.9,4301
7,4914
8.1,4410
8.4,4150
12,5452
14,4423
17.7,6953
17.1,5835
16.6,7464
17,6532
16.5,4881
19.4,6481
19.1,6601
17.9,5653
15.5,2108
13.9,7216
11,2831
11.5,4494
14.1,8036
16.6,7969
17.7,7106
15.8,6384
18,7286
18,7478
18.1,6067
18.5,5081
17.1,4086
16.7,3782
15,3412
15,4887
18.1,6416
17,3806
17,3656
14.4,4048
11.5,3192
11,1663
13.8,4859
13.9,2906
14,1869
16.7,6367
13.4,877
12.5,2728
9.3,3637
10.5,4913
15.4,6032
12,1229
10.4,3793
9.4,1969
12,5784
11.8,6056
12.6,3670
10,2209
9,4528
9.3,6069
13.5,6177
16.4,5206
15.6,5768
16,6067
14.6,6022
15.1,6032
13.8,5652
12.3,5970
15.8,5077
16.5,4285
10.6,2230
12.5,3860
12.6,2584
8.8,2877
7.1,4652
9,5435
12.3,5423
11.3,1515
10,3050
8.3,911
7.1,1404
9.8,584
5.3,1643
4.9,855
4.9,1005
7.6,2011
9.5,1059
9.4,730
11.1,2502
9.5,1859
9.4,2014
8.8,3506
13.1,3757
12.5,4023
12,1514
9.8,1674
11.7,1093
6.6,633
5.8,502
3.4,819
7.3,3295
6.6,2158
6.5,1998
3.8,1273
2.1,2103
2.1,411
4.5,1262
6.1,612
10.5,1127
10,2373
9.4,3135
11.5,2469
12.9,3272
8.3,977
4.5,319
4.4,852
6.5,987
8.8,2329
4.9,1435
5.5,1062
5.9,350
5.9,479
7.6,1800
9,1634
3.9,377
1.4,768
0.4,1576
-0.9,1428
-3.4,729
-2.9,630
-2.6,710
-2,1490
-2,1353
-3.3,1196
-3.3,2551
-0.9,971
1.8,506
1.9,453
-1.9,640
-4.5,690
-1.4,1410
3.8,782
3.5,547
-1.3,1399
1.8,1050
2.8,967
1.9,809
1,637
0.9,741
-1.1,488
-2,721
-1,609
1.9,872
1.1,846
-1.6,502
-2.1,819
-0.5,1954
-2,1863
-2.4,1429
1.4,1929
0.4,1937
0.5,1909
2.3,1929
0.4,1816
-0.1,1403
3.4,1505
0.5,289
-2.9,539
-3.5,333
-8.6,1905
-7,390
-6.8,1244
0.6,412
2.8,292
0.4,420
-2,311
-3,259
-4.1,313
-3.5,426
-6.8,1045
-0.3,810
1.5,938
-0.4,510
-1.5,470
2.1,2066
1.8,1028
1.9,310
4.6,1423
5.8,1140
3.3,280
5.1,1940
2.5,1461
3.9,427
-0.5,818
-2.4,2163
-3.8,2256
-0.4,2394
2.4,2173
0,413
-2.8,965
1.5,432
0.3,814
-2.3,1246
-4.8,1115
-6.6,855
-7.8,870
-9.4,550
-11.7,1900
-9.1,1703
-11.9,2490
-9.1,1550
-2.5,975
-3.1,1681
-2.5,793
-2,981
-3.4,1278
-2.3,1971
-1.6,2307
-1.8,2279
0,2290
-1.4,2826
-0.3,1153
1.1,647
3.4,401
-3.3,1268
-4.1,1465
-5.9,1267
-7,820
-7,750
-6.8,1298
-5.8,1609
-6.5,1185
-7.3,1271
-6.9,769
-3.9,2300
-7.5,2720
-8.1,1591
-7.5,2969
-10,1310
-12.7,3981
-11.6,4527
-9.3,4341
-5,4165
-5.3,3313
-5.8,2257
-7.9,2178
-7.9,3607
-3,1126
-2.3,1283
-3.8,2562
-2.4,3842
-3.6,878
-3.5,4067
-0.5,4649
3.8,4589
5.6,4841
9.3,4498
7.6,5065
9,4317
4,1449
5,3571
7.1,2502
6.9,2201
7.1,2730
6.1,3197
5,2192
5.8,1829
6.4,2953
6.6,2346
4.6,1872
4.6,1469
4.8,4520
5.8,4398
6.4,3731
6.8,4021
5.4,1487
7.4,4276
5.4,616
1.6,2868
-1.8,938
-0.1,3193
3.6,5309
4.5,2155
5.6,2322
6.5,4703
6.1,4846
7.5,3537
4.4,3000
6.1,1662
3.9,1889
1.4,1033
2,4924
3.6,7445
5.4,3200
7,1176
5.5,1808
7.1,4095
6.5,2126
9.8,6000
12.5,6544
13.9,7088
16.1,7181
16,6196
11,2671
6.9,3240
6.8,2638
3.6,1213
3.8,1116
3.4,4293
2.4,4885
3.4,5316
5.1,7360
8.4,8139
9.1,3309
7.9,1672
6.4,1865
5.9,2448
6.9,4204
4.8,1835
7,6541
13.1,7524
11.6,3354
10.5,3713
7.3,2666
10.1,7445
15.2,8078
20.4,8142
20.3,8130
19.2,6366
19.8,6700
11.3,1545
8.5,3539
10.6,7004
12.6,8073
15.5,8162
11,2461
10,3328
9.1,2104
6.3,5621
7.1,5714
6.5,6199
8.6,6741
10.5,4801
11,5319
13.3,4794
12.1,1844
14.5,5287
15.1,4296
15.6,3917
17,7810
18.1,8817
19.9,8725
20.3,7268
20.8,6615
18.4,6317
20.4,5856
18.5,3867
19.6,5083
20.9,6173
21.7,6391
19.1,4366
14.9,4650
10.9,3181
12.9,1779
15.9,4528
14,5181
9.1,6156
10,2494
7.3,2199
9,2958
10.4,3340
11.3,5042
12.9,4277
12.7,6305
15.5,8034
18.3,8125
20.6,7840
18.4,6301
18.8,8214
15.5,5394
11.7,2633
12.5,3417
12.9,4487
11.1,1795
12.5,3652
13.9,2869
13.6,1539
15.8,5780
20.9,8107
23.3,8019
17.5,6383
14,3759
15,6534
14.6,5415
11,633
12.5,4224
12.1,5973
13,5533
11.4,3221
7.5,4745
8.1,6433
10.8,7278
11.4,7282
11.6,7330
13,5166
12,4494
9.3,2322
9.5,1015
10.4,2650
14.2,6639
16,5240
15.6,3505
11.3,832
12.1,770
12.6,859
12.5,3896
13.1,3170
12.1,2301
10.6,3794
12,5214
12.3,5809
15.1,6378
16.5,6497
17.4,6430
18.3,5554
16.9,4592
16.7,4696
15.4,4931
15,5753
15,5762
15.8,5908
16.4,5534
15.4,3712
14.6,1310
12.1,1113
12,1780
12.9,2327
12,1835
13.4,2384
9.6,1804
4.6,2222
5.5,2099
6.1,3861
6.3,4965
7.6,5075
8.9,4944
11.3,4962
11,3501
11.9,2929
11.9,1847
12.1,1281
9.4,2124
6.5,1936
5.9,2782
8.9,1038
4.9,823
5.5,500
9.3,1748
8.8,958
10.2,930
9.8,2877
10,3748
9.1,4149
9,4092
8.9,4028
8,3908
7.1,3879
7,3941
7.6,3830
7.5,3689
4.1,3772
3.3,3551
8.8,931
10,2509
11.1,1883
10.5,1140
8.3,732
9.6,1631
12.4,2103
10.6,2167
10.1,3154
10.1,3144
13.4,2924
10.5,2957
11.9,2910
7.8,1454
8.1,1249
13.1,2672
10,1244
3.6,1697
4.9,2492
3.4,2032
4.9,2537
5.9,2137
4.8,641
3.1,2391
7.1,1912
3.3,2215
-0.9,1503
5,2381
0.9,349
-2.4,678
-2,1024
-5.5,2145
-3.1,1740
-2.1,602
-4.5,1092
-5,755
-5.8,1239
-5.5,523
-5.3,1113
-4.6,546
-2.9,646
-1.5,816
-2.1,910
-6.4,1951
-2,1289
1.3,370
1.8,410
0.4,270
-1,445
-1.6,283
-1.8,487
-2.6,340
-4.6,1445
-6.3,1905
-2.9,1727
-2.9,312
-3.1,467
-2.1,620
-0.6,361
-4.6,290
-5.8,352
-5.1,463
-3.9,1484
-5.6,1257
-2.5,610
-0.4,302
-0.9,320
-1.9,355
-4.4,510
-7,917
-10,445
-9.3,412
-9.3,1178
1.4,404
-1.3,405
-2,339
-2.4,727
-4.1,455
-6.4,685
-8,1920
-6,1630
-5.8,1852
-4.6,2188
-4.1,2175
-3.6,2303
-2.3,1042
-3.9,2254
-5,2309
-4.6,2316
-2.5,2240
0.3,340
-0.5,601
-1.8,1075
0.1,2381
-1.9,1447
-3,985
-9.9,2271
-8.8,2634
-4,1064
-5.4,605
-7.5,923
-2.3,2158
-2.6,1727
-3,2602
-1.3,2668
-3.8,2701
-3.6,2794
-4,2863
-7.6,2877
-5.9,2176
-3.4,1201
-2.5,386
-2.5,559
-4.3,660
-4.5,428
-7,2549
-8.1,2808
-4.9,1170
0.8,1414
1.1,454
2.1,1595
-0.8,1189
0,1440
0.8,1684
-0.5,2052
-1.3,3105
-2.1,842
-3.6,664
-3.8,922
-4.8,940
-6.8,1020
-7.9,2460
-6,1255
-8,1058
-7.3,811
-1,1752
-4.9,2100
-6,2984
-5.5,2587
-7,3209
-0.3,1198
2,1220
-1.9,1739
-3.5,2002
-10,4201
-9.4,4964
-6.1,5124
-4.6,4828
-5.5,1129
-3.8,3622
-2.5,3512
-1.4,4517
1.4,5192
3.4,2284
1.9,3479
-1.1,1899
2.1,1778
4.4,2686
6.4,3392
7.1,3822
2,1236
2,3023
5.9,789
6.4,4234
6.1,4249
5.4,2305
2.1,3523
1.6,5150
-2.8,862
-2.8,6143
0,6337
4.5,6141
0.6,1333
-1.6,645
-0.9,3258
-1,2193
1.1,2685
3.8,5330
6.3,2011
5,2716
5.6,2640
6.1,3602
6.3,5222
7.5,4698
10.1,5435
8.1,4154
7.9,6874
9.8,6670
10.6,3171
8.1,1484
7.8,1581
6.3,1815
1.3,5061
1.5,5173
6,4597
9.4,6184
12.3,6514
13.6,7044
12.3,2138
9.3,3319
10.5,6525
7.9,2174
3.5,1476
6.8,2650
10,7510
11.6,5081
9.8,6033
9.5,4580
13.1,5975
12.4,3424
14.2,6061
11.4,1097
9,6556
8.4,2998
9.6,5578
10.8,3820
7.4,7338
7.6,6224
6.9,3598
10.6,3557
12.6,4867
9.5,4469
4.4,1811
1.1,4433
1.8,3884
1,2120
2.9,4595
8,5226
7.8,4209
7.3,4026
6.5,4900
8.8,7503
10.6,8487
13.3,8496
15.2,7934
15.4,8782
17.3,7675
18.8,6038
18.9,7490
19.4,6880
18.3,6026
18.3,7420
18.3,7976
15.9,3918
18.4,6583
17.6,6965
13.6,3236
14.5,6354
20.5,8468
17.9,6505
16.9,7267
17.1,6483
16.6,4775
14.5,3494
16.5,6823
16,8397
17,8649
18.1,6298
19.5,7761
18.4,6801
15.5,5317
15.4,3334
16.7,4431
17.1,6977
18.1,7515
20.5,8196
19,5022
15.9,3474
18.6,6213
17.9,7750
17.4,8446
18,8321
19.9,8274
20.6,6829
22.5,7108
19.5,4852
18.6,4312
20.4,7144
20,4986
21.9,7538
21.3,5908
20,5146
17.6,4320
17.7,5465
18.4,5565
16.1,3607
12.3,3259
12.5,5249
9.8,1890
10.6,4163
11.6,3103
12.4,3522
13.5,5211
11.5,3595
11.3,4431
9,3828
7,2840
7.8,4040
7.9,1714
7.9,2381
11.4,5874
12.9,3460
15.1,3477
12.5,6942
13.6,4441
12.7,4528
11.5,4340
10.9,4370
12.1,5331
10.5,3772
10,5414
10,4378
10.2,1950
8.1,1067
6.3,973
6.8,1250
7.9,1331
13,6064
15.1,4386
16.4,3756
17,4113
16.7,5640
16,3760
16.5,4993
11.5,5677
12.3,5607
15.1,3568
14.8,3940
13.6,4739
14.8,5149
15.1,2604
14.5,2095
13.6,4101
12.4,911
10.9,811
11.3,3313
11.3,4384
13.5,4734
14.5,4697
15.2,4281
15.1,3667
10.2,868
9.5,1885
10.5,2399
11.1,2853
12.1,4132
13.1,3126
11.5,1024
11.9,2868
9.9,654
6,2314
7,3335
9.3,1720
7.3,2911
6.8,3953
9.5,3767
10.2,3315
11,3150
11.5,3453
12.3,2539
9.6,524
6.5,1880
6,1747
7.8,3195
8.3,2635
9.8,1870
11,2965
8.8,1818
10.4,3018
11.1,721
8.6,2664
7.4,1824
14.4,2929
12.5,1437
11.1,1284
9.5,1192
5.6,2160
8.5,2240
1.5,1726
-0.9,2725
-1.8,1035
-1.1,1731
0.9,1417
3,2319
8.9,2688
7.6,1261
4.9,540
-0.1,1423
4.3,858
1.5,1437
3.6,1714
8,1679
9.4,2015
8.9,2017
8.3,620
5,2210
4.4,1237
2.3,1844
2.8,683
-1.4,1120
6.8,1104
7.3,1871
9.6,1210
6.9,1299
5.8,1485
8.3,1469
4.4,621
2.5,808
2,1558
5.1,1077
7.5,906
5,627
8.4,1106
3.1,966
2.8,1233
4.4,1300
-0.3,397
-1.8,1166
-1.1,984
-0.3,796
-0.4,1814
1.9,1819
5.1,1776
6,1010
-0.4,1432
-3.3,758
-3.8,824
-3.5,1222
-3.1,1164
-3.3,1617
-2.4,1636
-2.5,1426
-0.6,1604
-4.8,1133
2.1,1693
1.9,1553
1.3,1635
6.5,1141
6.6,1505
3,331
-1.5,252
-0.6,220
0.6,410
1.1,330
3.8,396
2.6,525
3.5,442
6.5,410
7.6,1464
3.4,731
3.1,387
6.5,2069
1.9,674
2.1,2094
4.5,743
5,501
6.8,619
7.1,482
5.8,607
1,974
-1.6,1240
-6.4,710
-9.9,762
-9.1,794
-10,2340
-4.5,594
-2.4,821
-1.3,1050
-2.4,2573
-2.4,2159
-0.8,991
1.3,2599
-0.5,2549
-1.1,2458
1.4,1881
-2.5,548
-1.1,949
0.5,1283
0.8,2785
0.9,1035
1.5,800
2,1078
0.1,810
2.6,1226
0.1,2623
1.3,3340
1.9,2641
2,3384
2.3,2820
2.6,3232
4.4,3661
4.6,3269
3.8,1908
3.9,856
1.3,832
0.4,1407
1.4,1530
3,1158
2.4,1050
1.5,2002
4.1,1082
4.3,4977
2.8,1256
5.4,2979
2.5,2086
1.5,2990
1.8,3340
-0.9,3511
0.4,4535
2.9,4586
5,4496
4.8,4386
4.9,4383
4.5,4313
2.1,841
0.5,557
-2.9,3703
-3.9,1981
-3.3,3076
-3.4,1474
-3.3,810
-2.1,1144
-0.1,4603
3,5616
1.6,4820
3.6,3155
1.8,3275
2.9,4123
0,750
3.8,4246
6.1,5570
4.1,2950
0.3,492
3.3,6016
7.4,6242
7,4783
5.4,5917
6.6,5672
7.5,5371
9.1,6414
11.4,6238
12.6,5882
13.4,6378
13.1,6505
12.3,6802
12.4,5807
7.1,4248
7.8,6467
9.3,6593
9.9,6120
11.6,6359
12.7,5108
13.5,5062
14.9,6724
13.8,7073
12.7,5553
12.1,4662
11.7,5057
10.5,6602
9.9,6816
10.8,6409
8.4,4862
10.6,6105
7.9,1722
10.5,5883
8.6,2114
9.1,1471
8.8,1229
12.5,3762
10.5,1855
11,2684
15.5,7416
7.1,1703
3.9,1527
6.3,3591
7.1,3265
9.9,6551
13.9,6085
16.4,7138
14.2,5872
15.1,6211
16.3,6334
18.1,6473
19,7106
15.5,6276
11.5,3544
3.9,1925
3.5,1198
6.8,5633
10.4,5207
7.3,2110
9.5,2467
13.1,4815
12.7,4970
14.9,5266
16.3,5150
16.7,6322
16,5190
15.1,4120
15.4,6279
15,5118
15,7665
15.4,4320
16,6852
10.9,1422
12.3,7438
14.9,7129
14.9,6108
17.9,8602
18.5,4918
12.1,4189
11,4289
9.9,4413
15.8,7964
12.1,3022
7,2467
6.6,4446
8.6,4542
10.5,6894
15.2,7588
15.1,6814
10.9,4117
9.8,2585
7.8,2474
7.8,2155
11.4,5262
14,6403
13.1,4374
9.3,3949
6.6,3440
8.5,4869
11.4,4503
17.4,7842
20.1,8319
21.9,8520
22.1,7830
18.3,7449
16.9,5940
17.9,5775
17.6,5542
13.3,2637
13.1,4760
13.4,6820
10,2485
13.9,4790
16.3,7736
15.9,6447
14.6,2540
11.9,2739
8.3,6739
9.1,6840
13.9,7310
13.9,3985
12.5,5237
14.4,6669
17.4,7584
17.1,6972
14,1562
10.4,1451
8.5,1473
9.9,1803
13.4,3557
14.2,5872
16.6,5842
15.9,4810
20.4,6271
12.4,2691
10.8,5295
11.5,4129
11.7,5275
10.9,3927
10.4,1142
11.1,5929
13.1,4639
14.5,4431
15.6,6005
16.3,6226
15.9,5223
13.4,3976
11.5,1035
10.1,2454
9.9,2643
10,1845
10.9,4000
8.4,971
4.9,3086
5.8,4142
6.1,1597
8.5,1707
10,2100
9.5,2770
10,3865
7.3,2159
8,4182
10.2,5521
13,4205
12.1,2856
12.9,5181
14.5,4176
5.6,1228
4.6,3782
6.8,5010
10.5,4655
12,4373
12.9,4074
13,4178
7,1976
4.9,1864
4.9,1088
5.4,1168
7.1,3521
9.8,3007
12.6,3406
13.5,2913
14.8,3679
14.5,1725
12.7,2180
9.5,2499
8.9,3850
8.1,3586
7.4,3196
7.6,2913
6.4,3253
7.8,3467
7,3130
6.1,3888
10.2,3938
9.3,2770
9.8,1585
2,1112
0.6,891
-1.4,1630
-1.4,329
-1.8,520
-0.8,479
0.6,509
2.8,520
3,1638
2.8,410
2.8,2679
5.8,2822
4,306
2.1,2610
3.3,2838
4.8,2734
7,1617
3.4,919
0.8,1701
0.4,617
0.8,609
3.1,521
-2.1,641
-0.4,596
1.8,576
-1.9,431
-2.1,682
-3.5,479
-5.5,535
-7,601
-4.5,924
-4.8,1347
-3,1395
-0.5,1227
3.5,1491
3.3,1310
3,920
0.1,607
-1.3,638
-1.8,667
-2.5,1139
-3.8,1920
-0.1,1684
1.1,899
2.6,367
3.9,472
0.8,309
-0.3,321
4.4,1370
3.8,723
3.6,1187
-1.1,1785
1.4,1164
-0.1,508
-1.5,532
-1.4,467
-1.9,739
-5.9,498
-7.1,1099
-6.5,895
-7.1,1027
-8.4,770
-6.6,1484
-5,1660
-3.3,1564
-2.6,1194
-3.3,1315
-3.1,1452
-4.5,1423
-2.4,325
-3.8,836
-2.3,1376
1.4,1518
-1.3,1039
-2.6,994
-5.6,328
-8,610
-3.6,1040
-1,1220
2,960
0.4,715
3,1351
-0.8,1612
2.8,369
2.5,1422
3.1,1575
-0.8,421
-3.3,956
0.3,1011
3.1,1348
1,758
1.3,859
3.6,816
5.6,747
3.5,1706
2.4,1854
-1,910
-1.8,2489
1.3,2265
0.3,2021
0.6,1950
3.8,700
2.4,1881
1.6,1916
-1.1,465
-3.6,1005
1.5,587
1,2802
0.3,3013
0.6,2142
1.4,2283
-0.9,1923
0.1,2820
-4.8,1582
-5.4,2657
-2.8,2680
-0.1,2735
1.5,2604
2.6,2563
-0.1,3233
0,2548
-2.8,3182
-2.6,3502
-1.8,3562
-0.8,3489
1.8,2193
3.8,839
5.1,1673
5.6,3405
8.4,3756
6,2649
6.5,2423
1.6,3122
2.5,2913
6.3,723
4.9,1835
4.1,1374
1.8,1282
-3.1,1864
-6.4,1423
-5.9,4366
-1.1,2736
-0.3,1104
1.8,3791
2,2784
3.1,1611
3,1023
1.6,3399
5.5,989
6.1,3952
3.3,2236
-0.1,1117
-0.8,3133
-3.4,3470
-2.9,3178
-1.8,959
-2.1,3605
-5.4,1715
-7.4,3960
-5.4,2232
-1.9,2327
-0.9,2398
1.6,5607
2.4,5638
6.5,5157
3,1922
5.4,2280
3.5,2362
1,1848
1.8,1744
2.1,2505
-0.8,3573
-5.4,4945
0,1273
5,1514
6.3,1551
3.5,2036
2.9,4212
4.1,4211
1,1659
-0.3,2712
-1.1,1337
1.4,4665
6.8,6032
4.1,2830
8.1,4595
5.1,1455
5.1,575
7.1,2793
8.8,3968
6.5,4148
6.4,6451
9.5,6520
8.8,3437
5.6,5937
3.9,2404
6.8,5861
9.1,6354
9,5354
10.6,5839
9.9,7767
11.5,7760
12,7812
11.7,7840
13.8,7521
13.9,7799
10.8,7116
11.1,6189
13.4,6114
13,4945
11,3631
12,6216
9.9,3261
8,2902
7.8,2080
8.3,2896
5.5,1102
8,1979
9.6,4793
10.9,2652
10.4,4695
15.2,3325
19.1,4764
18,6306
18.6,6135
13.6,4618
13.9,4947
16.3,5967
14.9,6912
13.3,3934
11.4,2298
11.5,1321
11,3351
9.8,1939
11.6,3495
12.1,5794
12.7,4210
12.7,4412
9.4,3583
6.4,6158
6.8,3439
7.6,3431
9.3,3149
11,2101
13.1,5764
15.5,7762
16.3,6923
18,7105
21.6,7133
19.1,6429
17.4,2865
19,7461
16,4108
15.2,7627
15.6,7356
17.7,6895
18.1,4333
20.3,7577
19,6368
13.5,3224
12.6,7079
16.1,7576
13.5,3487
11.6,5561
9.8,3897
13.3,5834
18.1,8404
17.1,5830
12.4,3891
9.9,1870
10.8,3725
13.1,7582
15.8,6160
12.1,2587
12.1,4490
15.5,5254
12.9,5035
8.6,4792
8.8,6120
12.1,6312
15.1,7797
17.6,6824
15,3966
15.8,3891
17,5305
19.4,5304
17.9,5442
20.3,6675
16.4,1507
13.4,4843
14.2,5217
14.8,4769
13,2844
11.5,5530
12.3,5576
8.8,1442
10.5,5310
10.9,6428
14.9,5875
14.9,2633
11.6,2901
12.1,6736
11.1,5569
9.8,4226
11,6728
14.4,6476
14.1,5784
15.2,5955
15,5660
16.3,6104
15.2,5995
16.4,5492
14,4943
14,5409
14.2,5072
11.9,1591
15.1,5486
15.8,4865
16.6,4912
15.4,2544
14.6,4630
18.4,6072
17,5420
12,1410
11.5,1186
10.6,1964
10.8,4010
14.5,5009
16.1,4133
14.9,4161
10.4,1036
8.1,885
4.4,1263
3.8,1342
4.1,1374
4.5,3010
6.8,4050
8.9,4020
4.6,3910
4.9,3884
5.9,3560
4.5,3669
5.5,3879
6,1150
6.3,2566
6.3,3170
6.5,3240
7.1,3440
6.3,1874
7.1,1256
6,1176
2.9,1224
1.1,1910
6.1,2067
9.3,1687
11.1,3829
11.9,3763
11,3428
10.4,3699
9.5,3639
10.8,3452
14,3074
13.5,2585
12,1369
6.4,968
2.9,2361
2.8,2917
6,2874
11.4,2085
11.7,2643
2,769
2,977
3.1,2787
3.4,2801
7.5,2774
6.9,1106
2.8,796
-0.3,411
-0.9,596
0.8,876
4.3,1306
4.6,1676
7.8,2815
6.3,2755
5.8,1603
4.8,1812
5,1867
4.1,1905
6.9,1122
8.3,1342
4.8,1074
3,1364
2,1210
1.3,2101
1.9,2063
3.4,910
0.5,884
1.9,1083
2.4,684
2.5,402
-0.1,418
-4.8,556
-5.5,325
-2.4,397
-4,478
-5.6,784
-5.1,1766
-4.3,1384
-3.3,885
-1.3,1174
-1.6,1075
-2.8,663
-0.4,869
1.4,403
0.6,432
-0.6,311
-2.4,435
-3.5,1442
0,1053
-3,547
-3.8,642
-4.3,849
-6,1356
-3.6,1487
-1.8,1606
-2.4,1714
-4.4,529
-4.1,933
-0.3,519
0.8,444
2,327
1.4,450
-0.9,907
-0.3,1302
-1.9,737
-5.4,965
-7.3,779
-7.8,994
-7,1369
-1.8,1507
-0.5,1210
