2.4783,830.92
0.16445,270.95
1.3174,583.05
3.2949,1003.5
4.2115,1390
0.59426,327.72
4.3657,1485.8
26.063,13940
7.5929,3641.6
0.050822,309.51
2.1291,720.99
1.0596,754.23
6.0725,2132.9
3.6955,1967.9
7.3666,11761
5.3051,1844.2
4.6337,1449.5
7.084,2468.6
14.229,3369.5
1.7675,830.63
3.5592,1263.3
0.49886,563.21
0.50397,290.01
8.4567,1922.9
4.7757,5441.1
2.1425,834.12
3.4068,2199.5
1.2695,455.37
0.45358,740.78
1.6008,910.29
7.6072,2271.8
4.6356,1915.9
2.6414,469.93
6.8654,1502.9
6.5152,1905.1
0.13347,106.99
0.16509,194.61
4.37,1549.1
5.7478,2072.7
31.769,14605
0.12676,256.08
8.6621,2921.8
3.2822,959.33
4.19,1490.7
1.2909,483.83
17.064,6889
3.8248,1445.7
9.8969,2757.4
2.2326,779.94
1.0435,676.13
0.33374,480.84
6.3354,2634.2
9.6474,3187.1
3.4289,1620.6
9.119,2620
1.5484,617.6
8.3385,4218.2
1.5915,905.68
8.6873,2855
0.13682,273.85
16.839,4759.1
0.8975,485.34
16.957,4868.1
2.7066,870.73
9.95,3393.3
0.32502,261.2
1.1951,548.92
14.287,4501.3
10.169,6941
6.9588,8193.8
2.6386,1046.1
0.80844,772.16
8.204,2688.9
9.4552,3536
13.738,4596.9
0.40555,732.06
0.91189,277.65
7.2506,625.6
1.0564,572.06
1.9294,447.04
6.4432,4388.7
7.8942,3218.8
5.7657,3238.6
0.41648,469.9
15.76,7013.9
3.3689,649.98
0.027939,301.55
63.136,19275
0.35119,120.39
10.665,5064.7
13.887,3817.6
10.998,4290.6
1.6306,567.4
0.67886,434.56
20.876,8246.1
0.042339,305.13
6.4166,4133.8
1.1415,451.75
14.742,5828.9
0.42712,349.95
15.116,7454.7
0.15874,270.47
7.8717,3632.6
2.5276,1066.8
1.7455,687.12
3.9302,1457.2
9.678,5965
0.073987,427.87
7.6473,3261.9
5.498,2473.4
1.0306,376.06
0.66751,429.99
1.6205,876.2
1.3713,1375.5
3.4044,942.34
3.2471,1503.7
5.3677,1914.8
0.081533,379.54
0.19674,324.61
2.8673,1141.4
10.44,3136.7
1.1888,558.52
6.9594,1364.1
4.0929,2542.8
10.06,4332.6
0.81969,417.57
0.40445,396.48
10.31,4783.1
0.19419,316.09
3.0575,1005.7
6.1305,2220.5
2.5083,988.18
0.9183,737.82
4.9463,837.09
2.3477,819.37
0.46815,492
2.558,992.91
0.51347,756
55.808,19020
2.5765,1013.7
1.6663,525.06
2.1132,832.63
31.025,12140
11.857,4841.9
0.27438,447.61
1.6227,799.69
9.9714,2548.1
37.357,14928
10.794,3974.5
7.1419,2141.5
0.30651,480.35
6.6829,3517.9
1.28,950.08
1.7328,1197.2
11.569,2428.2
17.931,11047
18.593,5684.5
2.7836,1451.6
11.424,3539.8
22.035,8771.2
1.7298,1146.9
2.3779,987.1
1.7033,1166.6
3.7634,1292.9
5.1534,2007.3
0.80968,256.37
1.2735,546.88
1.7068,371.65
5.0672,2265
0.74896,390.14
6.427,1122.9
5.6647,1672.9
16.866,5319
3.5061,1170.9
15.353,4745.6
1.1688,340.8
52.609,8524
0.42269,421.57
4.164,1654.9
0.14888,231.88
3.1359,1227.5
1.4852,932.49
1.894,716.24
1.0986,493.86
8.2796,3227
9.3902,3966.7
10.637,3589.7
3.2541,1262.4
0.48274,310.56
16.86,4268.1
0.58798,493.54
80.843,3547.5
1.8488,725.67
4.0831,1420.7
0.42966,363.69
1.4565,723.54
5.6805,2507.2
0.89683,393.18
10.934,3518.8
0.59745,517.09
9.7681,4403.1
1.8231,844.1
1.3845,587.85
1.1103,481.92
5.8325,3653.4
8.4723,3786.9
8.6447,2934.9
2.2241,651.98
2.6813,1067.3
20.754,9098.3
23.154,8451.6
11.626,3848.6
0.5465,446.5
13.562,3687.4
0.35916,274.25
6.7676,1735.2
0.68945,722.75
0.03649,288.91
8.2081,3054.3
0.76246,606.76
2.5485,914.66
7.2186,2833.8
0.97278,679.5
1.0369,319.07
8.0306,2584.6
1.869,606.02
0.48122,414.51
11.979,4978.7
7.7599,2931.5
20.425,3762.4
0.34069,371.62
0.24992,338.93
0.17485,254.34
1.0351,355.48
9.4906,4150.9
5.3607,1983.1
1.0729,575.07
11.952,4988.3
0.90032,637.94
8.7056,2449.1
1.9474,708.9
0.26187,305.07
0.18437,371.56
0.14052,281.96
0.35932,368.09
6.4752,2745.9
1.4802,541.67
2.3847,912.06
5.2177,2181.6
5.2368,1681.7
3.1279,1166.4
4.339,845.81
10.22,3858.6
1.0312,485.33
10.12,5416.9
2.1815,803.51
1.9206,671.81
11.825,4863.5
4.0167,1652.9
2.7883,1900.7
5.9533,1508.9
5.9341,2570.3
12.905,4664.6
13.107,4572.6
0.2735,445.97
0.71636,610.71
1.1647,824.26
40.166,12160
0.13897,271.66
13.694,3542.7
0.08407,95.334
17.147,5772
8.3597,3354.5
0.70606,398.83
0.37378,718.25
7.9113,3222.2
6.2495,3490.4
0.51398,733.41
0.18518,359.05
4.002,883.15
4.9391,1945.3
23.217,8202.5
4.7812,2077.7
2.1438,873.41
0.16343,319.95
0.94664,667.69
5.3146,2433.1
10.38,4381.5
0.14605,281.48
3.8283,583.96
8.6638,2173.6
9.7511,3446
52.852,3905.7
5.2074,2328
4.0502,744.43
0.34378,743.21
0.76705,418.64
13.422,3333.3
0.56778,350.45
14.592,7892.5
5.1178,1807.7
5.9451,1576.5
3.65,2639.1
0.93484,747.27
1.6761,906.5
2.0059,742.88
1.3577,863.59
2.2114,744.25
1.8786,750.06
0.95755,533.29
9.4602,3850.6
8.6641,2558.5
3.5052,1560.6
5.4627,1945.5
0.44851,323.6
8.9261,2651.9
0.63763,207.58
21.081,7720.6
17.195,4894.5
10.105,2068.7
0.17265,364.42
8.0985,5747.1
28.165,7113.2
11.276,4373.3
0.87459,743.84
0.52104,612.22
7.4254,2252.8
14.577,7661.8
16.845,8193
2.3939,816.85
11.917,4004.8
0.11462,466.33
6.4684,2843.5
5.5463,2018.4
0.4296,240.14
1.8209,699.86
0.53688,490.12
8.1905,4532.1
10.619,3475.8
8.3874,3566.7
12.223,3378.9
1.7086,673.03
8.7547,2502.8
8.3885,3211.6
3.9614,1320.3
11.448,3371.9
7.185,3105.8
9.0841,3903.7
0.11701,373.39
80.007,7573.2
1.8078,868.83
0.69755,590.37
3.1465,1039.6
17.746,7405.1
4.8586,1823.1
0.92228,672.42
6.1382,3538.5
0.85529,431.79
12.742,4295.1
0.27823,575.82
13.018,4184.5
5.4823,2135.2
0.21701,398.68
5.2726,2497.5
4.0668,1340.8
0.91625,667.04
8.323,3183.2
12.793,3355.5
10.348,4529.2
2.217,1012.5
0.14486,316.89
7.4186,2813.7
8.9101,3259.1
0.11539,392.18
0.91993,503.28
1.0177,731.34
9.6267,4135.3
12.368,5367.2
5.0919,1766.7
27.846,7243.2
2.19,908.75
12.547,4569.2
3.4075,628.2
6.5247,5242.6
0.73621,587.77
9.6283,3906.5
0.73423,182.31
8.2499,3314.6
0.83326,467.08
2.9176,941.41
9.0225,2696.2
9.2196,3284
0.66279,413.47
0.53108,312.42
0.20058,322.83
0.8229,598.4
9.9481,3453.6
0.052494,291.23
14.528,4615.5
1.9408,909.05
2.1488,760
0.50326,719.03
1.5001,579.49
0.52968,364.56
14.127,5004.4
0.31143,559.64
9.1542,3189.5
7.2128,2400.1
3.408,2048
2.4036,1307.2
14.622,5887.4
0.64551,580.45
2.0536,357.96
5.4453,2467.6
1.7415,696.97
3.2232,1322.2
7.6649,3019.6
0.48912,585.17
2.1659,983.7
4.2894,1014.7
4.8084,2043.8
0.71467,826.25
0.56418,292.44
6.8447,2913.4
6.9447,3041.3
0.41285,722.9
67.495,13632
0.34861,741.41
0.94446,496.61
0.77682,396.64
8.2993,5147.4
9.12,3425.4
4.0576,1122.2
10.465,4436.1
7.9216,2615.9
10.659,4671.8
4.0121,1265.3
4.8934,2005.5
11.802,1743.4
7.8816,4914.9
8.0821,3918.3
4.4206,2422.4
1.6994,766.68
6.7968,2204.8
1.3788,817.63
0.074107,401.95
0.58255,767.46
8.0894,2436.3
0.27562,241.79
7.6405,2683.8
0.10033,432.66
0.95827,743.59
2.5448,816.71
9.7517,3349.4
3.6386,1326.2
7.3337,2947.5
14.965,4161.7
9.8225,4777.9
9.7504,4257
3.3473,921.52
2.5479,989.67
7.7851,3031.3
6.4872,3163.8
11.233,3154.9
0.97597,688.78
2.1767,798.31
1.2159,398.81
3.0148,1080.4
0.64436,523.41
9.1748,2231.8
12.1,4101.6
2.1634,579.41
11.683,3876.3
2.029,681.3
0.57663,395.86
1.3246,761.51
12.861,2603.8
0.72746,414.24
7.4304,2826.6
5.5835,3653.8
6.2036,2408.6
7.6276,2738.2
1.6002,879.71
1.5199,607.11
3.4829,1200.9
10.222,2977.9
15.111,4704.8
0.45856,644.57
8.1725,2860.9
0.79808,651.37
0.076148,465.7
0.8181,451.15
1.0403,718.26
10.62,4316.1
3.2309,1074.4
12.334,4682.3
0.9658,457.06
3.8863,1222.7
0.65285,422.34
0.12215,314.01
0.503,422.29
0.28977,664.16
0.14492,279.3
3.2125,1128.1
4.3803,1810.7
6.2086,4169.9
5.859,2120.9
8.7563,4797.6
0.53419,446.06
3.6185,1192.8
0.48764,497.36
1.2087,572.33
9.891,3416.3
23.479,5769.8
6.0998,2960.9
13.879,9049.4
0.39816,267.63
0.58749,455.26
0.65064,371.14
0.23438,429.65
4.0577,1813
0.3961,390.21
2.4098,1124.6
0.15784,250.04
13.408,5076.4
0.20163,416.62
0.10863,417.45
24.22,10632
0.3923,459.09
12.622,4138.9
2.0619,723.51
2.2743,878.55
2.1135,760.44
8.3399,2578
7.2688,1888.2
6.1753,3123.1
6.7491,2076
8.2063,2626.4
8.96,2832.1
0.15706,277.08
0.3984,130.04
0.85544,488.53
12.151,5842.2
0.72244,647.62
21.122,7966.2
6.4903,2069.9
0.75201,611.84
3.7724,1421.6
13.577,5287.4
0.051778,305.47
7.1762,1781.5
0.74443,464.72
0.49839,500.3
5.5884,2757.4
34.289,10325
2.4961,973.82
0.91692,620.39
15.602,4726
1.2281,420.01
2.5683,460.68
4.3712,1898.6
3.5786,960.75
7.9351,2344.3
1.0033,545.99
0.68575,751.21
6.2196,2232.3
9.2186,5961.7
9.3347,4899
1.2469,555.97
0.19132,330.62
2.4354,1003.9
5.2085,2743.9
0.30786,315.44
0.63001,402.18
10.623,3814.5
12.138,5259.2
0.13418,110.08
10.74,4246.9
3.071,1309.3
10.563,3662.5
0.14919,414.93
1.9798,884.46
11.7,3935.3
0.45752,406.26
0.91007,846.62
10.564,4542.5
10.388,4541.4
0.76401,461.35
0.97802,415.68
0.4112,379.03
17.224,8512.8
0.4653,391.02
8.4948,3238.2
5.936,3803.8
7.8469,2402
1.2253,617.19
7.2153,2793.1
1.0183,441.57
1.7601,647.1
1.6655,700.01
17.875,7759.8
0.57457,316.91
1.7953,713.54
4.1381,1325.8
1.7885,1081.9
0.13098,281.03
0.56566,384.06
4.6722,1876.7
3.9126,1549.5
0.13534,264.32
7.2888,4898.6
1.8078,1142.5
6.6067,2779
7.4214,3628.6
0.69754,551.41
11.425,3912.1
39.45,7383.5
0.89205,574.93
0.36005,409.96
0.19989,369.57
3.5264,1259.4
9.79,4419
2.1544,752.18
9.3378,4075.2
5.9321,1741.3
4.9684,2091.3
0.31159,286.2
16.412,5077.3
8.6053,466.19
3.4168,1432.1
0.96819,631.79
4.1917,993.35
73.917,3340.2
62.064,15386
0.82205,264.81
8.836,3618.4
0.72081,724.89
7.1239,2641
57.042,15254
8.7177,2721.9
0.76436,825.9
6.3793,2725
16.485,6077.4
6.8269,7239.3
3.3944,1228.2
19.628,7946.6
2.641,880.31
0.58675,567.95
0.39683,316.96
19.765,7940.3
1.3745,673.45
0.54875,312.59
10.451,3614.7
18.862,8336
2.8495,961.84
2.2829,1037.8
2.161,871.85
1.2073,425.54
0.76171,464.17
0.9118,439.87
0.28879,378.48
0.34568,390.81
1.5923,882.47
0.53664,373.48
0.15156,501.3
4.3758,1454.6
4.9667,2140.4
7.6794,2326.8
0.22282,417.04
1.223,909.12
6.0418,1462.8
9.0311,2649.2
3.3515,862.23
1.6986,786.59
0.15684,314.61
1.3256,869.34
20.659,7857.1
8.576,2815.8
4.6595,1559.2
0.4503,483.56
12.053,3744.4
2.3594,1051.5
4.8322,2030.8
8.7315,4836.3
2.1928,994.09
0.97963,420.96
11.553,3927.1
0.3621,248.03
6.1088,2260.6
16.572,5584.7
5.656,2468
0.48648,515.29
8.2769,4694.5
1.3659,653.62
0.72901,611.66
5.0369,2065.9
7.9233,8481.2
7.4046,2856.6
3.5821,1381.9
12.391,5372.8
8.1667,3696.3
2.3977,787.83
5.6731,1348.3
4.107,1747.5
2.1786,1241.1
27.306,9139.9
1.2479,874.63
4.097,1538.5
6.1134,3643.9
15.239,7504.8
0.32111,486.1
8.7304,3882.8
6.4326,3642.7
0.43916,361.97
1.0057,620.83
0.69646,666.63
9.0417,3992.2
4.7759,1910.2
0.131,386.08
1.9028,639.22
0.15401,276.26
7.726,5530.4
17.933,5588.8
1.1412,574.17
8.7601,4893.2
0.96388,597.62
0.37907,252.32
8.6397,2938
8.7352,2942.8
0.47855,493.74
17.456,7860.1
1.4069,987.86
5.9218,1618
0.32039,329.03
1.6225,550.18
0.1426,401.42
2.8245,1085
3.5545,1115.1
0.75905,424.22
9.7345,4034.6
2.215,767.71
2.5021,877.83
4.3846,1247.8
1.2414,526.39
9.7736,3204.4
1.6056,661.24
7.8263,2324.7
0.54564,469.49
1.9264,410.1
9.2604,3752.1
1.8011,805.56
1.4185,614.41
1.0167,377.17
1.0732,588.35
9.8083,4154.8
0.085464,372.18
2.0205,826.8
1.031,764.44
7.766,2947.4
6.2242,2560.6
7.7277,5368.2
13.95,4735.1
13.765,4383.7
14.51,2555.1
1.2772,843.02
2.6306,937.44
13.172,4195.6
2.0474,595.75
4.9868,1857
12.28,5250.7
6.9845,1701.9
0.071119,306.29
0.8647,623.87
12.07,3927.9
5.4246,2113.7
2.6912,1077.7
7.339,2855.2
6.4365,5405.6
1.8456,981.33
0.44305,655.09
8.0125,2748.5
1.1327,356.28
0.9637,417.58
3.4327,1309.4
18.886,7615.4
2.2546,543.47
0.44439,648.18
0.12862,348.57
1.7527,721.32
11.392,2003.3
28.056,15102
11.572,4121.4
1.0162,345.06
9.9261,3039.4
25.927,9281.1
8.7697,7941.4
8.5615,2955.9
0.11914,282.4
1.2586,575.42
0.70828,537.95
5.3624,1833.9
1.1021,494.68
8.6865,3312.8
0.56528,586.19
1.6324,849.64
10.108,4215.4
13.993,5020.7
0.22535,91.375
2.3556,613.49
0.36463,280.23
11.78,4037.3
2.151,696.72
9.7571,4179.5
2.2607,923.58
5.8204,2406.5
15.203,7883.1
3.839,1618
8.2059,4495.1
0.50103,575.81
3.4241,1563.7
4.969,1547.2
10.19,3463.4
9.0267,2550.7
4.0583,1414.4
7.5316,11753
0.094104,308.76
0.55599,384.36
5.4566,2948
12.833,4680
0.31341,330.72
6.3139,2310.6
7.0907,3274.9
1.293,606.3
3.0881,1862.2
1.2076,714.31
0.081332,302.36
0.3581,406.4
0.99874,338.03
5.8641,3570.6
0.13829,337.2
10.153,2886.7
6.1479,2339.1
1.022,742.23
15.943,5623.6
9.7376,4011.7
10.167,3614.7
0.11025,312.54
6.9126,4220.8
12.17,5175.9
12.602,2593.4
7.2179,2915.7
7.0492,2856.6
10.948,3692.8
9.6978,4210.6
7.9767,2912.1
8.7349,5351.7
1.0158,520.24
10.24,2839.4
4.8787,1970.7
0.085359,92.971
0.14072,284.81
10.15,4245
9.3176,4073.5
12.925,5284.3
0.17577,338.53
1.1736,920.17
2.1502,825.86
1.5837,559.09
7.2197,1837.3
3.9169,1549.3
5.9928,2777.4
29.285,12416
27.638,14982
8.7029,2894.9
0.53395,376.2
0.48949,177.41
6.1418,2780.8
0.13112,411.15
52.121,9663.9
5.8974,2431.8
3.0574,1137.9
3.5132,646.95
8.1745,2200.8
7.2765,3393.6
0.38591,324.72
0.26687,467.07
0.1676,203.56
12.194,4014.5
2.6768,972.48
0.8663,430.02
4.5933,1761.1
8.3947,2567.4
7.7933,2071.4
1.4138,624.92
0.16849,321.9
0.11193,408.01
4.8322,1566.9
4.2426,1001.1
0.97722,753.58
6.7377,1446.3
10.115,5634.2
6.9168,2609.3
0.30951,358.3
7.0817,2920.9
9.0515,1862.9
0.63885,511.72
1.78,1083.1
0.20559,395.43
0.14717,271.81
7.6631,2481
6.4666,1341.8
0.19355,356.37
0.32064,361.41
0.21402,367.91
11.795,3928.7
16.369,5680.2
7.3245,2353.4
4.2864,1671.4
5.9352,5414.2
0.15336,312.24
18.976,7669.6
3.7302,1818.1
0.37935,281.5
0.53052,638.24
2.5221,928.64
1.2439,607.04
18.086,5920.4
0.13512,391.59
0.70766,435.73
12.599,5443.4
4.3432,1466.6
0,290.89
6.0108,2533.3
2.4949,840.26
12.109,5268.4
0.74359,421.57
1.0194,548.61
7.0705,3044.5
0.046569,80.798
1.972,935.02
15.286,5048.6
0.47523,471.78
12.849,3925.3
0.73752,358.95
0.71808,701.47
0.74966,597.19
4.8329,1521.9
15.344,4873.6
0.63871,619.95
6.3201,2270.1
39.709,6207
0.10171,302.69
0.43517,233.29
0.54108,585.83
2.2389,644.45
0.22563,368.58
2.6731,1074.4
0.22769,463.96
7.9234,2607.9
0.33841,406.63
8.1307,3196.4
0.34521,279.36
7.5292,3019.2
1.4127,932.13
9.5324,2870.2
2.2285,1065.5
11.237,3219.2
5.3927,1987.2
9.3871,5036.7
1.4408,689.35
0.19934,392.5
6.7819,2925.2
1.4293,867.45
1.9114,664.34
4.8274,2008.7
14.662,2506.7
0.26295,556
3.7192,1113.8
6.2376,1179.6
1.2358,819.11
0.57093,502.72
9.0142,2437.8
3.4098,1162.4
8.3529,3050.5
6.3157,2503.2
1.4364,700.49
0.34054,676.83
2.5715,1004.7
0.34846,269.24
0.31705,366.06
3.2268,1138.1
5.2803,2793
1.3846,973.93
0.90087,545.81
0.59529,378.63
0.98639,755.66
5.5753,2486.6
13.468,3735.9
1.2571,752.85
0.091221,312.14
0.14172,273.32
84.491,9884.7
3.5562,1288.6
0.31155,483.5
0.42661,408.34
12.825,3457.8
0.17439,409.79
0.93399,315.71
7.7276,4007.1
6.1322,3566.5
65.625,19244
0.809,377.14
7.14,3335.3
10.455,3603
0.42869,741.72
0.58908,486.85
8.3662,2857.6
0.22244,389.11
2.7627,998.03
0.080327,318.81
9.1343,3157.2
3.8272,960.3
1.9477,725.34
7.7894,3456.8
8.7788,5852.4
6.0642,3356.6
0.25214,301.11
5.9288,2752.4
0.26151,460.6
4.1104,1623.6
0.35838,278.56
0.24376,367.11
15.308,7966.5
9.4789,3613.2
1.6159,884.78
3.9818,1516.2
5.1423,5738.9
5.7434,2440
4.8989,1592.1
0.32783,442.06
0.086072,480.26
2.4381,786.64
15.046,7006.9
10.751,4486.7
1.0758,661.05
2.6788,943.56
0.11952,391.86
0.43455,636.79
0.58553,356.49
0.96379,296.47
0.018197,521.47
0.0912,380.28
7.5375,3042.8
1.3151,696.23
0.30396,369.9
6.6245,3999.5
10.794,2357.8
0.74245,648.24
4.733,1606
7.6842,3529
0.17801,276.99
11.154,3198.4
12.136,3817.6
0.21376,292.21
7.9462,3796.5
5.1542,1829.2
5.5016,1985.3
8.2067,4880.1
6.7971,2306.2
0.34412,357.34
0.60091,465.11
0.28175,350.42
0.14153,318.77
6.0799,1846
5.2786,2493.1
4.1921,1796.4
0.29314,681.12
6.5215,2551.4
8.9508,3724.3
1.4669,612.27
2.2085,831.82
7.7552,2748.7
10.45,4181.6
10.884,4274
7.2672,2835.5
7.4289,2364.3
2.2148,844.45
1.5272,562.93
0.64555,379.65
7.5162,3238.5
0.18641,126.33
2.1085,651.29
10.358,5072.6
2.8555,1712.6
1.0935,484.5
2.6031,985.32
3.549,1192.6
1.5548,657.16
9.4181,1864.6
6.7873,2664.9
5.532,3091.6
0.3247,120.6
0.7659,473.84
4.1506,1641.7
0.12329,366.03
0.49067,513.91
5.1819,1990.1
0.59827,323.58
7.3876,8052.8
14.98,8047.1
0.93553,400.92
6.2968,2899.6
0.65719,673.88
3.8074,1046.5
4.3234,1430.1
5.5706,2475.3
0.48365,497.08
4.2189,1460.9
6.4585,3475.6
52.783,5567.2
6.8016,3502.7
1.7123,647.5
9.7127,4125.3
1.4262,516.83
6.4809,2114.9
0.94542,541.59
3.3547,1051.8
8.2575,3268.1
1.0335,459.16
2.31,789.75
1.5702,613.62
41.766,11401
0.91042,524.78
7.7268,2885.7
12.369,3457.5
1.4195,725.47
2.5684,1166.4
9.4322,4069.4
4.348,2639.7
0.13817,355.57
2.4732,982.23
3.5188,1181.7
6.6755,1885.8
0.87655,700.25
4.1245,1654.9
1.3984,579.68
9.4665,4651.4
1.6054,530.85
0.24906,371.22
6.9037,4261.8
2.6843,1063.5
0.79654,641.64
17.513,4366.7
1.1534,671.03
8.5823,5914.4
3.5928,917.87
8.7029,2965.8
7.9482,3842.7
0.27016,367.25
0.88376,430.69
12.893,5520.2
10.615,3463.2
0.81138,486.15
0.57081,519.14
0.56443,193.93
0.52297,302.26
0.88333,662.99
0.4978,327.26
0.072062,406.8
11.514,4737.3
1.0374,465.71
3.8751,1532.8
1.6124,700.31
11.938,4906.4
14.236,4297.7
8.1829,9148.1
0.038999,308.62
21.739,8188.8
6.227,3798
28.312,9449.5
0.087908,208.91
4.0102,1386.5
0.020367,296.56
0.45655,224.88
6.9152,1587
2.0002,956.4
7.6858,2195.2
30.147,11133
0.74466,500.8
7.3244,6660
0.064556,386.23
5.6978,2583.2
3.1616,1063.9
2.4247,1145.1
6.0478,2212.2
7.2092,1755.8
0.53636,483.51
0.090579,383.94
18.421,7913.8
9.3416,4204.3
0.70267,400.72
1.6969,813.66
0.71196,435.07
1.5526,460.75
0.483,371.96
19.591,8025.5
2.2447,775.04
5.6724,1785.3
11.895,4481
1.4881,556.99
7.1656,2302.9
4.7724,1557.7
18.114,4615.9
4.731,1792.1
7.6623,9810.2
5.1666,1790.2
1.6516,679.27
0.3405,396.9
1.2231,693.9
1.094,559.63
1.5524,637.03
1.1384,528.09
0.056246,291.07
4.5442,1815.6
0.29201,466.87
2.5486,1028
10.115,2596.2
10.335,3091.5
0.38219,368.54
1.7656,1089.9
5.4,2611
8.7816,5081.9
1.2819,842.76
4.8521,1970.7
1.3439,882.59
0.5178,278.22
0.77218,686.28
8.5724,5076.9
3.7538,1169
4.6644,1435.7
30.235,12611
6.8295,4306.6
6.6681,2568.2
1.754,675.97
5.5852,1377
0.23794,320.64
6.1717,3591.1
0.24208,431.05
5.9786,2523
4.1823,1507.4
0.79338,492.36
0.48589,501.36
7.9593,1756.5
6.6008,2738.9
9.7282,4523.1
1.2713,526.74
3.2777,1090.6
4.1728,1386.6
2.2972,908.38
5.6736,2259.7
4.6338,895.02
1.3619,559.97
0.66593,397.03
4.0241,1725.9
5.7996,2390.4
5.055,1856.6
0.23138,405.42
0.13522,277.64
0.56382,776.62
16.553,7557
0.71099,236.51
0.95034,593.9
1.1229,498.98
4.2938,1796
5.0857,2463.6
6.9181,1894
4.1173,1774.8
0.42605,328.9
0.44783,367.5
1.5387,606.82
3.1751,954.87
24.237,9380.8
10.241,2770.7
1.2994,747.08
6.8909,3125
4.3057,1501.5
0.07073,285.95
8.1275,2618.5
11.795,3840.5
2.0106,882.03
4.5134,1763.4
0.095377,392.39
3.9577,1115.3
3.6711,1570.3
6.9739,2534.7
5.211,1888.4
7.6801,11502
1.9542,884.59
0.066645,389.02
0.91842,778.51
1.0668,540.23
6.4386,3075.1
1.0078,595.57
6.8403,3231.2
1.2808,537.78
1.0019,713.99
0.51783,499.32
8.0785,3058.2
3.3298,1232.6
4.0836,1360.2
2.2682,1189.1
0.16861,405.58
0.32367,362.83
10.501,4312.5
0.12131,389.32
11.391,4525.3
5.3932,1862
6.6073,4393.7
0.81531,410.97
0.2671,314.18
0.83766,576.8
10.892,6384.4
0.19663,304.57
3.5392,1208.4
0.052807,288.76
0.56603,363.78
1.0445,742.75
0.72101,694.36
0.88228,636.36
0.3682,710.18
9.578,2710.3
8.0246,4690
7.1051,2953.9
7.2328,2115.4
4.345,1868.4
3.4867,1451.4
0.75003,507.34
1.0943,487.78
1.4417,866.26
9.7527,3607.4
0.95242,415.93
13.832,4656.7
0.11182,311.49
0.075188,89.923
7.5484,8466.2
0.090578,94.364
26.721,9469
0.41712,233.98
2.05,858.05
4.1619,1501.8
3.214,1792.5
5.6452,2476.1
9.4227,4418.2
0.3081,486.02
3.3549,879.07
6.2365,2054.9
11.592,3793
1.6065,732.56
3.4989,1250.1
4.2003,1383.9
12.079,4601.2
1.7207,520.65
1.3883,579.75
0.56473,520.74
35.515,7118.1
0.60318,428.82
1.3485,969.86
2.0631,873.67
5.2137,1583.1
0.12396,319.98
5.8368,2541.9
0.42329,359.45
12.623,4303.4
1.0609,498.91
9.1761,4025.1
2.3625,1090.9
1.9463,880.97
4.8599,1727.5
0.046946,307.79
28.484,9332.7
5.1076,1726.1
0.13555,367.8
0.8346,876.86
19.481,9723.1
6.5573,2491.6
1.1873,2227.6
7.2955,2226.1
3.3783,1082
1.7804,801.49
0.048981,302.58
4.8545,2098.2
0.17258,328.38
9.8085,4200.8
6.1923,2278.8
0.99154,637.78
5.9734,1947.1
12.013,4241.8
21.779,7995.3
3.0619,974.6
1.95,874.93
6.8652,3331.6
1.1249,766.42
15.228,5577.4
1.9938,601.65
4.5128,1840.5
2.4284,1108.9
4.7298,1863.5
0.13767,283.09
0.79378,753.43
11.693,4417.8
6.5092,3139.8
0.33308,481.22
3.147,1033.5
0.24444,488.98
18.462,7286.7
1.0572,517.19
10.435,4527.4
2.4721,859.62
1.0471,562.08
1.5084,937.14
3.9902,1429.3
8.1568,3987.8
3.2814,1101.6
0.24764,627.26
8.3287,2815.8
0.71913,605.11
16.577,4371.5
8.453,2626.6
12.345,4477.3
2.2323,759.47
10.502,4585.6
12.416,1208.2
0.77561,772.77
1.7947,661.52
2.641,468.12
1.1338,613.21
9.1177,3133.8
9.0444,3331.5
11.026,3208.9
4.2862,1729.3
58.956,19578
0.041026,305.92
1.8711,793.77
11.026,4936.6
6.1816,2757
8.2234,2372.3
17.174,5137.7
36.899,16497
5.1059,2110.4
0.10299,444.09
0.60733,407.22
3.1715,2254.6
0.74791,279.06
11.872,6096.8
8.2344,1947.4
4.255,1872.4
0.13698,311.76
27.4,9772.6
2.0284,747.97
14.607,6109
10.384,3458.3
0.084429,93.521
2.5363,916.66
0.74818,466.35
0.049182,306.18
1.5568,651.52
4.8781,1625.3
2.4257,1021.9
2.3737,686.63
0.46601,359.28
1.9317,604.66
12.677,4618.1
0.38737,561.23
10.003,4691.8
8.6559,2645.2
79.66,3834.9
0.20398,487.87
5.4523,2048.8
0.073303,396.88
9.1364,3359.6
13.192,4801.5
5.9369,4247.6
0.14081,271.11
0.22441,404.37
3.4887,1421.5
2.86,1063.8
1.6249,592.34
0.49633,346.63
9.8028,5303.1
0.63757,394.21
0.7412,487.44
7.6996,2442.7
7.1452,1975.8
6.1313,2224.9
9.7315,4233.8
0.80031,376.59
10.326,5185.3
0.71519,354.67
0.032074,298.53
8.1475,1423
0.13199,368.85
4.3458,1999.6
3.8994,1301.7
6.8322,2867.3
0.47233,370.71
19.419,8572.6
1.7644,1094.2
8.3721,2528.9
0.39752,347.51
16.262,4647.8
5.9304,2090.2
6.2543,2710.6
10.324,1334.1
15.595,7361.3
6.3607,3695.5
0.49726,246.17
4.6908,1639.6
11.057,3080.7
3.1277,993.74
20.353,8232.2
1.0807,613.06
5.7945,2753
1.0491,650.61
3.2534,985.4
3.8989,1161.2
0.39509,128.82
5.5892,1976.9
0.19938,619.58
0.50216,503.03
8.9222,2958.5
2.3907,1063.4
0.055226,292.53
19.701,9268
7.1013,2269.2
3.8201,1573.4
6.5902,2646.5
12.796,4615.2
2.2123,885.37
2.0176,695.07
0.22895,356.22
8.5079,3636.3
2.2157,906.38
0.052208,292.3
2.4512,900.18
9.9507,7223.2
4.1227,1348.1
18.916,6831.1
12.289,6484.4
0.40725,261.75
5.8861,2620.2
9.9024,3463.4
3.6411,1497.8
0.16134,300.17
3.8571,1684.2
3.1119,905.54
0.021086,296.58
8.0655,2298
5.2997,2045.1
5.0037,2271.7
1.5438,994.92
3.9349,1498
0.73525,416.39
7.1854,3269
7.1046,1683.6
1.5546,781.15
2.1636,822.56
1.2473,586.83
2.2529,782.13
7.7484,2911.6
1.6094,727.88
0.49586,568.27
1.0792,452.89
9.8959,3015.3
6.5363,2288.1
0.96183,504.05
3.7599,1505.8
2.7122,973.71
1.082,784.01
10.56,5816.7
0.29657,687.81
8.54,2289.5
6.1854,3000.3
0.39946,534.72
0.25596,347.13
0.17508,411.14
0.93861,334.93
6.6983,1384.9
5.7393,2592.8
13.64,2821.8
0.48592,151.97
5.6815,2194.4
11.999,4306
22.707,10699
10.787,5421.6
0.039657,331.97
6.2507,4188.6
0.95744,707.51
2.5841,950.05
0.17577,422.06
65.582,7932.1
1.7994,672.6
5.9234,2611.2
8.2429,3252.4
1.9772,826.22
1.2453,528.2
3.245,1353.2
5.4978,3085.2
1.9893,506.43
0.85923,789.07
3.283,1088.3
29.873,10434
2.9055,908.22
0.58835,311.92
2.5965,111.89
8.9642,3271.7
5.6059,2526.1
2.0988,906.97
2.4315,762.59
0.34627,301.07
8.9728,4699.2
3.6558,1935.2
4.3198,1512.1
2.1527,878.91
0.047803,311.98
67.459,19216
5.1754,1743
0.75978,538.57
3.3619,1105.3
18.416,6608.8
1.5718,650.39
1.6261,630.33
5.8294,1973.4
1.998,372.89
1.5396,843.76
3.8597,1784.6
1.104,514.68
8.7477,3593.4
9.8086,4053.1
8.4695,2776.1
6.1401,4357.4
2.3035,781.97
7.3249,2391.3
2.2168,712.57
3.0398,1030
0.12294,278.79
3.9487,1536.5
0.49146,302.44
8.8419,2537.4
0.19805,529.43
0.1296,313.81
5.9043,2635.3
0.92857,518.85
15.353,6092.7
2.1627,762.35
5.4885,2469.5
2.9859,1000
1.1599,580.82
8.1682,3067.4
0.03049,294.2
0.041828,311.5
22.447,8460.1
5.2901,2066.1
8.0719,2486.8
0.06638,305.99
5.5625,1946.9
3.4497,1413.1
12.102,3382.5
0.57576,427.9
4.3394,1430.3
11.387,3067.4
9.7979,5668.2
0.12331,387.3
3.3131,1057.3
11.468,4077.2
1.9448,735.41
0.33109,304.13
21.945,9317.4
5.5528,2500.8
0.91896,335.9
7.2359,3733.7
8.1114,2202
5.4528,2263.6
0.55926,544.79
7.3651,3370.8
1.6615,573.08
9.8331,4209
3.4463,1279
2.315,878.02
17.65,4997.8
12.284,3840.1
5.5915,3290.7
8.2286,3372.1
1.732,1073
0.89938,671.29
0.54017,632.03
0.42948,367.21
1.1595,849.89
0.29633,395
12.061,1511.7
3.2035,870.51
6.2012,2431
1.7051,991.81
23.755,9804.2
0.47378,407.95
3.1376,1120.9
0.29127,276.95
2.3648,795.62
4.7251,2121.2
0.47917,569.63
0.55737,396.12
7.7552,2890.6
1.923,903.88
2.1934,866.49
5.1819,2449.8
1.0076,578.09
0.50416,424.06
0.84072,383.77
5.1039,2165.7
8.7401,4653.4
0.12348,306.08
10.043,3812.4
28.862,11785
2.4161,945.04
1.0466,479.64
2.8098,1370.9
0.25246,311.09
13.558,9813.4
2.1913,842.66
11.272,4503.6
0.30133,324.78
7.051,3089.6
5.8501,4021.4
1.2669,540.58
6.8002,2610.8
9.7903,4261.3
69.584,3143.4
34.681,10487
3.2773,1161.8
0.14719,305.31
11.767,4359.8
9.212,3810.2
1.1914,632.22
2.9014,780.01
8.6993,3124.1
0.07944,285.68
11.654,4437.9
0.20172,362.81
0.2416,466.33
11.295,3752
2.4996,848.18
4.8627,1742.8
1.9437,744.55
1.4751,1000.1
12.687,2294.5
0.18059,403.46
7.7059,5047.9
39.86,12716
11.202,1962.3
4.0827,2204
5.8931,1743.6
12.081,4541.3
12.797,4850.3
0.058592,290.77
0.78273,633.7
16.226,4118.1
17.7,4782
0.094002,311.51
2.1933,556.75
9.1322,2541
12.186,4578.7
2.7281,1051.4
12.285,1334
32.534,10602
0.24518,468.31
2.2181,901.1
9.0086,2237.3
0.52962,493.95
1.4009,564.82
0.69902,522.42
9.3607,2621.5
1.3222,901.22
3.7466,1511.4
6.0324,1428
2.5181,1070.3
0.80738,563.65
3.3736,1470.9
6.8998,4479.1
5.5768,2724.7
4.4518,1468.1
13.057,3925.4
7.7094,2742.2
8.2046,3614.3
0.62163,532.64
7.6518,4534
0.30043,354.37
0.10183,401.15
8.5886,4891.8
9.6825,4374.7
0.048703,298.6
2.2374,928.29
7.8579,4472
0.77646,450.07
8.8336,4265.2
1.9685,869.25
11.986,3314.6
14.067,4725.8
21.151,8141.1
0.13966,222.94
11.759,4792.3
12.023,4924.9
0.19182,241
0.62037,215.65
0.048898,304.78
7.1471,3203.5
4.9138,1727.7
0.817,648
1.0476,252.42
7.528,8506.4
0.058975,287.34
36.699,6161.6
7.4468,11092
0.27594,341.75
7.4472,3618.7
0.56377,473.76
3.8005,1531.9
1.0539,481.1
2.684,1054.3
11.058,3047.7
1.0355,449.36
7.7051,2659.4
12.943,4953.2
0.14206,266.19
9.3399,3747.4
5.9065,3617.3
3.3075,593.61
0.23816,643.4
16.515,7177.9
6.9858,3171.2
1.3341,657.64
4.4328,943.98
0.175,359.93
0.17362,599.3
8.9548,2789.6
12.455,5455.9
1.0551,372.42
0.64664,720.31
0.06138,311.54
0.57424,385.17
3.8682,1436.3
0.30895,690.75
7.1964,2032.3
0.16922,299.35
32.51,9375.9
9.32,4709
9.4981,3854.9
0.80407,269.12
2.2077,821
0.14246,484.48
5.7124,2071.8
2.2839,1036.1
7.502,2326.4
0.15599,263.84
0.98754,1279.4
0.029703,290.31
2.1937,931.12
0.16641,401.79
7.2197,1625.1
0.14652,115.68
4.375,1513.6
7.1102,3853.1
2.5303,985.31
10.867,3281
8.7353,3948.9
14.117,3750.5
9.0738,1751.6
13.131,7671
0.33126,608.68
6.8263,2355.3
5.1442,1905
0.54875,551.01
8.4982,2687
0.63881,473.48
2.48,1147.5
4.6828,1712.5
0.10658,323.97
10.222,5225.3
7.8441,2084.6
2.2826,964.24
2.8175,1733.4
8.4843,2012.1
1.0108,463.05
18.159,7226.4
15.335,6495.5
2.4513,849.92
5.545,2893.5
1.1689,632.62
9.8566,4044.1
12.01,3933.8
6.5047,2678.4
1.9401,293.89
7.7455,3151.1
3.9103,1619.2
0.18997,269.14
0.90154,756.69
1.8753,1470.2
0.13232,352.53
0.19987,361.47
0.043558,304.49
2.1036,713.65
1.3825,864.65
5.4549,2348.5
2.269,760.45
0.71568,539.9
40.888,11500
5.063,2050.3
8.5064,2758.3
0.10259,396.18
7.5751,1865.2
0.3684,309.3
0.80492,553.6
4.9363,1517.7
3.0144,1074.4
11.907,3940.3
30.407,9601.9
11.312,3353.6
2.8811,869.76
12.596,5553.2
0.75068,208.57
1.0173,1016.2
5.9504,1416.1
0.51192,568.92
1.2029,370.34
8.5446,2835.5
0.7952,219.66
8.4028,2984.6
6.7681,4959.5
1.0545,472.07
0.80533,403.25
20.398,8989.3
0.10584,274.43
0.27978,395.91
1.7927,759.28
0.47531,295.59
0.77443,544.16
0.080264,309.62
7.5886,7715.5
9.8813,3352.6
0.55344,512.6
0.58166,457.67
7.1881,1829.8
1.6571,713.57
9.9131,2835.2
0.96086,566.86
1.0697,714.22
3.242,1346.5
7.5508,2322.9
12.55,4142.5
11.922,4391.8
3.4964,1437.4
0.7207,529.63
1.1891,533.33
8.7823,3229.9
0.82335,659.43
1.7895,782.34
3.0575,776.65
7.7616,4615.5
3.1796,1135.6
8.0091,3560.1
3.7483,1479.9
5.4018,1770.7
3.8038,1327.8
1.5578,759.08
7.6188,3322
1.613,596.58
11.685,4356.3
0.13695,310.14
0.096468,314.53
4.1323,1431.6
1.209,671.98
0.85318,186.75
10.248,3995.8
3.6824,1663.3
24.893,7007.8
4.7409,1624.4
6.113,1967.4
1.6353,733.04
5.7788,5556.8
13.192,7260.1
1.3054,553.33
0.46212,557.16
8.3497,1896.8
1.7799,617.34
8.1357,5567.3
0.58163,374.65
55.196,15121
1.2452,617.64
1.152,497.21
16.26,8012.5
6.0846,5890.3
9.7663,5078.4
2.3118,837.26
7.9197,3339.5
10.405,3692.8
0.93066,599.16
0.6651,452.88
12.145,1649.3
1.6814,875.15
1.1651,503.38
8.9586,3594.4
7.2891,2212.6
0.13451,403.13
3.2342,1063.1
2.4549,992.61
17.306,7725.5
4.2642,1401
10.016,4287.1
3.8553,2686
0.97923,449.51
6.208,3134
7.6847,8322.1
3.6365,1413
1.6253,604.78
3.2534,1181.3
6.9238,2806.2
0.28025,366.57
11.947,2134.2
0.11535,339.34
6.1214,2726
67.264,2370.7
9.3506,2948.8
0.92673,221.87
6.3368,1199.5
0.51579,501.35
8.913,3058.1
35.37,9892.4
10.865,4335
0.3231,289.94
2.1334,622.08
1.0821,541.85
5.1247,1950.2
0.18032,128.69
5.2594,1860.4
9.1285,5949.3
10.063,4249.2
6.9702,1060.4
8.3807,2477.2
7.1423,5050.1
11.262,4480.9
7.1534,2181.9
9.7547,1059.9
2.4807,1149.9
12.455,4356.6
3.571,1244
2.7953,1056.2
0.50291,369.54
1.9271,764.15
14.569,3825.3
5.5473,2216.3
1.8366,710.91
2.6371,835.29
1.9732,740.15
10.583,4153
0.24029,325.84
1.5039,622.83
9.4414,2944.4
4.2426,1570.5
0.34113,408.97
12.804,5164
17.284,3410.2
0.3555,480.16
5.0196,2683.2
5.7976,2274.2
5.4235,2584.8
8.4751,2980.3
0.53704,369.11
0.87674,510.42
7.7371,3330.2
0.13535,310.75
6.6151,2684.3
0.38295,374.58
2.4481,841.95
31.116,8378.3
4.5011,2048.7
0.84649,225.44
0.38252,307.9
17.508,10121
9.5243,3478.3
5.9624,2450.7
7.1378,3368.4
7.244,4184.4
18.181,7286.2
6.2984,2610.7
38.946,11988
8.1284,3494.8
16.585,8406.3
3.664,1492.9
0.78846,400.22
0.77297,249.95
1.2013,1135.7
2.0857,704.54
3.8165,2273.9
23.224,8362.7
0.39552,160.36
11.457,3859.6
1.5912,896.75
0.4235,646.75
5.2711,1799.4
6.1678,2499.7
0.28847,321.81
7.0171,2753.7
1.8723,621.54
0.099758,427.84
22.665,9732.5
9.1255,3546.3
2.8908,940.79
9.7129,3428.1
15.121,7994.4
1.2047,415.96
0.92991,548.56
0.24191,453.77
10.433,3909.9
2.154,596.01
1.7335,673.68
0.48479,488.93
9.5809,2707.5
0.21784,317.97
1.7298,753.35
2.2313,814.75
43.91,4726.5
2.598,1037.6
7.5639,2754.5
2.1879,794.43
2.4168,1186.1
33.864,10397
2.2547,925.48
1.4683,654.73
9.9198,3331.8
4.1536,1662
2.0356,846.28
0.076307,385.06
11.456,4227.1
0.51762,614.22
17.482,7936.9
0.36615,379.92
12.352,3876.4
2.3074,937.31
13.331,4791.5
1.2141,612.22
0.54411,431.72
16.16,5652.2
5.2345,2371.1
34.371,15839
19.475,8814
15.251,5926.8
0.99963,869.81
0.2017,326.09
2.4594,959.71
0.31298,364.49
3.1466,1040.4
1.203,480.29
9.3775,3085.7
10.103,4558.1
4.1965,1850.4
3.9312,1581.4
3.9093,1366.9
0.8724,771.72
0.74962,462.74
21.737,7718.8
8.0268,3814.1
6.9969,2043.6
3.585,1175.2
9.6496,3331.8
0.47306,318.02
7.4636,2491.2
3.1998,1068.1
2.7026,967.72
0.42094,477.81
11.727,4250.3
20.568,7593.4
2.5615,1018.4
0.91566,609.85
0.43871,259.55
0.84732,482.63
30.733,12841
12.962,3748.6
1.3632,488.67
0.4495,269.56
9.0171,2791.7
3.4416,1023.9
1.2589,724.83
0.4783,503.43
2.7449,1034.1
0.82694,666.43
2.2485,794.17
11.71,3612.8
1.4165,834.49
0.90602,685.05
28.45,8126.6
1.2979,618.02
11.932,5051.2
0.95509,327.7
7.0726,2108.4
30.339,11254
12.434,3917.2
6.8855,2597.1
9.3943,3171
9.2627,2567
1.3208,547.97
8.1192,2722.8
15.286,6740
4.4607,2663.6
4.143,1388.1
0.43659,370.54
16.916,5617.1
1.1581,760.29
0.034616,300.5
4.7634,1520.6
11.902,3749.2
27.419,9205.7
16.22,4582.6
21.753,8228.2
3.0972,687.19
2.2354,859.76
11.948,3893.5
2.3836,943.24
26.901,9431.8
1.3274,739.46
0.78229,443.33
0.52073,457.06
6.2487,2411.3
0.84684,212.7
0.54949,545.57
20.267,8087.5
0.5996,276.51
0.15943,391.85
9.9889,1768.4
2.0043,832.95
0.13887,373.65
0.11221,364.04
0.76698,560.86
25.486,8860.2
1.3393,685.68
12.736,7084.6
11.936,4904.1
0.65961,400.44
3.4328,1488.8
0.27368,370.98
2.5513,1014.7
8.9296,3053
2.6543,869.8
5.2826,2065.1
0.78512,342.92
5.4774,1419.4
10.204,3115.1
8.0756,2913.9
7.2755,3118.4
11.063,4054.4
5.4001,5846.7
1.247,561.39
1.1226,1524.2
8.8557,2906.1
0.86478,658.23
2.1672,785.88
10.861,3726.8
2.1312,899.99
5.9307,2461.9
0.67284,181.34
1.1024,1260.9
4.5901,1834.2
9.8255,3797.3
10.846,3776.9
0.97813,479.91
7.9231,2428.7
7.1569,1780.8
0.36406,483.06
17.355,9265.3
7.9661,2139.8
11.044,4992.9
0.51659,502.08
1.8535,658.47
0.009646,463.32
25.728,9808.2
6.4914,2776.3
0.78514,194.19
11.26,3253.8
14.68,7860.5
7.1525,5903.6
6.4027,4011.6
9.5056,3831.1
6.9486,1334.5
0.87669,391.83
1.4005,594.42
2.8377,978.23
13.8,5571.3
1.6422,587.71
5.0501,1346.8
2.6421,991.71
4.1054,1635.8
1.9024,797.93
1.2325,499.71
0.58723,375.06
9.7577,3469.3
29.642,9946.6
7.0509,3032.4
0.30792,311.78
3.4396,1203.8
13.625,4353
13.525,4640.2
0.70598,250.92
8.1133,2617.5
0.12978,311.51
0.50924,515.12
3.2121,1103.5
7.2596,8653
0.98143,375.59
5.3061,2389.9
3.1398,1525.3
9.2229,3908.9
0.45603,526.06
6.3864,2268.7
2.0509,637.66
7.3471,3059.4
2.2088,865.27
9.688,4873.3
1.1602,347.24
1.3674,899.63
0.11765,459
1.2355,646.65
15.418,3576.6
9.0635,2051.1
1.6914,590.79
2.6126,885
12.23,3620.4
9.0777,2661.9
3.757,812.35
3.6135,1195.5
5.0714,1737.4
1.9531,934.8
3.5686,1380.8
1.1694,373.88
0.052392,305.38
0.44347,371.43
4.1796,1434.4
10.303,2093.5
0.44533,268.87
0.43339,282.61
2.7517,1059.1
0.10768,403.92
5.2719,1897.2
6.4681,1273.2
1.9819,907.12
4.1078,1526.2
8.8788,2600.5
3.5977,1311.6
2.257,1008.5
0.17511,129.35
1.2545,888.22
12.509,5457.3
10.354,5512.7
26.285,8976.5
18.502,7485.8
1.1397,343.05
4.1917,1401.3
6.5181,3779.1
10.636,2834.1
4.7195,1490.9
3.9017,1313.2
0.87578,686.99
4.2032,1482.1
6.8745,3462.4
0.73302,556.61
1.4341,626.18
15.592,6549.7
1.3217,566.06
5.2831,2371.6
0.48965,297.32
5.8379,2468.5
7.6721,3387.9
5.6879,3673.8
11.151,3143.9
1.6055,765.36
12.472,2504.1
5.9339,2080.3
3.8175,1554.4
0.74452,362.62
6.8441,2582.3
0.13491,324.3
8.3187,4853.8
12.557,4093.3
0.13464,281.52
2.3777,903.83
9.0294,3034.2
1.3331,833.23
0.26528,256.82
0.32878,459.5
3.1367,812.85
1.0839,476.39
4.3843,1425.5
2.4807,1032.7
2.861,868.56
3.5354,1628.1
0.50345,298.82
0.45477,271.53
8.7337,4040.9
4.7418,2220.3
1.3361,920.69
3.4024,1230.5
3.1933,1042.8
5.963,2148.5
5.4415,1406.2
0.57077,767.69
6.9947,2979.4
6.404,2290.5
7.782,3536.6
3.8654,2075.8
1.3707,850.14
3.1944,1290.1
1.2035,591.56
0.29105,304.18
2.6644,1032.7
3.1789,1068
3.0339,977.46
11.337,4648.1
6.8511,3491.1
7.1176,4794.3
1.6563,1101.3
0.42239,368.18
6.4203,2433.3
0.66115,390.93
0.61297,404.69
0.19839,469.87
2.5967,872.9
66.632,1248.1
0.33335,367.95
3.638,1405.8
12.53,5360.1
3.6109,909.96
16.977,5670.6
0.7436,408.78
3.7026,1426.5
2.2918,723.3
0.1584,386.09
3.0222,1080.3
7.5842,1740.8
6.8789,2974.2
1.4107,577.7
2.2994,1028.9
0.39733,133.09
3.545,533.4
2.5228,1031.2
0.11881,374.7
4.3201,1347.1
0.038989,339.86
0.40977,290.74
17.933,7240.4
7.0688,1593.8
3.0956,1020.2
8.3442,2833
5.1929,2233.4
1.2378,481.03
2.6008,938.49
7.1149,2763.9
0.5867,401.45
9.338,3155.7
0.72936,388.48
0.56778,744.32
5.8931,3592.2
8.9324,3696.3
1.2465,880.55
3.2402,1448.2
9.1985,2976
3.1871,1214.1
3.5543,1332.1
1.2692,705.57
12.012,5354
7.8818,3312.5
1.2824,649.28
11.827,3982.3
1.8502,730.42
6.9626,5536.6
6.6501,1972.8
1.2365,539.89
0.46692,591.11
16.401,7125.2
15.986,7956.5
6.2698,2373.6
3.4538,885.88
4.0705,1399.3
3.2621,1409.8
17.847,4931.4
6.5746,2731.4
5.7828,2475.4
1.636,766.67
0.13536,260.54
1.5735,930.56
0.64218,805.34
2.4649,858.31
1.6084,561.22
2.1872,876.01
8.5875,6004.5
8.3506,3407.9
0.24777,360.57
1.6747,629.52
3.7132,1405.3
10.843,4351.9
2.8962,1050.3
7.8641,5282.1
1.1409,467.09
7.3966,2005.5
5.0125,1582.1
4.005,1462.6
3.825,1488.6
0.78585,388.91
0.85068,672.18
0.59513,517.09
2.0067,708.83
0.32239,688.11
5.4164,1822.2
3.8123,1400.2
0.19092,383.32
1.3158,449.17
6.193,2132.3
5.4623,2277.8
5.7866,1725.1
5.1407,1337.9
10.262,3699.3
0.85007,530.44
8.794,3625.3
3.7399,2365.8
0.27286,314.55
5.4651,1381.9
0.66992,342.16
0.78706,368.6
0.35431,240.22
6.6797,1841.3
2.2275,876.36
12.403,5315.2
5.2838,1801.1
0.17932,603.34
1.6054,671.09
8.9803,2585
1.3818,653.87
0.17575,287.33
0.1656,361.11
1.4241,641.27
0.21873,357.91
9.0452,2626.3
1.035,717.49
5.6566,1866.2
0.33864,401.23
0.82849,384.91
7.184,2676.3
25.793,10562
2.4358,1161.9
16.473,5014.2
0.63409,715.46
11.538,3844.7
0.6004,508.99
18.212,7799
5.9252,2463.5
6.6124,1550.5
0.20164,606.55
0.75773,421.58
5.9836,5692.8
0.15618,373.1
4.7902,1937.9
12.606,3350.7
3.5838,1380
19.022,7675.9
11.394,4101.6
0.66909,495.45
12.277,4676.8
6.5119,3991.3
1.2524,508.52
8.5019,2317.4
0.82553,544.26
0.95991,409.91
1.8673,736
0.7864,476.62
21.876,8619.4
9.9497,3058.4
1.2555,549.31
1.8665,669.87
7.6521,3852.4
5.9086,3487.3
0.42364,477.63
0.29894,280.86
10.822,3725.8
0.10468,313.82
31.55,10627
0.84471,744.14
1.1536,355.84
0.14512,382.87
0.12902,227.2
0.78026,482.06
1.0139,780.9
0.33926,716.65
15.185,2829.2
0.21199,334.97
6.4641,2819.4
7.3455,3238
11.008,3456.4
8.9718,5434.9
2.0171,768.61
1.0092,465.49
8.959,4023.2
0.063413,288.51
11.124,4703.8
39.707,5584.6
1.7664,665.03
10.119,2890.5
3.0688,1211
11.115,4294.6
1.1524,607.47
5.7832,2386.2
0.16046,273.94
7.1942,3353.1
9.3543,4790.1
1.4053,526.57
0.76448,403.18
17.84,8009.8
11.082,3727.6
15.571,6257
0.54787,520.08
0.16872,359.12
0.091543,415.92
34.432,15555
2.7923,1009.8
3.054,1034.6
17.089,5228.9
7.2458,1761.3
0.041176,326.73
7.3066,2890.2
4.2771,1742.3
2.1565,1043.9
17.651,8082
13.344,5289
2.4976,837.66
4.9593,1787.4
9.1759,4629.2
0.30984,287.92
12.743,4888.3
1.2899,639.5
3.6041,1435.7
12.653,3573.1
0.6239,419.43
35.881,11871
3.3347,1223.4
0.088867,285.74
3.8307,1448.5
1.6987,671.03
0.28576,469.5
3.5521,2349.1
1.0758,477.94
1.0624,709.92
12.262,2423.7
0.1836,351.68
0.90763,603.21
1.5447,650.9
3.8909,1459.4
0.46425,403.03
10.674,3767.6
2.1915,867.52
0.5497,517.72
0.71331,536.83
8.0649,3969.3
1.8907,687.34
0.12816,372.27
0.2734,466.99
9.107,2631.2
6.1854,2076.8
5.5731,2274.1
57.263,9022.8
0.16755,169.66
18.481,8253.4
25.404,10603
8.2215,5117.7
2.7307,1005.9
1.5433,641.85
0.1153,486.8
0.098472,97.327
10.345,3672
0.17709,598.6
0.69112,436.77
15.374,4817.4
6.0602,3085.1
1.0563,548.79
6.8997,2823.9
0.20173,290.52
7.1942,2854.3
0.43449,299.68
33.628,9321.9
6.1818,4477
9.4164,3245.2
9.1326,3947.3
0.72233,447.34
0.91246,399.98
0.13219,334.33
0.232,340.88
19.728,7771.3
11.205,3992.8
0.51401,442.4
0.79435,866.6
17.204,6341.5
1.5838,659.37
10.699,5168.2
9.9704,1714.2
0.80266,411.33
0.30064,653.41
0.32211,313.13
12.323,4604.2
0.18401,383.07
1.8494,782.45
3.9413,1645.2
11.687,3441.7
1.5534,607.38
0.22512,142.57
13.11,4012.5
13.487,4522.6
0.43877,366.56
5.3577,1428.5
2.3732,837.19
3.8616,1432.7
8.7886,2348
8.2905,3284.9
0.47459,434.08
5.0324,1694
7.0571,2192.5
1.0663,1238
8.058,2619.4
0.015937,294.88
2.292,691.8
5.1015,2848.3
5.0132,5761.7
0.39043,561.74
0.64036,448.26
0.91018,600.08
1.7664,790.67
15.536,7679
9.1748,1964.1
0.056074,302.25
0.49085,475.64
35.777,10363
18.803,8562.2
1.9371,835.81
11.732,3977.2
1.8155,784.14
17.865,4603.6
13.653,4867.5
11.126,3121.9
2.5802,1000.1
1.9396,778.01
0.47499,456.47
5.2691,1785.2
7.339,3451.9
1.4924,540.18
17.749,8028.4
15.048,7416.7
8.2913,3005.5
0.069051,88.151
3.0221,1587.5
0.98906,593.75
0.92599,440.44
0.66875,362.18
17.079,5210.4
12.681,2161.3
9.6811,3485.8
11.252,3237.2
0.99921,426.5
1.605,598.1
7.5672,2261.6
14.762,7875.6
7.1576,2866.1
0.4649,763.18
0.37681,285.88
17.019,8529.2
1.7549,555.23
8.6772,5017.7
0.40814,609.65
2.4711,1066
5.8892,3692.7
1.168,794.72
8.803,3224.9
0.14118,329.55
1.7338,833.29
0.49822,507.36
0.99506,714.77
0.17633,124.9
8.3105,2578.7
3.1832,1175.7
5.4293,2099.5
3.8318,996.21
0.069661,88.829
3.7056,1678.2
0.19117,273.89
0.67557,384.93
0.13767,273.14
0.44136,484.29
2.5373,990.13
3.8947,1454.8
10.487,4965.4
3.7784,1278.7
17.711,6323.8
10.834,4613.8
0.30426,394.4
4.8747,1920.2
8.3082,559.48
0.6751,401.26
0.9651,685.58
1.6875,954.19
8.1893,3389.2
1.9045,845.95
7.3326,3184
0.5732,504.23
16.635,8469.2
0.58372,656.07
0.99697,469.16
1.3617,503.35
0.96466,417.7
0.38559,286.78
17.196,6151.8
4.0125,1545.4
0.41813,382.73
1.4334,941.4
7.6561,3068.3
8.3152,2615.9
0.33388,405.88
1.1037,325.41
6.8134,2443.7
0.2219,319.21
2.3593,972.01
0.073522,470.2
9.2808,2573.7
1.3923,932.64
8.1562,3298.4
0.62267,462.74
23.406,9946.5
0.5667,360.03
0.67535,368.64
7.5266,4398.1
1.029,344.12
4.8954,2072.3
7.3047,6824.1
0.62217,476.87
5.2294,1787.2
0.52478,376.76
0.67598,596.89
3.3717,1542.5
2.1412,808.42
7.3298,3410.9
0.55571,282.49
0.5415,423.47
3.3642,1242.2
0.69591,531.2
5.3916,5739.6
2.178,874.93
0.96133,463.44
2.5256,1574.6
13.397,4182.8
7.421,2850.7
0.2297,143.99
0.52542,309.3
4.5343,1489.1
0.1487,250.27
0.36337,718.02
0.14287,290.31
4.8591,1601.2
9.0476,3488.3
4.5278,1502.7
30.046,9687
0.73146,662.26
3.3569,1138.9
29.435,12011
1.4774,650.48
1.0059,716.83
2.8337,951.17
3.4436,1249
8.9646,3113.2
9.5014,3407.6
0.21286,293.01
0.7936,496.57
1.5053,609.93
0.725,562.39
2.2394,911.1
0.41625,369.4
0.32849,485.86
0.2967,371.1
0.17462,367.84
8.3898,3012
0.98227,458.83
0.029418,289.91
6.0538,1611.1
1.6872,651.02
1.2206,693.05
4.0889,1713.4
0.61118,213.01
5.6213,2514
0.12283,388.89
11.138,4356
11.683,3306.3
12.276,4451.2
7.2397,2543.2
1.3662,666.95
2.4079,1386.8
5.7539,2496.4
0.86155,293.15
0.83926,268.72
30.116,11752
2.4632,864.67
31.058,11259
6.172,2503.5
1.0408,630.78
3.7266,876.31
17.465,4763.2
8.9358,2687.1
2.3492,1070.4
0.28985,417.98
0.14611,268.55
7.4869,3599.6
0.80859,743.09
0.37706,311.89
5.4839,2473.5
9.8673,4394
5.337,1858.1
2.2988,892.27
0.69113,453.15
11.391,3143.8
25.307,9331.8
5.375,1974.9
5.9691,2142.6
1.1238,547.64
7.7422,2649.9
3.0598,1625.6
1.8739,983.94
5.9122,2465.9
1.9226,1245.2
2.9008,1836.7
10.14,5757.9
6.68,2363.4
0.88521,656.54
0.51077,304.18
0.89735,531.44
5.7078,3088.1
0.13942,318.97
5.4351,3618.6
12.353,3633.7
0.70337,419.11
11.981,4374.5
0.13157,300.32
1.3279,655.12
9.7913,5889.1
1.1698,685.14
9.8309,6010.2
1.397,841.73
1.2499,595.53
2.1943,825.86
1.2035,576.09
0.040939,299.52
0.22226,339.49
7.9773,2392.3
5.6338,3578.9
8.1797,6693
0.17985,364.26
0.12115,104.98
2.0985,864.4
1.6226,1015.7
5.4589,2191.9
1.0731,431
9.2659,3072.5
5.4775,1970.8
6.3167,1336
11.32,4616.8
2.3583,956
0.92547,500.07
7.3944,1969.7
0.843,420.43
3.75,1391.9
4.4056,1466
8.3739,4476.2
0.03695,289.56
1.9692,739.36
6.079,3197.5
3.0085,894.01
0.073586,440.51
1.7276,691.12
0.10637,334
4.9781,1870.1
0.66682,233.03
1.317,259.78
51.164,16600
5.7355,5727.9
13.609,3699.3
0.023796,297.48
0.60037,515.02
1.7653,778.62
8.242,2299.5
2.1254,715.53
4.666,1612.8
1.7581,693.52
0.41849,295.9
0.37694,280.41
16.642,7320.3
0.058346,308.77
6.2046,4537.2
7.9074,316.25
0.44627,366.2
0.087641,352.84
3.8315,1434.2
8.433,2946
0.9651,699
0.49042,368.07
5.2551,2325.2
0.13111,278.47
0.21257,515.53
5.537,2121.3
5.8954,2872.7
0.18782,378.45
7.8171,2440.2
10.857,4691.1
9.9542,3492.9
2.1579,837.42
0.63824,337.63
6.8071,4529.4
0.40025,233.03
0.73664,537.57
1.6068,711.24
6.5006,2431.4
0.43577,589.51
20.336,8178.6
44.579,17801
0.13463,315.02
4.3345,924.53
1.3175,397.77
0.47925,325.77
1.1286,302.99
0.15942,237.84
3.0388,1088.6
1.0455,711.22
36.945,17013
1.2841,383.6
2.8425,905.64
3.1619,1058.7
4.1321,1639.8
0.17419,355.58
4.8291,2458.5
0.99081,624.96
0.84294,455.45
1.9146,738.45
7.0497,2162.6
11.326,6190.3
2.1434,938.15
7.5613,2909.4
16.797,9630.7
3.053,1082.9
3.5061,1295.5
5.4511,2778.4
0.99154,432.09
16.279,5788
8.275,2787.3
17.541,4465.6
1.0459,444.39
2.3429,1052.8
0.13283,110.93
6.0798,2702.7
0.59746,422.5
25.818,8598.7
10.13,3149
10.232,3330.1
7.4229,2985.8
11.567,8062.7
10.963,3740.7
0.60805,505.79
0.4629,338.33
4.7659,2039.9
0.31362,372.79
1.6188,616.01
0.039073,186.75
6.1589,1164.9
2.2575,1028.4
0.17459,391.02
4.4166,1766.1
5.8206,2333.3
11.436,4596.8
11.149,3064.2
7.9757,3318.8
10.378,798.6
4.0764,1538.7
1.6119,732.74
15.478,3732.9
4.5305,1794.9
9.114,3359.4
3.6232,1670.9
0.25943,373.66
5.3758,5784.1
9.5692,3366.2
9.4017,3620.6
2.5511,696.49
0.11554,310.31
11.46,3163.4
1.3506,527.79
12.032,4050.6
22.501,9389.5
3.3099,1055.4
0.92234,602.97
1.9888,617.74
5.3924,2302.5
9.2121,4029.6
6.2691,2759.6
2.9563,1148
2.675,1010.6
3.5651,1447.7
0.1685,474.98
18.585,7472.8
0.1476,290.35
1.0815,584.04
7.1103,2847
0.14452,286
2.5423,883.02
0.19868,393.52
1.8558,820.56
27.105,10990
0.65788,176.5
0.32277,455.85
3.0334,1113.3
0.17767,602.59
10.415,4464.3
1.4605,810.45
8.6675,3628
7.3685,3129.1
0.82534,820.8
0.76377,427.33
0.84307,314.99
6.2097,2219
0.88189,881.27
1.7073,687.55
13.077,4434.6
0.39898,334.24
11.35,3918.3
1.1751,517.03
7.4678,4306.1
0.19484,296.96
10.615,5975.5
3.8634,1679.5
6.2674,2230.3
3.3461,2256.4
0.039866,300.89
0.64764,775.91
5.3577,1483.1
21.425,8468
1.3132,550.83
0.69345,582.11
5.635,2178.1
1.2437,411.4
0.14908,529.36
5.3589,2023.8
7.5835,4510.9
0.2934,366.28
1.1984,680.93
4.2944,1683
2.3201,954.9
5.7723,2983.5
60.823,19596
12.127,3858
1.1722,596.14
2.227,876.22
0.65817,424.56
1.9822,825.06
4.5794,1514.7
13.942,5486.7
24.075,9580.2
11.942,4288.6
27.166,9683.6
13.026,3913.1
2.5434,1032.1
2.9348,994.41
5.1242,2899.3
1.5678,651.38
0.43987,726.51
1.9315,940.64
12.798,4049.9
12.116,1088.5
2.0899,897.15
6.7095,2789.6
0.69497,502.7
9.2736,3342.4
3.0262,1045.8
11.355,3729.7
0.55362,503.87
3.0327,1134.7
0.16535,202.95
6.6897,2483.7
0.59192,508.31
6.6823,2692.6
7.2637,2074
18.219,4763.2
5.4783,3640.2
0.10586,384.28
0.091691,385.31
13.38,6135.6
8.7871,6685.8
0.40063,360.69
34.821,9135.6
0.97917,554.2
0.85585,758.33
1.3523,536.63
9.2462,3740.5
2.6666,196.52
5.6821,2215.3
0.95025,617.64
3.6159,1315.4
3.91,1365.4
0.18309,368.18
1.0773,552.97
0.045359,291.58
8.0476,3798
0.4156,244.1
0.032456,291.27
10.349,4148.8
0.88693,635.54
4.1329,1775.3
7.7968,2030.2
11.993,5054.6
1.7492,1163.6
2.444,951.68
1.0472,422
19.873,7579.9
6.8533,2966.4
4.2405,1428.8
0.089335,411.06
24.324,10134
9.997,3797.2
16.697,5845.1
0.23175,326.56
8.3472,4940.6
0.18311,417.07
17.279,5739.3
2.4875,887.41
0.56671,415.88
0.3263,385.27
13.164,4373.6
5.4073,2403.4
1.5014,660.98
1.1745,651.42
7.1472,3275.7
5.5561,3527.8
1.0842,578.48
7.601,2286.8
12.438,3387.3
16.965,4579.6
5.058,1538.5
16.723,7564.2
28.938,9931.5
0.16556,365
5.3979,3048
0.17844,396.36
8.1542,2815.4
1.7448,557.93
0.38417,311.34
22.554,9588
17.597,5611.8
10.735,4087.8
3.198,1065.4
0.87633,1251
19.564,7948.2
0.022761,297.35
0.8005,651.26
16.233,4653.7
3.4263,1116.9
12.109,4468.4
3.6414,1261.5
3.3819,1037
8.9975,3119.5
7.5862,3042.5
3.8136,1414.4
0.16625,362.42
2.0037,831.12
1.5507,631.74
0.86547,516.01
18.525,7565.9
20.847,8124.1
4.6088,1350.2
10.691,4789.2
0.83579,267.69
1.0115,704.52
0.3058,737.77
7.412,5279.8
5.6565,1836.9
0.11821,369.88
0.1091,310.73
13.841,4681.4
0.10752,101.72
36.618,10904
1.0808,495.83
1.0928,614.33
3.8423,1499.4
10.95,2210.8
6.3044,7858.2
1.1474,334.33
10.134,4192.5
2.2814,960.29
0.98122,473.79
15.188,4689.4
1.4991,907.3
6.5415,4030.5
10.133,6553.6
0.4016,578.94
0.32895,262.8
0.7739,275.5
0.38686,578.39
0.32984,367.66
6.1379,1470.4
6.5278,2605.5
2.1412,1043.6
0.2662,398.96
16.745,6000.9
9.3563,2687.8
0.70457,244.19
10.924,3581.2
3.0177,1003.6
8.8504,2686.7
3.5412,1207.6
0.281,408.91
0.46234,756.94
8.8311,3533.5
13.123,5657.4
5.3692,1793.8
0.16728,273.16
4.2456,1708.1
9.5063,4186.7
0.16562,299.02
0.74548,766.92
7.4341,2439.1
0.23848,363.66
8.8231,3319.5
8.0917,3480
2.216,881.03
6.3243,2832.7
2.774,856.86
0.34485,561.26
1.43,697.93
0.15584,396.64
9.4284,2591.8
17.625,4505.1
1.8701,740.59
0.31818,394.8
5.2763,5765.9
0.17926,355.47
17.666,4663.9
1.014,595.1
0.069636,395.35
0.45198,407.8
1.1447,652.62
4.5085,1478.1
0.65851,223.56
12.196,4414.7
0.69034,391.24
1.3294,497.56
0.47383,546.64
5.0121,1533
0.093563,329.79
12.6,4773.2
6.3338,2203
0.21864,394.98
12.309,5266.3
2.0819,793.96
11.588,3907.6
8.0176,1878.7
0.89646,349.38
1.38,573.88
0.83968,618.54
5.3968,2102.6
2.4522,445.27
5.0296,2556.7
0.32927,292.91
0.81964,267.14
9.601,4026
0.56018,462.07
11.158,4362.5
16.921,4360.3
2.5957,673.64
1.9188,838.99
7.667,2679.7
1.9432,898.73
1.3397,618.28
0.19332,314.49
9.5044,3492
5.2201,2141.8
7.6894,2330.7
3.7917,1471.5
1.567,581.34
4.9435,2223.1
6.1469,4512.2
9.6306,4320.8
2.6889,868.28
4.5151,1001.5
0.84333,279.61
9.3798,3133.8
0.71404,405.48
0.32599,328.43
9.701,2685.4
4.7312,1988.6
0.11754,107.68
1.6256,802.44
4.2105,2522.1
3.4297,1142.4
5.4354,2494.6
10.464,3303.2
3.1701,1556.5
0.12018,219.13
1.0133,436.23
2.2568,1027.5
0.42518,275.21
1.0149,480.89
0.0988,289.14
8.6555,2888.6
1.7991,699.85
12.94,4661.3
3.1109,1041.6
14.308,7509.8
2.1511,904.91
7.9407,2857.1
8.4172,2714.4
0.19616,312.96
4.2989,1487.1
29.297,6971.1
7.6753,2864.8
2.9279,968.9
0.7274,399.01
0.73458,452.39
4.7514,1678.8
1.0194,709.35
8.1974,3166.8
2.2411,959
1.3204,573.14
2.8628,955.89
0.82512,666.39
0.26627,362.15
2.5654,888.18
9.9577,3685.4
1.4658,661.66
1.3601,676.62
2.6895,1281.2
5.1067,1908.7
7.2239,3299.2
2.7499,791.88
0.68399,392.81
3.3975,1106.1
0.79719,256.66
0.83024,806.34
11.709,4858.8
2.9605,1124.7
0.052243,288.03
0.051359,298.55
1.9076,913.89
0.9863,590.78
14.004,7211.7
0.07997,413.41
3.2517,1114.9
2.7899,1029.4
11.785,3995
0.45403,399.74
3.2381,861.46
3.652,1572.8
2.1308,937.34
12.802,4719
9.1173,5998.9
8.2786,5792.5
0.22883,485.29
13.632,5064
7.6374,2211.6
14.525,4195.6
0.60461,451.48
54.56,5969.7
5.2396,2150.1
0.97182,298.17
6.5139,1582.5
6.03,2542.9
1.9009,911.97
1.4963,628.29
8.692,3709.9
1.1673,425.18
0.16032,180.78
9.4791,2999
0.087776,419.41
10.531,826.94
0.10556,289.72
0.038595,343.95
2.8481,942.49
0.46721,369.08
10.182,3647.2
8.1751,3463.2
5.5558,2477.3
0.47988,469.41
11.021,3924.2
11.83,3429.4
13.625,10118
10.178,4270.8
5.8041,5708.8
11.729,1495.7
1.826,754.81
1.8641,854.18
0.06335,388.54
19.956,7929.7
4.9856,1972.1
8.6394,2543.6
2.4619,895.62
7.2304,2278.2
0.16273,292.65
5.3651,1631.8
0.77833,714.2
0.61983,209.18
1.744,1097.2
1.6039,1632.9
2.6548,1061.7
16.444,7146.1
2.2279,510.27
2.2367,760.94
8.9792,2974.8
1.5382,766.24
2.5968,911.75
11.314,4532.7
13.114,4632.9
58.572,3871.5
6.0599,3830
0.68366,413.93
5.1665,1610.7
17.263,7850
5.2465,1536.8
0.55264,317.45
5.1463,1928.8
12.48,4945.9
0.23393,605.79
7.1086,2598.9
0.40346,148.58
5.9326,2239.1
7.9296,4144.3
0.029296,300.29
7.9482,3421.3
2.6434,875.85
9.6403,2729.4
24.245,9668.2
4.9242,1478.8
4.0831,1548.2
1.9003,734.6
0.1097,289.5
0.8674,288.74
19.531,7837
1.1343,451.46
0.40862,412.33
2.2755,933.02
7.9059,2504
2.8047,1946.1
9.6857,3245.2
5.5478,2039.5
2.1467,822.23
5.7537,1939
5.8874,2015.3
3.5012,1214
0.19095,313.99
0.24457,151.2
0.89004,462.67
0.26686,631.01
4.2718,2162.5
3.6005,2525.2
0.55829,498.78
0.62991,387.75
1.5855,647.33
1.515,947.05
1.0699,481.21
0.17229,354.02
11.215,4436.6
0.45046,505.14
12.068,5198.4
1.8527,695.87
0.18596,248.43
5.7353,2056.4
1.6423,741.75
8.1183,2412.1
10.985,3463.9
11.773,6130.5
0.20075,417.33
12.013,5127.1
1.0818,507.23
0.96275,662.82
17.927,5519.4
2.1476,859.72
1.9433,738.37
3.858,1405.5
0.48625,297.33
0.41021,276.25
0.10307,289.35
29.807,11468
10.34,4717.8
1.6082,1025.6
6.5831,3054.9
2.8178,917.94
8.3866,3087.2
1.0475,484.81
3.8019,1442
7.7699,3145.5
5.364,2540.5
0.87681,755.18
5.6381,2413.6
0.48735,568.81
1.4736,641.79
0.42582,305.21
0.84346,429.77
0.13901,113.28
5.9547,1340.4
3.5362,1431.7
0.64576,369.09
0.030463,304.55
0.51226,423.65
0.3041,484.92
0.6651,233.67
34.069,7471.6
9.3564,4055.8
2.226,926.57
10.773,3397.5
4.0668,1397.1
1.5926,446.51
2.1892,875.07
2.2754,959.33
0.068928,401.94
9.3411,3074.7
16.646,6953.4
1.0559,763.88
0.19727,375.19
5.4863,1954.3
3.2688,965.15
0.14079,276.94
8.45,2823.5
0.41968,280.82
2.5028,1077.4
12.452,5422
1.6949,745.05
5.5612,2433.9
0.14742,296.99
1.1243,520.7
0.041075,322.42
8.6422,3304.8
0.64962,209.06
11.217,3950.8
4.8525,2239.7
8.076,2687.1
5.2128,1991.9
4.8207,1645.4
3.0053,1146.9
0.80057,450.68
4.5653,1910.6
5.7721,2294.7
10.919,3556.9
6.9613,2643.4
0.1787,310.53
6.98,2029.9
0.33001,455.67
1.0847,529.16
0.48017,318.16
9.9899,3712.7
1.5391,677.3
6.6955,2348.3
0.84771,670.93
2.4479,976.51
2.1767,909.73
22.279,8800.1
0.078692,369.55
1.6275,1083.4
6.2287,3467.3
0.24772,568.04
4.3364,1604.8
0.94605,545.27
0.72925,469.53
5.0392,1848.8
0.12281,220.43
0.84316,267.09
0.15735,416.82
0.16604,343
0.057506,299.46
6.2156,3858.1
7.9049,2353.2
0.64448,785.35
6.8354,2620.7
7.8055,2648.3
5.4452,3652.8
0.19021,264.64
6.7215,3414.8
0.19145,465.95
0.1923,273.44
2.4332,811.99
11.945,3742.8
10.293,3910
0.68082,375.94
0.23776,148.25
1.0494,665.1
2.7057,964.8
2.8388,1637.3
3.2604,1573.6
8.1561,3957.8
6.9238,3039.9
4.4279,1563.7
0.88767,391.04
6.9281,3266.1
11.377,6340.1
6.4407,2188.7
0.011702,491.86
8.3124,4402.8
10.256,5861.2
7.3113,2328
8.1928,5723.9
11.213,2866.6
9.0584,2999.1
0.7677,481.26
61.157,16250
7.5083,2943
1.5232,649.22
3.2302,1203.3
25.329,6464.6
0.3803,485.98
0.11886,376.63
0.48449,477.32
6.414,2685.1
0.13797,316.65
4.9669,1665.2
0.13738,217.8
10.977,4124.4
13.492,2565.8
14.837,4792.7
19.693,7939.4
2.8762,1014.3
7.8917,3735.7
1.4099,687.25
2.8746,946.09
1.0321,596.53
0.041867,288.28
11.172,4023.7
0.70818,490.18
0.1891,604.24
1.808,673.02
0.33875,715.67
20.202,7357.5
0.85222,673.87
0.40215,318.6
0.069599,418.88
0.99136,506.89
1.6557,867.12
2.4181,909.98
3.8628,1353.2
2.7174,1002.3
0.16096,269.39
4.7424,2464.3
0.81686,607.73
3.8989,1457.9
1.1198,853.56
19.335,7675.9
0.13745,389.54
1.4066,938.29
1.231,820.89
0.61313,493.19
1.1982,566.2
7.596,2790.9
2.5678,956.62
0.090112,95.67
9.9295,6037.3
1.1143,391.64
3.2792,1098.9
11.202,3763.6
0.47305,675.72
1.2547,605.79
24.53,8980.4
3.529,1279.6
16.28,3685.7
1.2909,666.64
0.38033,253.02
0.10774,388.52
0.85303,265.34
3.0558,1125.3
6.1493,2197.4
4.7995,2097.7
53.959,5910.5
0.48214,566.99
3.2087,1476.6
0.4914,471.59
2.5958,1000.3
0.25365,356.98
9.947,2789.4
2.5847,1010.8
1.3169,388.31
0.14321,281.47
0.80114,524.06
2.5354,989.2
10.692,6352.6
0.5363,385.07
36.547,10499
0.51054,607.73
17.9,4756.7
0.1743,199.86
0.037423,289.05
8.5763,3063.6
0.98166,688.75
3.9076,1283.2
0.76683,498.6
1.425,698.09
36.33,10477
0.94573,409.19
11.445,7151.2
0.64525,528.73
2.8812,763.21
11.917,3256.9
2.9104,1017.5
13.614,4611.7
11.034,3108.3
4.1401,1684.6
4.3292,1601.4
0.54147,498.73
10.799,3200
6.4492,1365.2
2.5039,659.42
21.105,8942.7
4.5952,1945.9
0.10815,412.78
2.2626,627.01
1.2089,727.06
0.24264,301.08
0.24236,360.62
4.3648,1652.7
9.3082,7552.7
0.2483,478.52
3.8974,958.08
0.9872,547.23
2.5189,120.55
32.488,10828
10.841,6024.8
2.5098,1166.6
35.9,5924.3
3.8629,1411.5
4.0315,1441
0.92949,228.13
2.7077,1087.9
3.1267,1119.9
0.11335,336.3
7.4655,3036.7
0.19672,517.33
7.5884,3710.7
3.5959,1596.1
0.61381,377.39
2.0719,1044.5
1.9012,470.82
16.796,8277.9
12.399,4643.7
0.7785,208.31
1.561,619.53
0.32312,367.45
7.2315,5676.9
0.88721,679.17
9.5949,2654.7
22.553,10049
10.532,5516.5
2.98,1141.8
6.3247,2283.6
2.2867,824.9
9.6721,4252.6
31.272,11524
3.1003,1530.3
0.69108,478.74
11.634,3357
6.2163,3681.7
0.17337,172.04
0.45566,290.31
18.824,7720.1
6.6106,2661.9
10.666,3741.9
7.7321,9264.7
7.1315,2983.4
6.1771,2212.7
0.49576,383.89
9.8741,2698.5
6.0552,2228.7
0.85097,284.08
0.61405,469.66
6.6974,1646.3
0.14394,283.32
0.1822,123.22
3.6828,1626.2
0.77457,475.7
1.1838,633.98
0.13678,246.03
4.904,2415.9
0.68352,531.15
8.9396,4134.6
11.934,1012.4
1.4178,831.99
9.0578,3028.8
3.0455,1098.1
0.14897,498.25
0.48181,412.81
1.7124,757.7
5.6596,2652.6
0.53587,730.78
2.1423,944.05
16.342,12188
1.9503,778.11
5.3623,2080.2
7.5818,7307.4
8.3756,3558
0.85608,512.91
0.20878,391.68
8.7628,3671.5
2.2457,1061
4.0506,1365.5
12.48,5357.9
3.0453,946.07
0.87775,269.37
4.2036,1975
13.153,7096.7
1.0873,566.13
12.696,2399.5
18.368,7421.4
67.993,18241
0.12951,382.08
60.144,15264
0.38619,459.08
15.659,7192.8
0.42947,364.81
0.14469,392.22
7.4062,3490
0.19977,288.67
7.4229,2916.5
9.2735,4070.5
0.47675,544.3
3.0551,1146.2
0.90019,419.86
5.4868,5397.4
5.4426,1940.4
0.30871,378.71
0.076476,403.08
6.3002,3950.5
19.874,8884.4
9.7107,3961.3
0.81631,588.48
0.74036,450.94
7.2044,3652.8
1.9366,780.36
5.6951,2460.6
9.8625,3733.7
3.6428,1416.6
12.217,4506.4
0.36757,589.23
9.2099,3419
0.73957,392.38
7.4032,3569.9
0.13417,399.83
8.8291,3173
7.6879,4292.1
0.19868,393.97
1.6128,856.87
0.13666,229.33
1.1426,452.57
2.2431,788.61
3.1595,910.66
0.62293,329.65
10.403,5803.9
0.75042,453.15
10.254,5718.7
6.5909,2343.3
1.3546,935.92
0.13849,267.75
7.1843,5456.2
3.305,969.36
0.18791,313.93
0.089184,388.76
1.103,409.29
0.10623,266.17
24.671,9624.4
1.5987,722.13
0.040433,303.93
14.269,5169.1
1.4735,976.7
0.25017,337.24
2.7469,918.8
3.0572,935.35
1.8068,725.09
13.452,5801.8
0.20582,408.99
19.728,7680.6
6.158,4551.1
0.91256,303.57
8.0831,3894.5
0.67043,388.56
11.284,3743.2
0.43325,641.49
0.19038,298.94
5.9092,2385
12.774,1182.7
1.1621,456.67
0.83804,539.92
2.9647,1255.6
17.849,4856.4
3.3088,860.32
2.7888,1397.8
6.0637,2323.8
7.9167,2651.1
3.5132,1418.3
0.32074,566.97
6.2208,2773.8
9.4609,3534.6
5.9422,2059.1
6.0051,2548
2.1123,775.88
0.11423,441.05
10.817,6397.1
7.1255,2205.1
17.122,8380.1
13.091,4638.4
3.7623,1393.3
0.86216,489.36
0.10989,310.91
0.5001,511.88
7.4617,2651.8
7.7415,2331.2
2.1206,789.54
8.1966,2862.3
6.9222,3540.1
3.0329,1120.9
0.61908,416.5
0.026234,297.69
3.6699,951.66
1.3982,759.16
11.333,4030.7
5.8429,5861.5
17.094,5680.5
3.7546,778.62
3.6024,1652.2
0.59881,374.49
11.145,3043.6
8.1107,3866.5
24.684,8678.9
7.1368,5184.6
6.8263,2169.7
0.059805,85.536
10.928,3814.5
0.69247,410.94
6.4804,3685.6
0.78101,559.96
0.067862,88.481
0.11196,277.03
7.1084,2187.8
35.132,10430
7.6505,2408.6
1.4097,516.41
20.917,9749
0.77021,463.15
1.7324,651.72
13.09,4718.4
0.21967,322.32
9.9385,4787
0.74155,727.57
1.8397,875.14
4.7706,1932
0.42022,383.56
0.14614,301.15
2.7764,855.59
7.8877,2440.9
2.543,341.08
0.18699,317.64
0.72634,468.2
2.3943,1097.7
8.1675,2506.6
0.42068,358
1.4049,799.21
0.14879,288.91
7.4678,3249.2
6.007,2314.7
8.4415,2855
6.1983,2130.6
25.232,9245.1
6.1792,3681.3
2.9798,964.29
0.53898,456.37
16.933,5048.5
1.27,533.49
5.4112,1684.9
1.4236,992.59
1.371,615.03
4.7698,1564.8
1.9632,656.77
2.1894,744.52
0.45291,404.43
0.21844,484.01
2.6208,985.8
0.30508,300.3
38.492,12085
4.0931,1634.2
0.80129,259.18
19.764,7831.7
0.23294,616.31
0.87585,664.16
1.4712,694.94
6.4328,4371.1
5.6435,1293.7
11.759,4945.8
7.0552,2095
12.056,1945.5
0.98167,627.33
3.3121,955.28
7.9815,2366.5
10.89,3034
0.70038,719.52
0.20303,329.24
3.2715,1098.3
0.86854,366.05
0.75436,266.79
3.7322,1563.4
5.2224,3112.3
1.603,634.23
0.09895,288.65
6.9092,2791.3
0.28679,318.1
11.768,3241.1
0.18241,239.63
4.1965,1417.2
0.62425,468.26
1.6841,1032.8
22.327,8197.5
0.25444,305.19
0.30517,482.28
3.6704,1263.6
1.007,304.82
8.0949,5446.5
0.30973,329.3
2.5702,1007.3
6.0349,1448.6
0.8247,415.97
2.9671,1051.5
1.4719,597.69
0.91672,763.78
3.339,1156.6
11.737,3332
1.0404,643.6
7.3399,1325.8
2.9327,1431.1
37.925,11881
6.1064,2356.1
0.73908,410.9
18.314,7188.6
8.898,2916.5
27.137,11232
1.2289,775.63
3.4788,1198.2
7.3754,3261.8
9.0645,4838.4
4.8361,2313.4
1.4461,747.47
12.949,4484.7
0.17228,272.69
3.1759,1447.8
0.53463,526.04
17.204,5258.6
1.6797,361.49
6.4627,3672.7
0.48169,295.93
7.7142,3169.1
2.3743,970.93
8.0943,2935.5
0.48657,482.25
1.1407,675.33
0.18329,294.09
1.5939,539.68
0.80141,421.63
1.9467,803.15
12.492,4019.7
4.082,1641.6
0.6063,444.42
9.3771,4781.3
0.50992,456.26
1.9225,696.69
11.468,3141.9
0.90617,398.32
33.442,8179.9
11.462,4023.7
19.607,7917.5
0.041573,312.76
0.72605,411.53
0.98882,330.21
24.944,11045
1.4343,780.68
0.87627,822.21
0.15457,269.64
1.8089,770.15
9.9384,4988.4
3.5496,1491.5
0.42516,522.31
2.9944,1330.4
1.0259,648.85
3.109,944.17
8.6348,3115.8
5.1504,2005.2
2.4086,1144.4
5.9418,2223.6
0.32423,372.52
11.804,4016.8
2.6665,494.5
63.926,4183.5
15.934,5003.1
0.032971,303.75
0.41493,275.47
9.2257,3184.3
0.72523,444.29
1.6368,585.87
0.44331,481.44
5.1433,1664.7
11.795,4340.6
5.4661,2437.9
3.5167,1407.4
7.2922,2216.1
4.9938,1962.9
1.6085,699.22
3.4869,1002
60.347,15755
10.318,3560.6
3.7889,1293.5
3.7629,1613.2
31.732,9565.5
1.3772,574.41
3.9433,1334.5
0.14258,270.49
0.96023,610.8
9.5104,6339.8
1.092,803.3
12.488,2413.4
55.329,1311.8
0.23899,599.8
1.4471,558.62
6.2898,4496.4
0.82897,661.19
5.3622,1602.4
8.5075,2880.9
4.1594,1375.5
0.51587,571.68
31.581,10953
0.41592,652.33
14.003,5057.1
5.3392,1619.9
8.7323,2974.8
20.425,7669.5
0.23588,297.87
0.13933,274.6
31.21,8293.5
0.6839,539.62
0.084014,314.97
2.5104,866.37
1.1567,2373.5
23.698,8537.6
2.2866,756.13
1.517,1005.4
9.1401,3275.4
59.392,18566
3.3388,1283.9
0.31707,403.96
10.206,3045.8
7.6447,2645.6
9.8768,3659.3
2.5445,1171.3
2.9078,1246.3
1.8779,726.46
0.58127,546.33
2.331,553.77
5.5217,1915.4
3.3111,1803.7
0.102,257.72
0.63996,419.09
0.2551,455.76
13.046,4050.9
1.5646,763.07
7.8428,2448.8
8.0723,3738.3
4.2877,1895
2.4823,822.76
8.5878,2794
12.269,1550
11.791,3048.3
6.6228,3569
0.139,288.23
0.16318,371.83
4.3803,1230.1
1.7058,695.02
8.3569,2685.4
0.071761,412.17
1.0195,440.24
0.11453,334.79
1.6894,774.83
2.8305,1110.4
9.0727,3894.1
11.481,4359.8
0.50038,659.91
1.8772,678.01
0.45834,345.24
0.11976,492.37
4.0538,1269.9
0.89059,444.1
0.85523,553.43
0.91595,626.16
1.4123,575.51
7.6242,8087.2
9.4546,3181
6.8505,2445.3
63.96,12491
0.22842,330.5
1.1355,575.77
0.14512,284.49
0.49579,375.44
12.436,5338.9
6.082,1169.2
20.275,7798.8
10.27,1836.9
0.67453,611.03
0.17537,541.67
7.8465,1403.7
0.70515,323.25
1.1435,673.66
0.14988,232.69
0.18244,359.66
8.0814,4414.2
0.098907,307.65
1.1848,672.22
13.181,4891.2
0.72416,225.86
0.009967,443.38
0.095206,287.79
8.6064,3285.4
3.881,1459.3
7.1175,2826.6
6.9035,3082.7
32.681,10659
6.8015,738.08
1.364,509.98
14.241,4776.4
0.074516,296.35
0.12555,450.08
10.017,5251.4
8.6796,2896.8
4.4433,2036
16.556,6607.4
0.21072,397.04
5.1288,1328.9
1.7057,706.51
3.2208,1364.1
0.70659,722.97
0.35154,306.7
9.3942,4415.4
0.44707,335.89
19.621,7898.9
7.1399,2580.9
7.2183,2156.5
3.9994,1377.6
8.7009,3276.9
0.35231,487.66
6.7424,2297.7
1.5866,931.15
4.4041,2562.2
7.5185,2452.8
0.47044,354
8.9949,2585.6
6.9846,3096.1
4.7888,1646.8
0.48,750.67
1.838,855.6
6.9597,2286.4
12.666,7120.7
10.524,3724.8
16.605,7438.2
15.419,7538.7
1.3535,526.49
1.3843,597.82
1.1257,671.69
37.262,11088
0.8958,688.14
0.14649,270.85
1.1365,719.17
0.31617,307.41
0.57274,775.47
0.18044,379.17
9.2704,3970.9
9.3435,4489.2
1.1956,611.71
12.031,3440.4
17.995,4746.2
9.3052,3196.2
6.0567,1449.8
7.1688,2658.2
1.0074,533.34
0.048233,297.07
5.8801,2361.8
5.5351,3630.3
1.1912,524.9
1.1884,803.43
0.87977,400.38
0.27773,370.76
1.0217,593.21
5.2354,1541.8
1.921,821.27
5.8089,5917.4
6.9627,3471
1.3001,467.68
1.8209,799.94
3.1345,776.18
3.6867,1689.4
7.618,2284.6
0.14255,269.34
1.3478,574.09
0.83984,428.55
3.1488,1011.2
0.22923,405.55
1.1861,1301.5
0.31873,381.74
1.0375,1280.1
11.28,1775.4
6.0867,1796.5
6.4962,1959.4
9.8924,4909.8
1.6554,684.87
2.3013,1032.2
4.935,1891.1
9.2771,4104.4
1.0833,432.9
5.3909,2263.8
2.2021,1042.5
3.3476,1613.7
4.1974,1425.3
2.4163,746.82
7.185,2673.8
10.969,3312.1
0.060581,85.466
2.5843,997.3
2.8642,914.76
9.8498,3463.3
32.454,9293.3
5.4973,1514.3
0.12541,363.84
0.27105,399.85
11.746,4830.6
0.092132,368.76
2.2485,891.85
1.0371,680.73
9.1784,3059
0.054493,302.39
5.7497,1478.3
1.4175,873.35
1.7979,622.48
5.4527,2370.7
2.245,828.03
6.2663,1864.4
2.4663,892.99
11.658,878.68
3.2376,991.7
0.64342,718.58
4.9651,1564.6
0.2119,400.73
4.2397,1422.5
5.9089,1550.5
7.9538,1723.3
0.19706,132.92
1.0385,1272.8
0.22035,400.13
0.2731,651.07
3.2476,938.89
1.6386,931.37
0.168,405.08
0.62203,504.21
1.0652,457.13
6.1632,3033.8
0.77231,241.08
9.2777,3898.9
0.63209,333.48
2.5222,943.83
6.3427,2852.2
0.035773,301.87
3.9352,1476.3
2.194,907.41
4.5905,1871.7
6.57,3079.7
21.216,8357.9
19.419,7860.1
12.903,1277.7
0.64288,515.55
0.27733,397.66
3.7237,1831
3.5084,916.08
0.030066,290.95
11.77,3373.3
1.247,711.26
0.70163,409.89
16.877,13113
9.4521,2630.7
10.065,4612.4
0.88361,511.01
3.1267,1126.1
10.104,2477.7
8.6631,1287.3
1.1911,461.55
36.911,11102
2.7433,892.63
4.1045,1497.2
9.8404,2702.1
6.1863,2725.8
39.992,13095
11.753,2080.4
10.188,2819.4
3.6358,972.03
0.30622,106.15
0.29683,355.18
4.0692,1668.1
2.6499,851.42
6.6328,2602.1
2.2658,891.88
17.741,6975.9
0.42144,735.5
15.738,4835.4
0.2517,357.76
2.8321,934.39
0.61403,512.42
0.835,258.93
0.82631,663.09
11.601,2842.2
9.6589,4156.7
0.33389,267.14
8.4591,2978.6
13.258,4405.5
0.23391,323.24
14.413,5397.9
1.4036,618.49
0.54079,462.06
8.8795,3095.3
3.1444,991.96
18.447,4472
7.4902,1608.8
11.46,4694.5
0.13306,374.81
0.9751,648.65
0.13842,360.17
0.11038,424.61
1.984,709.09
30.145,13286
0.31581,461.46
0.86469,659.18
0.98343,597.03
0.19929,604.94
6.4026,2965.7
0.54839,516.03
3.3993,1004.9
18.053,6121.7
1.5721,698.45
0.11768,261.83
6.9123,5792.5
0.64698,460.89
0.48792,537.15
0.051014,307.83
0.45657,543.91
3.0549,1099.8
3.2038,1117.7
10.554,4407
0.94155,613.92
15.462,5688.2
7.7721,2703.1
0.79534,371.78
1.6552,681.42
0.83856,569.34
12.28,4132.8
14.9,5262.1
0.13704,280.61
8.2183,2646.4
9.7101,4174.2
2.4094,1056.2
12.659,4292
2.7121,1526.4
1.4331,699.54
5.836,2221.3
2.3952,659.45
1.0826,664.08
0.64936,546.73
0.58703,709.88
11.507,4224.3
0.58217,353.12
3.2812,1426.6
20.78,7933.2
9.3117,2893.4
1.4361,794.06
11.851,4368.9
7.4154,4463.3
16.849,7300.4
9.7657,3807
6.3674,4603.9
1.4151,987.88
1.2578,812.78
14.67,7991.4
3.6998,1036.3
3.1934,1120.6
9.2558,3894.8
5.4497,2208.4
0.082654,363.55
4.2553,1319.4
0.1644,386.91
8.0982,3154.3
7.3541,2515
3.2378,1085.8
7.0906,2295.5
6.9463,8042.9
0.58676,320.94
0.84514,570.17
0.50453,461.38
2.2099,809.25
1.3123,758.04
8.7283,3235.4
0.73544,553.65
0.81359,632.96
0.97456,596.36
56.261,18123
4.4787,1524.8
5.8744,2484.7
2.2035,1042.7
8.033,3491.1
0.25165,356.64
6.3506,1909.8
11.652,4781.5
8.4059,2989.3
0.81874,408.27
12.31,4463.5
8.8818,1885.5
6.864,4105.6
4.7985,1841.8
10.336,3026.7
4.0926,1394.6
0.149,349.94
19.219,7716.7
2.0553,805.93
11.412,5998.4
0.76574,456.82
3.8041,1366.5
3.5963,1497.2
0.1437,279.29
11.632,4113.5
11.15,5069.2
4.563,1902.8
8.0302,3260.1
1.4444,389.15
3.2842,1072.3
4.7768,1922.6
6.6178,5237.1
0.24997,404.38
0.92636,307.54
0.22644,357.53
0.10845,97.747
0.058676,310.9
11.201,4530.2
4.3791,2347.6
12.241,4728.5
5.6857,3120.3
1.1933,579.29
5.0914,1984.9
28.94,9114.3
1.0669,583.09
3.3412,1177.2
2.4627,895.38
13.51,1650.4
1.3332,761.91
1.3109,567.39
19.545,7905
15.248,3435.5
1.6151,622.54
4.1858,1434.8
0.13839,304.01
0.066074,384.62
0.45461,453.84
1.0648,715.87
11.122,4460.7
9.9422,3708.1
12.194,5194.1
9.226,3655.4
4.4922,1557.6
2.7726,1053
16.289,4215.7
4.1862,1055.9
0.16565,283.55
0.58523,425.48
0.94826,658.39
2.4158,950.3
2.7026,114.97
12.094,3885.5
3.0358,959.32
7.6812,2828.2
0.56694,418.74
2.3383,998.91
4.8609,1862
1.1851,448.78
0.077614,394.07
6.8413,3733.7
7.1956,2706.8
1.6188,869.5
0.44283,372.48
16.79,8738.9
0.9032,511.84
6.3943,1851.1
0.61107,791.98
3.2485,1074.6
30.855,8522.2
12.296,4912.9
6.7533,1832.7
0.077817,459.16
10.32,3546.6
4.1011,1671.2
11.832,4242.4
0.8918,669.12
7.4988,1743
0.032503,299.07
8.9208,2411.5
1.6357,892.53
1.7706,719.72
8.7087,3010.3
0.13995,272.5
0.78161,574.22
5.911,2574
4.2764,2484
0.68634,349.29
11.771,3856.6
9.535,3439.6
1.5697,777.06
1.2228,389.36
10.569,3835.3
2.7196,1651.5
7.9485,5094.7
7.1442,3084.4
0.98474,640.09
2.2164,899.09
0.05852,308.68
3.5982,1482.5
0.3379,483.21
8.8118,3509.4
0.51703,165.86
1.1668,352.87
0.28802,327.79
1.2129,459.77
0.40962,274.84
1.894,858.12
2.626,879.73
7.2359,3239.8
0.43155,502.37
1.5317,648.09
0.048223,80.34
1.1194,499.83
0.073422,474.27
8.3862,3120
0.34703,489.1
12.179,5331.4
0.1333,309.89
7.0507,3313.5
0.16536,283.58
11.962,3935
0.69034,443.87
8.784,5735.7
2.9958,1053
7.2579,3461
0.30974,361.61
11.49,3726
0.55876,452.58
3.2174,1164.8
0.69759,347.98
0.36404,588.01
1.3788,410.81
0.080846,287.09
1.2812,491.61
0.76037,400.66
2.7655,1094.6
0.60658,589.61
7.2978,7781.9
1.3517,876.62
0.059851,309.74
9.9581,6269.7
2.6345,787.21
6.8237,5889.2
4.0467,1305.6
19.473,7097.9
2.323,1054.8
1.2023,367.66
24.147,10085
12.576,4631.2
2.831,1033.7
2.3012,1057
3.4552,1188.9
0.38098,509.77
0.60527,517.06
7.5288,1985.6
0.12959,280.15
7.8819,2961.5
1.3906,605.03
33.079,12628
1.6538,682.06
11.65,3773.9
0.67057,341.82
11.811,4529.1
4.315,1494.1
0.11694,310.38
8.0332,4497.2
1.1549,506.79
5.4125,2302.4
0.96561,523.61
8.5191,2881.5
8.0582,2401.8
14.969,4682.2
6.5559,3297.6
1.5554,942.13
2.6712,427.19
5.4843,2493.2
5.3353,931.61
7.585,3624.8
0.8676,377.83
4.2688,1756.2
0.98544,624.41
25.261,10420
0.68511,367.52
36.284,10836
7.1323,4737.9
0.93619,531.5
5.936,2254.7
13.458,4520.2
0.23816,318.9
12.191,5036.9
7.3227,2414.9
74.653,7586.5
3.3165,1070.4
0.093312,334.96
4.1321,1492.2
0.13911,294.77
3.9118,1540.1
19.544,7923.5
10.477,4068.7
1.7318,746.53
7.3017,3074.6
12.93,2361.9
4.7472,974.09
3.4984,907.96
5.1854,1263.9
6.8361,2867.4
1.585,579.82
1.8068,680.4
0.96674,525.8
1.4516,623.83
2.4431,823.07
10.184,4186.8
6.4745,3278.5
5.3209,1954.8
3.9412,1639
0.76182,365.26
2.6737,886.6
12.429,5386.3
6.897,4146.2
3.8752,1393.5
0.69149,516.21
4.1185,1631.8
2.1325,724.79
16.02,5856.1
0.46005,402.74
1.3887,794
0.72447,370.48
0.63997,548.66
8.4723,2755.7
4.4453,2216.3
1.3465,598.99
2.382,1002.7
0.38557,480.29
12.593,4725.5
2.513,965.25
10.126,5813.6
12.581,5458.5
3.6972,1458.7
1.0802,600.1
8.3504,2777.8
0.70565,239.87
9.2895,3681.2
1.3329,647.27
7.6266,11934
4.2339,1371.3
36.322,7314.8
0.43217,229.56
20.263,7971.7
0.36671,394.86
1.0971,1316.8
1.0024,595.59
2.2268,913.14
7.6183,4729.5
0.39383,264.77
7.1641,2987.3
0.78656,259.87
0.2019,395.09
0.11527,317.45
1.0055,466.02
2.246,911.62
2.91,1127.8
8.8413,3154.5
8.3273,2498.8
0.72861,702.6
6.9414,3138.2
0.4659,503.73
11.693,4879.5
12.437,4488.9
0.21623,400.42
0.22193,303.59
7.7376,4311.5
2.8698,1093.7
0.23272,299.03
0.37583,578.93
8.5317,4036.4
6.1082,2312.5
10.819,3634.4
2.2191,813.64
1.5959,734.18
8.6141,3418.2
4.0644,1388
1.5375,870.86
6.0574,4384.2
15.77,7442.1
0.47959,414.68
2.3278,956.61
10.981,3334.3
2.4906,1216.7
0.050744,287.96
7.5474,3047.7
28.124,7480.7
36.433,11135
8.1819,3144.6
1.1557,515.13
0.25278,573.12
0.35373,270.57
2.3675,409.9
4.2485,1714.4
4.3732,1402.6
1.3416,553.07
6.4624,2289.1
1.0928,486.87
1.3583,723.12
0.87756,847.25
10.23,4465.1
13.823,4934
3.9372,1485.5
0.17405,400.63
20.762,8316
7.7891,2125.9
0.26092,157.96
8.9936,3383.6
0.058889,85.061
11.896,5178.5
2.7843,968.46
0.12884,401.35
6.7655,7601.7
2.0385,660.11
3.9204,1420
0.64547,379.82
15.717,4828.2
4.4186,1050.9
10.174,6006.1
18.665,4801.2
0.091008,357.95
23.303,8298.7
2.5371,997.38
2.5642,1175.5
11.398,3792.7
5.582,2600.2
7.3561,1996.8
0.93449,596.75
3.0202,1018.3
6.6842,3668.8
1.3575,734.19
10.338,3575.1
0.50696,352.3
3.368,1414.1
3.3371,1055.4
0.57198,588.55
2.9576,1095.7
15.408,7066
0.2398,312.01
7.3589,12179
0.30271,117.36
3.261,1085.3
3.4699,1434.6
6.2189,3282.3
13.508,4275.3
9.3254,3939.4
11.702,6704.6
14.537,4527.2
6.3225,2068
6.5264,5632.9
0.32183,260.96
20.01,8160.1
0.89451,566.01
1.4339,585.65
0.32615,291.4
5.4451,2940.8
18.859,8024.8
14.729,2652
4.9357,1983.8
5.8603,1995
0.22136,555.55
8.9576,4723.7
7.1509,2837.1
0.13609,398.38
7.7306,3658.5
6.9162,2682.5
0.12123,323.27
7.4099,2184
1.4166,638.23
1.3647,667.63
0.084134,321.88
5.2903,1398.8
5.1657,2891.3
1.4383,696.13
6.1054,2318.8
2.1884,917.85
11.331,3616.1
0.034477,287.88
2.3479,776.62
0.69229,726.58
6.5241,7405.1
8.8104,2438.1
8.6345,2411.6
1.8919,799.84
5.3226,2018.6
0.65337,400.01
11.849,4926.3
13.523,3744.1
0.80894,654.05
1.2645,703.08
6.5091,2174
2.245,1064.3
0.2182,469.34
4.0016,1484.7
24.722,10107
8.0894,3040.4
9.0807,3853.3
7.4786,11660
6.9593,3571
0.50379,572.77
0.20663,300.62
3.2688,845.27
26.19,7502.8
2.2859,917.89
10.216,4429.1
7.2105,2173.5
6.6465,4182.3
0.17163,199
1.4274,692.04
0.73961,388.72
2.9602,974.79
9.1272,2961.2
17.647,4670.6
10.763,4258.4
1.2386,673.58
0.10393,393.55
0.96951,449.56
7.3808,4414.2
2.7692,1715.1
3.3002,1211.8
1.5278,872.18
0.034701,290.64
2.3883,854.36
2.0422,679.83
4.6969,1917.5
8.9025,3655.2
6.9768,2610.6
3.6968,1422
4.0762,1441.8
0.15341,299.85
8.1563,3147.9
3.3625,876.08
1.512,758.14
0.50535,303.56
0.42743,361.2
1.4645,699.13
2.4321,827.44
8.268,2555.6
7.2147,3505.2
1.2642,651.35
6.8781,2069.4
3.2298,1081.6
8.1972,3682.5
2.6551,971
2.3986,1051.1
