-0.069577,-0.068832
-0.046696,-0.049406
0.0098196,0.020205
0.029172,0.0084691
0,0.025194
-0.0094485,-0.016383
-0.028616,-0.013837
0.024549,-0.014031
-0.014376,0.011332
0.038783,0.050945
-0.042016,-0.010786
0.024429,-0.0027572
-0.014308,0.005404
0,0.013625
0,0.013319
0.038596,0.034319
0.055905,0.040828
0.035194,0.004861
-0.046784,-0.046349
0.026724,0.012858
0,0.030282
0,0.004861
0.021774,0.024412
0.085142,0.033385
0.027402,0.0322
0.076369,0.080408
-0.067399,-0.053745
-0.057037,-0.052367
0.036348,0.0045696
-0.035073,-0.018301
-0.012116,-0.028017
-0.028523,-0.024058
-0.0042083,-0.019766
0.012678,0.045312
0.045807,0.028825
-0.0079807,-0.023384
-0.036109,-0.04546
0.016595,0.047625
-0.0081146,-0.028688
0.0040423,0
0.037097,0.0048847
0.039652,0.053923
0.0076458,0.032608
0.022763,-0.013608
0.011042,-0.02738
0.069625,0.028151
-0.01029,-0.02738
-0.031111,-0.032806
-0.03211,0.0048136
-0.044349,-0.024176
0.023204,0.04464
-0.015118,-0.014208
0.038376,0.038359
0.025784,0.037049
0.04315,0.035725
0.0034538,-0.012922
0.020652,0.017523
0.010117,0.021378
-0.013354,0.0042636
-0.043909,-0.025087
-0.0070782,0
-0.021386,-0.055819
-0.043622,-0.05
0.0038083,0.014344
0.0075878,0.0046775
0.018827,0.0094197
-0.033262,-0.023276
0,-0.014276
-0.034317,-0.024176
-0.035629,-0.019751
-0.10654,-0.1061
0.032162,0.014202
-0.031159,-0.016701
0.009189,-0.014241
-0.022763,-0.008615
-0.0092091,-0.0057487
0.037507,0.032002
0.02266,0.050945
0.0044316,-0.0027275
-0.035297,-0.0054699
-0.022867,-0.056875
-0.0045717,-0.01723
-0.028212,-0.026298
-0.036233,-0.048061
0.072621,0.044231
-0.0045717,-0.0090567
-0.060361,0.034589
-0.012568,-0.044849
0,-0.090637
-0.03076,0.0068847
-0.031615,0.010256
-0.013561,-0.0033841
-0.027622,-0.016978
-0.022778,0.0034542
-0.046484,-0.030981
0.015173,-0.0069433
0.078051,0.017724
0.041849,0.049209
0.013307,0.033349
0.018482,0.01621
0,-0.012761
-0.012894,0.006463
0.039308,0.032107
-0.020133,0.0062217
-0.0077197,-0.021641
0.023339,0.03792
0.0076023,0.021174
0.027742,0.038759
-0.014683,0.0028702
-0.017423,-0.022896
0.012599,0.014645
-0.012442,-0.011547
-0.012716,-0.014602
0.01288,0.020746
0.0050163,0.005807
0.017644,0.0028868
-0.012433,-0.020149
-0.017441,0.0058753
0.010109,0.014602
0.035378,0.020149
0.043947,0.022445
0.0093669,0.0027597
0.018453,0.0055041
0.0046083,0.019159
0,0.0026855
0.040659,0.021427
-0.0043078,-0.0236
0.043666,0.032227
-0.012533,0.0026017
-0.0042956,-0.018165
0,0
0.029807,0.047453
0.024755,0.022709
-0.036235,-0.0098688
-0.041839,-0.032393
0.0087534,-0.0024582
-0.017355,-0.025816
-0.013195,-0.0052999
-0.031269,-0.023977
0,0
0.018475,0.021836
0.0089658,0.0053424
0.017979,0.015942
0.026391,0.013077
-0.0085047,-0.0077447
-0.0043886,-0.0052034
0.0044079,0.0026153
-0.013066,-0.005217
0.0044467,-0.0026222
0.01308,0.026171
0.017281,0.033306
-0.0042956,0.014877
-0.034023,-0.024431
-0.0043646,0
0.0087675,0.020034
-0.013138,0.0049102
-0.013313,0.0048862
0,-0.01945
-0.026985,-0.022315
0.0045867,0.0076081
0.018475,0.010067
-0.0045872,0.014951
0.022727,0.01473
0.022222,0.019246
-0.013023,-0.014243
0.0043646,-0.0047067
-0.0043456,-0.014517
0,-0.0098203
-0.0088307,-0.014877
-0.031132,-0.027571
-0.013741,0.0050588
-0.013932,-0.020485
-0.03304,-0.036807
0.019557,0.030025
-0.014331,-0.01855
-0.0097305,-0.0189
-0.039191,-0.019139
0.04079,0.033542
-0.0098261,-0.013574
0.019847,0.01376
-0.014652,0.010859
0.01975,0.0080566
0.0047863,-0.010656
0.0097485,0.013464
0.023917,0.015942
-0.027965,-0.028768
-0.01444,-0.0094247
-0.014652,-0.0081552
-0.012372,0
-0.019998,-0.019185
-0.025566,-0.0027944
-0.055121,-0.030951
0.033244,0.0086751
0.037722,0.031665
0.0024947,-0.0083365
0.0078208,-0.0056044
0.0050558,-0.014218
-0.0024567,-0.0028586
-0.015363,-0.017201
0.0077418,0.008751
0.067013,0.04929
-0.004763,0.016535
0.024263,0.010967
-0.0095621,-0.0081667
0.028744,0.021752
-0.01397,-0.013231
-0.014168,-0.010848
-0.019089,-0.016266
-0.036573,-0.019291
0.017762,0.025291
0.0049048,-0.0054815
0.014869,0.0055117
-0.019461,-0.0054815
0.014828,0.013779
-0.0097786,0
-0.022247,-0.01631
-0.005108,-0.011054
0.0051342,0.0027944
0.0049919,0.011146
0.0050826,0.0055117
-0.030111,-0.013704
-0.036142,-0.022231
0.021515,0.005684
-0.013118,0
-0.0026829,0.022608
0.039985,0.066449
-0.015403,0.015665
0.020779,0.010205
0.03065,-0.0050511
-0.0048808,0.01523
0.024866,0.017502
-0.01458,0.014855
-0.036932,-0.043694
0.0050428,0.01266
0.012719,0.012501
-0.027653,-0.0098777
-0.023226,-0.0049881
0.0053379,-0.0075197
-0.0026548,-0.010102
0.0026618,0.0076539
0.023652,0.01266
-0.012849,-0.0025003
-0.013016,-0.015039
0.044888,0.056102
-0.0076424,0.0048193
-0.017736,0.0047962
0.018057,-0.01432
0,0
-0.028005,-0.041272
0.018367,0.032947
-0.0051868,-0.0050011
0.010428,0.01977
-0.00258,0
0.015403,0.0048193
0.050486,0.0095923
0.01918,0
-0.014168,-0.023753
-0.0095447,0.0048662
-0.033784,-0.024323
0.024991,0.029893
0.0097305,0
-0.004763,-0.0096386
-0.01458,-0.009843
-0.014796,0.0050262
0.015018,0.00978
-0.014796,-0.019481
-0.0050441,-0.0098777
-0.025118,-0.017458
0,-0.0025384
-0.0026002,0.015269
-0.010309,-0.015039
0,-0.0025448
-0.0077826,0.0025513
0.0026548,-0.0050896
-0.010591,0.0025578
-0.023841,-0.023078
-0.010841,-0.01567
-0.013731,0.0053063
0.0028101,-0.018474
0.027767,0.018822
-0.021688,-0.023872
-0.022042,-0.043259
-0.0056995,0.0084778
0.017066,0.04216
0,-0.0026888
-0.005636,0.0026961
-0.0083731,-0.0054999
-0.022733,-0.035148
-0.01728,-0.011209
0.014744,0.022672
-0.01173,-0.013856
0.0029674,0.0084302
-0.020441,-0.027992
-0.009061,-0.0086005
-0.030202,-0.046399
0.015571,-0.021227
0.018427,0.021687
-0.024033,-0.042453
0,0.012667
-0.006227,0.0062544
0.015523,0.018647
0.0091151,0.0061018
-0.015147,0
-0.036828,-0.021227
-0.003223,-0.0061963
-0.019253,-0.028199
-0.019631,-0.01604
0.066646,0.03275
0.028232,0.034725
-0.015192,-0.015254
0.055477,0.024785
0.049745,0.063763
-0.022353,-0.022865
-0.017115,0.014543
-0.0057158,0.0028668
-0.014572,-0.0085759
0,0
-0.008954,0.0028834
0.029843,0.028881
-0.0027914,0.0027944
-0.017462,-0.011146
0.026591,0.030998
0,-0.0054665
0.0058147,0.0054966
0,0.016524
0,0.0053777
-0.017212,-0.026866
0.0054813,0.0081199
0.011834,0.0054523
0.011564,0.019349
-0.020005,0
0.014581,0.0026599
0.0087536,-0.0026528
0.0085481,-0.0054407
-0.0084757,0.02176
-0.0058283,-0.015943
-0.0057322,0
0,-0.024302
-0.017427,-0.022181
0,-0.034089
-0.0058674,0.0089215
0.0059021,0
0.017736,0.026138
0.0028826,0.019769
0.014502,0.011184
0,-0.008234
-0.017128,-0.016729
-0.017427,-0.0055451
-0.0029337,-0.0084907
-0.017788,-0.017127
-0.023965,-0.0029909
0,-0.0028694
0.0030692,-0.0030085
-0.0062587,-0.0057728
0.0093772,0.029427
-0.021492,-0.022946
-0.012612,-0.0028864
-0.0063146,-0.014737
-0.0063547,-0.014824
0.012791,0.030229
0.0033008,0
0.012588,-0.0028947
-0.028111,-0.017683
-0.025727,-0.0090005
0.0098463,0
-0.0032501,-0.0183
0.0065214,-0.0030378
-0.026064,-0.0030471
0,-0.0031953
0.020109,0
0.0065214,0.0062718
-0.016198,-0.01856
0.019907,0.0031047
0,0.0032358
-0.022747,-0.015706
-0.029884,-0.038182
0.0068111,0
-0.010301,-0.0099245
0.034488,0.033363
0.023277,0.032431
-0.0098327,-0.0063105
-0.026234,-0.015806
-0.010046,0
-0.010301,-0.028821
-0.020506,-0.026428
-0.049167,-0.043979
0.0036697,0
-0.044042,-0.046161
0.046071,0.037253
0.0073126,0.017797
0,-0.010555
0.018314,0.024996
-0.032242,-0.034793
-0.029633,-0.014322
-0.0075914,-0.010939
0.034597,0.018488
-0.0036969,0.01799
0.018553,0.021334
0.014738,0.017459
0,0.013789
-0.0071802,0.010125
-0.032873,-0.036804
-0.003739,-0.0035725
0.018936,0.0035853
-0.0073665,-0.013979
-0.026143,-0.02804
-0.046069,-0.054457
-0.0039942,0
0.012213,0
-0.13146,-0.1073
0.03193,0.021505
-0.0044203,-0.0084586
-0.044601,-0.050806
0.0046472,-0.017775
0.03259,0.036397
-0.040521,-0.039631
-0.046902,-0.045557
0.073926,0.038313
0.0045615,0.027623
0.045614,0.044734
0.0086854,0.055876
0.035225,0.012184
0.037807,0.01599
-0.040619,-0.031477
0.046706,0.043089
-0.012153,-0.011728
0.028645,0.047821
-0.02392,-0.0076065
-0.0040234,-0.0076648
0.0040397,0.0115
0.065289,0.034448
-0.038283,-0.036909
-0.027847,-0.019247
0.016342,0.0078152
0.040289,0.042737
0.0078152,0
0.0037911,0
-0.030558,0
-0.004073,-0.0074368
0,-0.011322
0.011913,0.0075783
-0.0038658,-0.0075213
0.027518,0.030313
-0.0037768,-0.0035959
-0.0193,-0.011155
0.03936,0.018746
0.011327,0.029311
0.0036777,0.017719
0.040806,0.041971
0.042887,0.04028
0.023937,0.016062
0.01004,-0.012703
-0.016469,-0.0064332
-0.023533,-0.016115
-0.006952,0.0097982
0.0034225,0.019551
0.013798,0.016051
-0.010093,-0.018873
-0.031052,-0.048162
-0.0036671,-0.02021
0.025124,0.037892
-0.010459,0
0.031551,0.036361
0.044502,0.038352
0.0032211,0.018468
0,-0.0060443
-0.0032107,0.012162
-0.013177,-0.020961
0.023294,0.01841
-0.032478,-0.024103
-0.013337,-0.0061745
0.010176,0.0030374
0.013381,0.0061941
0.0099407,0.021614
0,0.0029459
-0.03276,-0.044993
0,0
0.010176,0
0.01684,0.015658
-0.0034009,0.0031659
-0.013205,-0.0093304
0.033529,0.015651
0.02284,0.042956
-0.0095292,-0.014775
-0.0064618,-0.0029197
-0.016187,-0.023958
-0.022918,-0.021546
-0.0067659,0.0062718
-0.016803,-0.021745
-0.0069284,-0.0096276
0.020775,-0.0031451
-0.0068348,-0.012907
0.017128,0.016272
-0.023455,-0.025733
0,-0.0032282
-0.0033872,-0.0066245
-0.010351,0
0,-0.0034084
0.04168,0.040149
-0.026675,-0.028878
-0.024018,-0.019873
0.0034706,-0.0034545
-0.021066,-0.010098
0,-0.010353
-0.035812,-0.024154
0,-0.010563
0.014823,0.025016
0,0.01399
0.018382,0.013797
-0.025302,-0.023892
0.0038029,0.0035631
-0.0037885,0.0033961
-0.010913,-0.020769
-0.026245,-0.031736
-0.019056,-0.025475
0.011726,0.0074925
-0.019374,-0.033548
0.0038808,0
0.03936,0.023085
0.030093,0.037607
-0.0036107,-0.0035438
0.022072,0.032654
-0.0037067,0.003444
0.010838,0.024649
-0.0035206,-0.017205
-0.01076,-0.01038
0.0035714,0.010488
-0.0071174,-0.01038
0.0035842,-0.0036005
-0.0035714,0.0036135
-0.010916,-0.014089
-0.011036,-0.01429
0.011159,-0.010793
-0.0037885,0
-0.0072751,0.0035825
0.018488,0.018335
0.0037612,0
-0.018247,-0.021511
-0.0073017,0
0.0073554,0.01091
-0.022237,-0.021746
0,0.0074098
-0.015105,-0.010951
0.0077546,0.011073
-0.011457,0.0037594
0.0038056,0.0035825
0,-0.0035697
0.04222,0.054877
0.014881,0.017289
0,0.010319
-0.021831,-0.010213
0.018488,0.013657
0.014718,0
-0.014504,-0.013473
-0.010957,-0.0068285
-0.0036376,0
0.011118,0.020626
0.036599,0.026946
-0.014091,-0.003207
0.0072266,0.0032173
0.01419,0.0033528
-0.010533,-0.016417
-0.0071497,-0.013294
-0.0035206,0.0034431
0.0072266,0.0099955
-0.0076531,-0.00029542
0.021851,0.027039
0.0036164,-0.0033089
0.00705,0.016455
-0.017735,-0.016189
0.0072854,0
-0.021384,-0.019919
-0.011086,-0.010015
0,0
-0.0035743,-0.0068432
-0.014838,-0.017076
-0.015061,-0.010515
-0.0038649,0.017711
0,-0.017403
-0.0037112,0.0035423
0.011514,0.017495
-0.00385,-0.0067873
-0.0075618,0.010327
0.003725,0
-0.015351,-0.010221
-0.0037691,-0.013971
0.0037833,-0.0069305
-0.0077094,-0.014268
-0.01174,-0.0072373
-0.0080363,-0.010777
-0.028003,-0.029318
-0.0039862,0.018815
-0.01237,-0.014742
-0.008473,-0.0037817
-0.016905,-0.007592
-0.025699,-0.030434
0.030838,0.019726
-0.0043274,0
-0.017196,-0.0077376
0.017497,0.023224
0.034392,0.015076
0.020826,0.0037539
-0.0082319,-0.011057
0,0
0,0.0037817
-0.02869,-0.022604
0.012632,0.011564
0.0084388,0.0076209
-0.028925,-0.030089
-0.012739,-0.023224
0.017078,0.019785
-0.012687,-0.015657
-0.034203,-0.031466
0.039914,0.036594
-0.029915,-0.043224
-0.039566,-0.024658
-0.0092892,-0.021222
0.037097,0.043175
0.0088443,0.028917
0.0089616,-0.0080801
-0.01313,-0.016115
-0.026805,-0.028798
-0.018295,-0.021312
-0.032562,-0.030297
0.033658,0.044718
-0.013926,-0.021308
-0.023468,-0.030558
-0.014462,-0.013593
0.024385,0.022768
-0.014325,-0.022261
0.024364,0.031955
0.00459,-0.0044513
-0.0093458,-0.0044712
0.047589,0.026948
0.013608,0.01293
-0.004541,0
-0.008925,0
-0.018211,-0.0214
-0.013861,-0.017648
-0.0093014,-0.004296
0,0
-0.018986,-0.013532
-0.0048915,0.0045726
0.0049156,0.018009
-0.0097831,-0.017691
0,0.0045518
-0.0047251,-0.0045311
0.019422,0.013457
0.0048688,-0.004296
0.0096903,0
-0.023785,-0.027064
-0.052362,-0.027615
0.029544,0.019071
-0.024754,-0.023393
-0.014376,-0.009373
-0.026892,-0.02418
-0.010539,-0.016591
-0.0066272,-0.012051
0.0023827,0.001996
0.019254,0.042497
0.010728,0
-0.044301,-0.042675
-0.015451,-0.010202
-0.036047,-0.041004
-0.0025439,0
-0.014027,-0.010748
0.0095706,0.0061408
0.0094799,0.015258
-0.035025,-0.032139
0.012099,0.015528
0.071466,0.071513
0.011157,0
0.03526,0.027442
0.019231,0.024573
-0.012503,-0.01439
0.0062155,0.0097334
0.031572,0.028919
0.014194,0.0093686
0.014214,0
0.024795,0.028047
-0.043551,-0.03631
-0.018258,-0.023422
-0.012324,-0.0047967
0.0063521,0
0.045537,0.053227
-0.0099181,-0.018504
0.010017,-0.0046625
0.014877,0.014053
-0.014659,-0.0046194
-0.027814,-0.023204
0.0042138,-0.014253
-0.0022085,0.014459
0.02147,0.028507
0.03467,0.027917
-0.019058,-0.0044939
0.014731,0.0045142
0.0094677,0.0044939
0.0095873,0.0044738
0.014244,0.013362
0.0093629,0.0043952
-0.013914,-0.0087519
-0.0047035,-0.017658
0.028354,0.040445
0.0045954,-0.0086385
0.0091488,0.0043569
-0.045329,-0.026028
-0.014244,0
-0.0094241,-0.0044539
-0.0048626,-0.017895
0,-0.0093088
0.0048863,-0.0091963
0,-0.0046408
-0.0048626,-0.013987
0,0.0047286
0.0097727,0.0094127
-0.033873,-0.032637
0,0.0096396
0.015026,0
-0.0049346,0
-0.004959,-0.0047738
-0.014951,-0.02878
-0.026397,-0.013957
0.012653,0.019164
0.002008,-0.0049145
0.037853,0.03951
0.0049346,0.0047511
-0.0098207,-0.0047286
0.004959,0.0047511
0,0
0.0098691,0.0047286
0.019333,0.0094127
-0.0047937,0
0.01445,0.009325
-0.018786,-0.027716
-0.024195,-0.023755
-0.014015,-0.0146
0.0091843,0.0049388
0,0.014744
0.0049837,0.0096862
-0.011859,-0.0095933
-0.022038,-0.019372
0.010263,0.0098776
-0.0081714,-0.009781
0.002004,0.0098776
-0.0082222,-0.014671
-0.026664,-0.01899
-0.0064457,-0.010119
0,-0.018444
0.019231,0.018791
0.0020459,0
0.027223,0.029778
-0.030477,-0.025032
0.0041002,-0.0039841
0.033348,0.034889
0.0081229,0.0098776
-0.0019599,0.014671
-0.026184,-0.014459
-0.01434,-0.019562
-0.012503,-0.0060724
-0.017035,-0.026184
-0.0042155,0
0.010818,0.014564
0,-0.0022085
0.014891,0.016379
-0.023155,-0.020035
-0.0063365,-0.0062222
-0.017478,-0.020572
-0.015385,-0.016895
-0.038086,-0.036461
-0.0048223,-0.017595
0.0025504,0.0044161
-0.011702,-0.015633
0.035264,0.022829
-0.020388,-0.020136
0.02335,0.025006
0.054563,0.060145
0.010818,0.0063796
-0.0086087,-0.016753
-0.027928,-0.021184
-0.0089329,-0.0044695
0.0043849,-0.0042533
-0.022071,-0.021832
0,0
-0.034226,-0.035905
0.016436,0.0070458
0.013896,0.0069965
-0.020434,-0.020596
0.030272,0.030403
0.024938,0.022621
-0.024331,-0.015629
-0.029383,-0.040547
0.0022895,-0.0094196
0.0045685,-0.002313
-0.02097,-0.023699
0.028645,0.019525
-0.0070246,0.0023292
-0.011622,-0.016783
0.0023006,0.0026261
-0.014027,-0.017025
-0.006984,-0.0047962
-0.0023444,0.014726
0.0093995,0.0097625
0.040352,0.043376
-0.0089508,-0.0047583
0.018314,0.011575
0.018231,0.016169
-0.0067747,-0.0068543
0.0021924,-0.00912
0.02455,0.018408
0.03274,0.03151
0.019986,0.0073408
-0.023423,0.006582
0.0043819,0.0088744
-0.0087256,-0.006713
-0.006486,-0.010953
-0.0065283,-0.011074
0.0021122,0.004527
0.011007,0.022296
0.032893,0.02877
0.023099,0.03631
-0.018632,-0.018716
0.0022336,0.0084276
-0.0042345,0
0.0020143,-0.010336
0.018986,0.021111
0.0041648,0.010229
-0.0061122,-0.0019388
0.010323,0.016188
-0.0019565,-0.0040357
-0.0021782,0.0021327
0,-0.0021281
0,0.010237
0,0
0.0021829,0.0048554
0.0060989,0.005042
-0.0082269,-0.011915
0.0021829,-0.0040195
0,-0.012107
-0.0082771,-0.024296
-0.024819,-0.014764
0.002027,-0.0040259
0,0.016843
0.0042706,-0.0041961
0.0020143,-0.016633
0.0022336,-0.0022553
0.0062402,0
0,0.0042948
0.018826,0.019131
0.016304,0.020981
0.0040642,0.010167
0.0021304,-0.0019272
-0.020196,-0.0060073
0.032762,0.027412
0.019958,0
0.019361,0.014916
-0.014346,-0.019458
0.00492,0.02491
-0.014484,-0.0049434
-0.019458,-0.014697
-0.0050665,-0.010924
0,0.0061597
0.0050923,0
0.019844,0.019844
0.0049679,0
-0.0098867,-0.0097288
0,0.014841
0.01477,0.019567
-0.0096351,0
0,-0.014343
-0.028359,-0.032999
-0.010013,-0.0040271
0.0021519,0.0040434
0.017178,0.0089021
0.0099219,0.019958
0.0098244,0.014624
0,0.019285
0.043883,0.014141
0,0.0092302
0.014079,0.0093403
0.013688,0.032003
0.022762,0.039791
0.017918,0.025512
-0.0044469,-0.0084093
-0.0087474,0
0.0088246,-0.0040636
0.0087474,0.016676
0.004428,0.016577
0.0042248,0.012187
0.021584,0.02018
0.0084154,0
-0.0083452,-0.0079787
-0.0042972,0
-0.016903,-0.0078753
-0.030181,-0.047965
0.0088646,0.0083378
0.0089736,0.029205
0.0087085,0.0041026
0.017267,0.016003
-0.02546,-0.011897
-0.017602,-0.04019
-0.0088646,-0.012544
0.017888,0.021292
0.030847,0.066398
-0.0041712,-0.046821
-0.0085595,0.008273
-0.01745,-0.012137
0.0044868,0.0039799
0.022148,0.061358
0.017298,0.003735
0.0085914,0.019253
-0.0042591,-0.016984
0.0042773,-0.026966
0.0083407,0.023731
0.033615,0.015562
0.0080027,0.0036712
-0.016047,-0.018925
0.012189,0.015562
-0.012042,0.0036712
-0.0041202,-0.018925
0.0041372,0.01929
0.0082403,0
-0.0040865,-0.026399
-0.032484,-0.019438
-0.012723,-0.007996
-0.0084124,0
0.025632,0.028044
0,0.011598
-0.0082717,-0.0077507
0.0126,0.0039056
0.025061,0
-0.0082065,-0.0038904
0,-0.0076485
-0.028616,-0.027386
0.0042591,0.0040465
0,-0.012091
-0.012723,-0.012069
-0.0042957,-0.016345
0.012943,0.029036
-0.0042591,0.0040796
-0.033862,-0.028102
-0.021952,-0.020902
-0.013391,-0.025262
0.0043969,0.0085782
0,0.0043431
-0.0043776,0
0.0089849,0.0086486
0,0.0083959
0,0.0085031
0.022546,0.025119
0.013155,0.020391
-0.0042063,-0.0080605
0,-0.0079567
-0.03067,-0.016382
0.0090944,0
-0.04018,-0.020645
0.0046948,0.017006
0,-0.0083609
0.060164,0.046021
0,0.0040302
-0.0044077,-0.012042
-0.017524,-0.024209
-0.017837,-0.0081541
-0.018161,0
0.013824,0.012419
0.0046092,0.008293
0.0089849,-0.0041124
0.013452,-0.0041294
0.0044868,0.0041465
0.0044668,0.0041294
0.0044469,0.0041124
0.021952,0.020307
0.038628,0.051681
0.0039972,0.0076336
0.0041544,-0.0037879
-0.012239,-0.026458
0.024956,0.038893
0.020092,0.033521
0.004006,0.018036
0.027764,0.032008
-0.015367,-0.010387
0,-0.0034985
0.015607,0.017408
0.026852,0.034364
0.02615,0.026411
-0.0035309,0.0065005
-0.011092,-0.019241
-0.044399,-0.039237
-0.0039126,-0.016993
0.007856,0
-0.034752,-0.031087
0.0079071,0.024888
0,-0.0035108
0.008012,0
0.015731,0.024516
0.015487,0.02049
-0.011398,-0.0033698
-0.0038974,0
-0.0039126,-0.0066216
0.003928,0
0.0078252,0.0032619
0.0037205,-0.0032513
0.019178,0.013473
-0.0036369,0.0099356
-0.0076178,-0.0065124
-0.015193,-0.019944
0,-0.0068308
-0.015427,-0.010173
0.0077519,-0.0069485
0.019476,0.031195
0,0
-0.019104,-0.006644
-0.015548,-0.02035
0.00399,-0.0034863
-0.019705,0
-0.0079392,0
-0.016346,-0.01035
-0.016445,-0.014141
-0.016719,-0.028388
-0.0084124,-0.014609
0,-0.011236
0.0041516,0.011364
-0.0041345,0.0035893
-0.012996,-0.01104
0,-0.0037736
-0.034748,-0.037563
0,0.011643
0.0090944,0.015562
-0.013519,-0.022825
0.013704,-0.0078406
-0.017837,0.0039513
0.031734,0.031158
-0.013155,-0.011291
0.0043184,0.0077208
0.0044868,0.018994
0.0089336,0.01864
0.0044272,0
0,-0.0073812
0.0042241,0.003718
-0.0085955,-0.036734
-0.026379,-0.026759
0.0045472,-0.0039513
-0.0045266,0
0,0
-0.022546,-0.027603
-0.0091103,-0.012069
0.018584,0.024604
-0.018245,-0.028044
0.0046948,0.0041465
-0.014019,-0.0041294
-0.014021,-0.012267
0,0
0,-0.004198
0.0094132,0.0084314
-0.014087,-0.024909
0.0096599,0
-0.0095675,-0.012862
-0.028778,-0.034383
0.0014505,0.0054348
0.018208,0.013607
-0.0048771,-0.022435
-0.014907,-0.0092175
-0.030473,-0.060186
0.0083387,0.019798
0.02078,0.05309
-0.010179,0.0047028
0.043022,0.027336
0.029376,0.013304
0.0046912,0.0043165
0.0048638,0.026325
-0.0048403,0
-0.014202,-0.0043622
-0.0047365,-0.0084122
0,0
-0.024192,-0.021562
0.0099573,0.0043353
0.034205,0.043885
-0.0046693,-0.0043074
0.0046912,0
0.0095331,0.008479
0.0046252,0.0042896
-0.032611,-0.037588
0,-0.0042606
0.0095181,0
-0.0047142,-0.013015
-0.03355,-0.035224
0.004901,0
-0.0048771,0
0.029814,0.03651
0.0047591,0
0.0047365,0.0086705
-0.0047142,-0.008596
0.024077,0.013186
0,0
0.0046252,0.013015
0,0.012848
0.0047957,0.017029
-0.018709,-0.029216
0,0.0042239
0.0095331,-0.0042061
-0.014068,-0.0086237
-0.014269,-0.025919
-0.0049574,0.0089302
0.01953,0.0086705
0.0046912,0.0087751
-0.0046693,-0.012959
0.023847,0.039388
-0.0047728,0.004326
0.0047957,0
0.0045819,-0.0043074
-0.009312,-0.004153
0,0
-0.018607,-0.016855
0,-0.0086603
0,0
0.014269,0.0042788
0.014068,0.0086987
0.018434,0.025695
0.02743,0.020933
0.0087178,0.0082353
0.0045013,-0.012169
-0.013085,-0.0082686
0.0087178,0.0040837
0,0.0083037
0,-0.0082353
-0.0043212,0.0083037
-0.00434,0
0.013258,0.0082353
0.013085,0.008168
0.025832,0.02414
0.012591,0.035357
0.0083461,0.015281
0.0040541,0
0,0
0.0040377,0.011212
0,0
0.016421,0.0074423
0.0080778,0
-0.011938,-0.011006
0.016054,0.029726
-0.0079818,0.0072539
-0.0078818,-0.017931
-0.01622,-0.018258
0.0082436,0.011128
0.012181,0.011006
0.0039565,0.0035789
-0.011987,-0.0071322
0.020276,0.014517
-0.0039094,-0.0035403
-0.0040883,-0.0072539
0.0041051,0.0035789
-0.0080131,0.0037147
0.0039565,-0.010807
-0.027915,-0.029183
0.00016892,-0.0075536
0,-0.0076111
0.012329,0.022852
0.020521,0.022494
-0.0080105,0.0055373
-0.012195,-0.0072928
-0.004004,-0.0037481
-0.012395,-0.010986
0,0
0.0042402,0.0036519
-0.0082756,-0.014857
-0.01686,-0.011234
0.017149,0.0076265
-0.008515,-0.018999
0.0042941,0.011652
-0.016761,-0.015253
0.0085232,-0.0077446
-0.021214,-0.01561
0.0044053,-0.0080906
-0.004386,0.0081566
0.030308,0.031715
0.0083804,-0.0076851
-0.012551,0
0.017004,0.027027
0.0040534,0.0075408
-0.004037,-0.0036658
0.0082756,0.011191
0,-0.0036386
-0.0082077,-0.0074559
0.0040534,0.018703
-0.004037,-0.0036117
0.020774,0.014801
0.024322,0.011014
-0.0079147,-0.014574
0.015956,0.0074694
0.011859,0.0072657
-0.0077605,0
0.0078212,0.010746
0.027241,0.039324
0.0075547,0.0068666
-0.011324,-0.0034795
0.0038694,0
0.045483,0.024022
0.010765,0
0.010797,0.006683
-0.0036085,0.0033871
-0.014197,-0.019984
0.0036738,0.01364
0.028697,0.0066603
-0.0069741,-0.029841
-0.0034399,0.0033403
-0.01769,-0.010126
0.0071742,-0.0035034
0.017881,0.020672
0.0034276,0
-0.013948,-0.0033067
-0.010681,-0.0034559
0.017946,0.017062
-0.014046,0.0034097
-0.0036342,0
0.021593,0.023243
-0.0035704,-0.0096971
0.0070231,0.0065728
0.014091,0.0065299
-0.0035088,0
0.0069014,0.009665
0.003497,-0.0031471
0,-0.0064457
-0.023975,-0.035747
-0.0035704,-0.0034327
-0.021069,-0.020254
-0.0071742,0
-0.010913,-0.010266
0.014612,0.0034101
0.010874,0.013877
0,-0.0068436
0.010757,0.0068907
0.0034517,-0.0068436
0.010606,0.0035157
-0.0069494,-0.0035034
-0.014139,-0.013781
-0.014197,-0.024383
0.010874,0.024993
0,-0.0034222
0,0.003434
0.010757,0
0.0034517,0
-0.017629,-0.006987
-0.0035016,-0.0070362
0,0
-0.0036603,0
0.014401,0.017787
0,0.0069622
0.014342,0.020742
-0.006998,-0.0034559
0.0034517,0
-0.010606,-0.0033292
0.01072,0.020459
0,0
-0.0034399,-0.006683
-0.014238,-0.010161
0.0071491,0.0067971
0.0036216,0.0034445
0,0.0034327
-0.0036085,-0.010126
-0.014197,-0.027094
0.0036738,-0.0035521
-0.014495,-0.010409
-0.021839,-0.010663
0,0.0071366
0.022327,0.010701
-0.010845,-0.007011
0.0036047,0.0034582
0,-0.0034463
-0.014666,-0.010663
0.0074423,0.014273
0,0.010626
0,-0.0035521
0.003769,0
0,-0.010409
-0.018474,-0.010663
0,-0.010632
-0.011324,-0.018107
0.0038694,0.011094
0.0037003,0.0035587
0.0075269,0.00724
0.015094,0.0071879
0.0073596,0.0036411
0.0035784,0.0034828
0.0037142,0.007086
0,0.0070362
0,-0.0034222
0.0072528,0.010445
0.0036738,0.0069385
-0.010835,-0.0068907
-0.021758,-0.017276
0.0036314,0
-0.0036183,-0.0036023
0.014828,0.007086
0.0035784,0.014072
0.010994,0.0035401
0.0072006,0.010301
0,0.0034916
0.0036475,0
-0.0071231,0
0.0035139,0
0.0071491,0.0033403
0.0036216,0.0034679
-0.0070727,0.0033177
0.0071231,0.0034445
-0.0040416,-0.0010984
-0.01087,-0.013746
0.007326,0.0069686
-0.010909,-0.0069204
-0.011029,-0.010453
0,-0.0070423
0,-0.0035461
-0.0037175,-0.0035587
0,0
0.0037313,0.0035714
-0.011152,-0.014235
0,0
0.0075188,0.01083
0.0074627,0.021429
0.0037037,-0.0034965
0.01476,0.0070175
-0.0072727,-0.010453
0.007326,0.0035211
0.0036364,0.0035088
0.0036232,-0.0034965
0,0.010526
0,-0.0034722
0.0036101,0.0034843
0.0035971,0.013889
0.0035842,-0.0034247
-0.0035714,-0.0034364
-0.010753,-0.0068966
0.0072464,0.010417
