-5.6,2.5
-5.6,0
-3.9,12.7
-6.7,0
-8.1,0
-5.6,0
-3.4,0
-2.3,6.4
-5.8,12.7
-11.1,0
-15,0
-17.5,0
-15.6,0
-11.4,0
-16.1,0
-10.8,0
-8.4,7.6
-3.4,22.9
-2,12.7
-2,20.3
-2,61
-2,35.6
-5,5.1
-5.8,0
-7,7.6
-8.1,5.1
-7.5,12.7
-7.8,1.3
-5.3,10.2
-4.5,66
-5.3,17.8
-11.2,7.6
-13.1,0
-8.6,0
-4.8,14
-5,11.4
-6.4,15.2
-6.4,2.5
-5.9,30.5
-5.3,19.1
-10.8,2.5
-7.8,0
-10,0
-12.8,0
-7.5,0
-2.2,0
-3.1,12.7
-3.9,0
-7,0
-7.8,0
-6.2,0
-3.1,1.3
-2,6.4
-1.1,12.7
-5,0
-5.6,0
-6.1,0
2,0
3.3,0
4.5,0
-1.7,0
-1.4,2.5
-2,19.1
-2,33
-3.9,11.4
-3.6,38.1
-4.7,7.6
-5.8,6.4
-4.7,7.6
-4.2,5.1
-5.3,2.5
-3.1,0
-4.2,0
-4.5,5.1
-3.7,11.4
-5.8,5.1
-5.6,2.5
-5,0
-7.2,1.3
-7.2,7.6
-5.3,48.3
-4.8,33
-10.6,15.2
-8.4,38.1
-7,5.1
-6.7,5.1
-6.4,0
-4.5,0
-1.4,0
-0.3,5.1
-3.6,10.2
-5.3,0
-5.3,0
-5.3,0
-4.5,15.2
-5.3,5.1
-5.8,3.8
-6.2,3.8
-3.9,0
-1.1,2.5
-2.8,10.2
-5.9,0
-3.6,0
0.8,0
3.1,0
2.2,0
0.8,0
0.3,0
-2.3,0
-3.9,0
-4.2,10.2
-5,2.5
-7.3,0
-0.9,0
1.4,0
-2.3,0
-2.8,0
-1.7,0
0.6,0
0.6,2.5
-5,2.5
-4.8,0
-1.1,0
-11.4,0
-13.4,0
-12.3,8.9
-10.3,7.6
-8.9,3.8
-9.8,7.6
-9.8,7.6
-8.7,0
-8.6,5.1
-4.5,12.7
-5.3,25.4
-6.4,3.8
-7.5,5.1
-5.6,6.4
-6.1,7.6
-5.6,2.5
-5,26.7
-2.8,27.9
-4.5,0
-3.3,0
-3.1,12.7
-2.2,22.9
-2.3,7.6
-5.9,17.8
-3.9,24.1
-3.7,48.3
-3.4,0
-5.6,0
-4.5,0
0.6,17.8
-2,7.6
-4.2,7.6
-4.7,0
-4.5,10.2
-4.5,17.8
-7.8,0
-9.7,0
-10,5.1
-9.5,0
-9.8,0
-10.9,0
-14.5,0
-11.1,0
-15.3,0
-13.6,0
-13.9,0
-15,0
-10.6,0
-11.4,0
-11.1,0
-12.2,0
-14.2,0
-11.2,0
-7.5,27.9
-5.3,0
-2,0
-7.2,17.8
-5.6,27.9
-10.3,10.2
-10.3,10.2
-8.9,7.6
-5.3,3.8
-2.5,6.4
-2.3,17.8
-5.9,2.5
-7.5,5.1
-6.1,2.5
-5,10.2
-6.4,7.6
-10.3,24.1
-9.2,7.6
-6.2,2.5
-6.1,21.6
-4.2,19.1
-5.8,0
-9.2,0
-3.9,0
-3.3,0
2,0
-1.4,0
0,0
-5.6,27.9
-6.1,15.2
-6.9,14
-6.4,7.6
-5.3,25.4
-5.9,0
-7.5,12.7
-6.1,5.1
-8.7,0
-6.9,21.6
-6.7,10.2
-10.3,7.6
-9.5,7.6
-7.3,33
-8.6,12.7
-8.9,10.2
-9.2,25.4
-8.6,27.9
-7,2.5
-8.7,0
-10.3,2.5
-7.8,0
-11.1,0
-14.5,0
-13.9,12.7
-11.4,27.9
-7.8,71.1
-3.6,43.2
-4.7,21.6
-5,22.9
-8.1,1.3
-6.7,7.6
-3.9,48.3
0.6,12.7
-5,0
-3.1,0
-5.6,0
-3.9,0
-2.5,0
-5.3,0
-3.1,0
-3.4,0
-1.7,10.2
-1.4,25.4
-2,17.8
-3.1,5.1
-4.5,2.5
-2.8,0
-5.9,7.6
-4.8,7.6
-4.5,2.5
-4.5,12.7
-3.4,20.3
-2.8,20.3
-5.3,10.2
-3.9,6.4
-3.4,0
-0.3,0
-1.7,12.7
-7,7.6
-5.6,0
-2.8,0
1.7,0
0.3,2.5
-2.2,0
-0.9,0
0.6,0
-3.9,5.1
-2.5,0
-2.5,1.3
-1.4,0
-0.8,0
2.2,5.1
-1.4,7.6
-2.3,0
1.7,0
1.2,0
3.6,0
0.6,0
-2.5,2.5
-3.1,0
-0.3,0
3.4,0
2,3.8
1.7,7.6
0.6,2.5
-1.7,2.5
-3.4,6.4
-3.6,0
-3.6,5.1
-2.8,2.5
-4.5,5.1
-4.8,0
-5,0
-2.5,0
-0.6,0
0.9,0
0.6,0
-0.8,0
-2,5.1
0.3,0
3.1,0
-3.9,12.7
-5,1.3
-4.2,5.1
-3.1,45.7
-0.6,0
0,0
0.8,0
2.5,0
-4.2,5.1
-4.7,12.7
-5,10.2
-4.2,0
-2,27.9
-5.6,0
-6.1,1.3
-4.2,0
-0.9,0
1.1,0
-0.6,0
-1.7,10.2
-1.4,2.5
-1.1,27.9
-2.5,7.6
-3.4,3.8
-4.7,0
-2.5,1.3
-2.5,16.5
-4.8,5.1
-3.1,16.5
-5,0
-7.5,10.2
-6.1,10.2
-6.7,2.5
-2.8,0
-0.9,20.3
-7.5,12.7
-6.9,8.9
-4.2,15.2
-4.8,24.1
-9.8,0
-11.4,0
-9.5,0
-6.4,12.7
-6.7,0
-7.5,0
-12,0
-8.6,7.6
-7.8,16.5
-8.6,0
-6.9,0
-8.4,19.1
-8.6,8.9
-9.2,7.6
-8.6,8.9
-7.8,12.7
-8.9,2.5
-10,0
-11.4,2.5
-15.6,0
-17.5,0
-12.8,35.6
-8.6,0
-5.9,0
-7.2,0
-7.5,0
-4.5,15.2
-2.2,17.8
-1.1,0
-0.3,0
-7.2,0
-5,1.3
-2.8,25.4
-4.5,0
-5.6,0
-10.3,0
-12.5,0
-12.8,0
-12.2,0
-12.5,0
-12.2,5.1
-10.8,0
-12.8,5.1
-12.8,0
-13.9,0
-14.2,0
-10.3,0
-7.5,0
-12,0
-10,0
-6.1,10.2
-11.7,20.3
-8.9,45.7
-7.3,7.6
-8.1,0
-10.3,1.3
-11.7,7.6
-9.7,5.1
-10,0
-6.1,5.1
-6.1,1.3
-11.7,0
-10.9,2.5
-5,12.7
-2.8,22.9
-6.7,0
-4.2,6.4
-5,10.2
-4.7,7.6
-3.7,0
-1.4,15.2
-2.5,7.6
-8.1,0
-10,0
-11.1,0
-11.4,0
-7.5,0
-4.2,6.4
-5.3,0
-6.4,0
-4.7,0
-6.7,10.2
-8.6,5.1
-7.3,7.6
-6.1,14
-8.1,22.9
-6.1,22.9
-5.6,17.8
-7.5,14
-8.1,12.7
-8.4,8.9
-7.2,10.2
-8.4,0
-8.9,0
-11.4,0
-12.5,0
-8.1,0
-3.9,0
0.9,2.5
-7.3,0
-7,0
-8.4,10.2
-8.6,10.2
-9.2,0
-7,0
-5.9,0
-5,0
-5,0
-1.7,0
-1.1,0
0.6,0
2.8,0
1.7,0
-3.4,0
-4.5,0
0.9,0
0.3,0
-0.9,0
-0.6,0
-4.2,1.3
-6.7,0
-4.2,0
-5,15.2
-5.6,15.2
-4.7,10.2
-0.9,0
2.2,10.2
-3.1,0
-3.9,0
-2.5,0
1.1,0
-4.2,0
-1.7,0
-2.8,2.5
-4.2,15.2
-7,0
-13.9,0
-17,0
-13.6,7.6
-7.8,0
-2.2,3.3
-0.9,53.3
-2.2,50.8
-10.6,0
-10.3,0
-8.4,0
-4.5,12.7
-1.9,10.2
-2,0
-10.9,2.5
-14.2,0
-15,2.5
-11.4,0
-10,0
-8.1,0
-3.9,0
1.4,0
2.5,0
2.8,0
-1.4,0
-1.1,0
-4.7,5.1
-6.7,25.4
-5.8,22.9
-8.1,17.8
-7.8,10.2
-8.9,0
-10.8,0
-8.9,22.9
-5.9,17.8
-0.6,0
1.7,0
-1.2,0
-1.2,0
1.2,0
3.9,0
2.2,20.3
-2.5,2.5
-9.5,0
-10,0
-5.9,0
-3.6,25.4
-1.4,0
-0.6,0
-0.3,0
0.9,0
4.2,0
4.7,0
3.4,0
-9.8,0
-9.7,0
-3.9,0
0.3,0
-0.9,5.1
-6.4,10.2
-8.1,7.6
-6.9,35.6
-5.3,11.4
-5.6,15.2
-6.9,20.3
-6.4,11.4
-6.1,19.1
-6.1,3.8
-7,12.7
-7.8,0
-7.8,0
-7.5,0
-5.9,0
-3.9,12.7
-9.2,20.3
-8.6,15.2
-9.8,0
-10.8,17.8
-10.6,31.8
-10.6,12.7
-10.9,0
-15.6,0
-17.2,0
-16.4,0
-8.1,0
-4.8,0
-2.5,2
-3.4,0
-0.9,0
-1.1,50
-3.6,0
-9.5,0
-9.2,8.1
-9.5,0
-7,0
-3.6,0
-1.4,0
-2.5,28.4
-8.4,7.6
-7.8,15
-5.8,8.1
-6.7,32
-8.1,13.2
-7.5,15
-5.9,1
-8.4,17
-7.2,13
-7.5,5.1
-5.9,0
-4.8,5.1
-3.7,32
-8.9,0
-7.8,0
-6.1,0
-1.7,0
0,0
2.2,5.1
-1.4,0
-1.1,0
0,0
-0.9,0
2.8,0
-1.7,0
-3.6,0
-3.1,0
-6.1,18
-5.6,0
-5.9,9.9
-5.6,1
-5,0
-4.8,0
-5.8,0
-5.6,0
-4.2,0
-5.9,11.9
-5.3,3
-4.2,0
-2,0
1.4,0
3.1,0
3.1,0
6.1,0
-5,0
-3.6,13
0,0
0,5.1
-3.6,5.1
-1.7,0
0.6,0
-3.1,0
-2.5,8.1
-4.5,0
-5,4.1
-4.2,0
-6.1,0
-5.3,8.9
-3.1,36.1
-2,22.9
-3.1,0
-1.7,0
-2.5,0
-3.6,0
-3.1,0
-5,2
-6.4,5.1
-11.1,0
-7.5,0
-4.5,0
0.9,0
-5.6,0
-6.4,0
-6.4,0
-8.1,0
-7.5,15
-5,1
-5,8.1
-3.1,0
-2,2
0,2
1.7,0
-2,0
0,0
0.3,0
1.1,1
-3.1,3
-1,3
0.5,0
2,2
-1.5,0
-1.5,0
0.5,1
2,0
-3,15
-1,9
0,4
-1.5,0
1.5,0
-0.5,8
-1.5,10
-3,9
-1.5,0
1,0
1.5,17
-3.5,19
-4,4
-9.5,0
-8.5,2
-8.5,8
-7,5
-4,10
-1.5,0
-6.5,5
-7.5,10
-4,6
-5.5,0
-4,15
-6,49
-3.5,30
-6,29
-6,5
-8,0
-7.5,33
-8,0
-11,0
-11.5,0
-10.5,0
-8.5,0
-8.5,0
-8,2
-8,0
-6.5,12.5
-4.8,8
-2.5,10
-5.5,8
-6.5,0
-7,11
-6.5,5
-8,0
-7,0
-6.8,0
-5,0
-4.8,0
-4.5,0
4,0
5.3,0
6,0
5.5,0
7,0
-2.5,16
-4,8
-5,3
-4.8,0
-3.5,15
-4,0
-8.8,0
-5.8,16
-7,7
-7.5,9
-7.3,0
-5.5,0
-5,0
0.5,0
4,0
9.5,0
11,0
11.5,0
1.5,0
0,0
3.5,0
3,0
2,0
6.5,0
2,3
-1,3
-3.8,0
-4.3,0
0,0
3.5,0
3,0
3.8,0
3.8,4
-2.3,0
-2.8,11
-3,0
-3,0
-1.5,0
-1.3,0
1,0
-13.5,0
-16,0
-17.5,0
-18,0
-16,0
-11.5,10
-4.5,6
-0.5,18
-4,8
-4.5,1
-3,16
-5.5,0
-5,0
-3.5,3
-1,4
-8,12
-11.5,0
-9,13
-7.5,16
-11,1
-15.5,0
-13,17
-7,38
-1.8,13
-4,13
-3,14
-1,8
-4,5.5
-9.5,0
-9.5,0
-9.5,5
-6,0
-3.5,0
-0.5,0
-2.8,0
-9.5,0
-9.5,0
-8.5,0
-6.5,0
-4.3,0
-3,10.5
-5,0.5
-11.8,0
-9,0
-7,0
-5.8,3
-9,59
-8.8,28
-8.5,13
-11.3,2
-6.3,35
-0.5,0
0.3,4
0,0
-4,0
-4.5,0
-3,2
-0.8,0
-2,1
-3,0
-2.8,0
-3.5,1
-3.5,0
-2.3,16
-1.5,18
-7,0
-4.5,1
-0.8,1
-0.8,1
-4.8,0
-7.3,7
-6.5,0
-7.5,0
-6.3,6
-8.8,0
-7.8,15
-5.5,18
-2,5
-0.5,0
1.5,10
-3,2
-2.5,18
-5,13
-6.8,1
-10.8,0
-9,0
-8.8,2.5
-8.5,8.5
-4.5,12
-6,0
-6,0
-7,1
-0.8,0
2,0
1.3,1
-0.5,0
0,2
-5.3,0
-7.8,0
-6.5,0
-6.3,0
-7.5,2
-8.5,0
-10.5,0
-8.8,0
-6.3,0
-4.3,0
-1.8,0
-4,0
-2,24
-2.8,28
-4.3,3
-3.8,0
-4.5,5
-6.8,7
-4.5,5
-6.5,0
-5.8,0
-2.8,11
-2.3,1
-2,0
-0.5,0
0,0
2.3,0
1.3,0
0,8
-3.3,15
-3,0
-2.5,18
1.8,0
-1,4
-0.8,6
-1.5,0
-3.3,0
-3,0
-3.8,4
-3,2
-2.5,5
-5.3,11
-4,0
1.5,0
-2,0
1.8,0
3.5,3
-4.8,0
-7,0
-3.8,0
-5.3,7
-1.5,0
-1.8,7
-4.3,6
-2,15
-0.5,15
-2.8,0
-3.8,2
-3.8,0
-3,0
-1.8,0
3.8,0
6.5,0
3.8,0
0.8,0
-0.3,0
-2,0
2,0
-1.3,7.5
-5.3,3
-4.8,0
-2.8,0
1,0
3,0
3.5,0
2.3,0
-1,3
-1.8,3
-2.3,12
-0.8,10.5
-0.8,0
-0.3,0
0.3,0
1.8,0
6,0
10,0
8.3,0
-1,0
-6.8,0
-6,16
-6.8,2
-8,22
-8,16
-7.3,5
-8.3,0
-9,3
-6,8
-7.3,7
-7.5,2
-5.5,0
-8,0
-9.5,0
-6.5,2
-16.8,5
-21.3,0
-22.5,0
-20,0
-17.3,0
-12.3,3
-7.3,0
-13.5,0
-10,0
-5.5,0
-6.3,0
-4.3,0
-1.8,0
-4.3,2
-3.8,1
-4,7
-5.8,2
-6,0
-9,0
-11.3,0
-8.5,2
-4,1
-4.3,8
-3.5,23
-3.5,0
-8.5,0
-8.3,2
-6.8,7.5
-8,0
-11.5,0
-9.3,7
-10,0
-11.5,0
-9.5,0
-9,0
-14.8,0
-13,0
-8.8,0
-6.8,0
-5.3,4
-6.8,4
-5.8,9.5
-8.5,10
-6,27
-5,9
-4.8,8
-5.5,5
-4,42
-5.3,11
-10.8,1
-10.8,10
-6.5,12
-7,46
-6.3,12
-8.5,4
-11,0
-11,0
-11.5,1.5
-9.3,12
-7,40.5
-3.5,12
-2.3,0
-5.5,0
-8,0
-10.5,4.5
-6.3,0
-4.8,9
-1.3,2
1.3,0
-1,5
-2,1
-3.5,0
0.5,0
3,0
1,0
-3.5,0
-0.5,0
2,16
-3.8,6
-4.8,14
-7.8,1
-2.5,0
-0.5,0
-0.5,0
-1.3,0
2,0
2.8,0
1,0
-3.8,9
-7,0
-9.5,0
-7.5,0
-6.8,2
-7.3,0
-8.3,0
-10,1.5
-10.8,0
-7.3,0
-7,0
-0.8,0
3.8,1.4
0,0
1.3,0
-2.3,19.7
-2.5,24.5
-4,12.9
-5.5,0
-4.8,0
-3.5,0
-5,0
-5.8,6.5
-4.3,2.2
-2.5,7.6
-2.3,2.5
-4.5,0
-2.8,0
-2,2.7
-6,2.4
-2,0
-2.3,0
1.3,0
1.8,0
3.5,0
1,0
-0.3,2.8
-6.3,15
-6.3,1.5
-3.3,26.5
-4.5,0
-3,1.5
-2,0
-0.8,0
0.5,0
-1,5.5
-10,2
-8.3,10
-8.5,24
-6,74
-2,1
-10,1
-8.8,42
-1,1
1,7.5
-1.5,0
-2.8,29
-3,3.5
-8.5,0
-9.3,15
-6.3,26
-4.3,7.5
-2.5,3
0.3,0
-3,0
-3.5,0
-1.5,5
-3,8
-3,0
-4.8,8
-7.3,1
-8.5,0
-13.5,0
-12.8,0
-12.5,6
-16.8,3.5
-18.3,5
-15,15
-9.5,36
-5.8,8.5
-10.5,3
-7,17
-6,4
-4.5,0
-11.3,0
-9,0
-3.5,0
-0.8,4
0.5,0
4.8,0
3.3,0
-3.8,0
-15.3,0
-19.8,0
-18.3,0
-18.3,0
-15,0
-10.3,0
-8.8,0
-5.5,16
-1.5,29
-4.5,9
-3.5,0
-4.3,9
-1,0
-0.8,0
3.5,0
2,0
2.5,0
2.3,0
-2.5,0
-10.5,0
-16.3,1.5
-10.3,9
-6.8,1
-1,4
-1,12.5
-2.8,1.5
-4.5,0
-5.5,0
-4.8,0
-3.3,1
-1.8,2
-1,5
1,5
1.3,3
-1.3,3
-3.3,0
-1.8,4
-1,4
-4,10
-12,0.5
-10.8,0
-6.5,0
-6.3,0
-6.3,0
-4,7
-3.3,10
-8.8,9
-8.5,41
-7.8,10
-10.5,16
-10.3,1.5
-8.3,17
-5.8,8
-6.5,0
-5,2
-3,0
-1,0
-3,8
-6.3,0
-7.3,0
-5.8,3.5
-6,2
-5.5,6
-4.5,9
-7.3,16
-5.8,3
-5.3,0
-4.5,0
-2.3,0
-1,0
-2.5,1.5
-1.5,19
-6.5,3
-6.8,4
-5.3,11
-3.8,1
-3,0
0.5,0
5.5,0
6.3,0
-0.8,5
1.3,0
1,0
0.5,4
-0.5,2
-0.3,24
-3,0
-1.3,0
2.3,0
1,2
-2.3,0
-0.8,0
2.8,0
5.8,0
3.3,2.5
1.3,0
4,0
7.3,0
4.3,0
3.3,0
7,0
9,0
3.3,0
4,0
1.8,0
-0.3,0
4.5,0
4.5,0
4.8,0
6.8,0
7,0
7,0
9.8,0
15.5,0
14.3,0
9.3,0
10.5,0
10.8,0
12,0
12.5,0
11,0
9.5,0
10,0
11,0
7,0
13.5,0
13.5,0
8.5,0
13,0
11.8,0
9.3,0
1.3,0
3.8,0
6.5,0
2.8,0
0.3,7
-2,0
0.3,0
0.8,0
4,0
4,0
2.5,0
3.3,0
1.5,10
-1.5,0
-2.5,0
2.3,0
2.3,9
-1.8,0
-3,0
-1.3,0
3.5,0
1,1
9.8,13
-0.8,2
1.8,0
5,0
3.5,0
-0.3,20
-1,12
-2,16
-3.3,17
-6,0
-5.5,0
-4.5,0
-2.8,0
-4.3,1.5
-1.8,0
-3,3
-3.3,0
-1.8,6
-2.8,5
-2.3,25
-4.5,1
-6.8,0
-5,2
-5.8,5
-3.5,0
-2.3,7
-1.8,0
-6.3,24
-6.8,12
-6.8,15
-9,11
-12.5,15
-11.8,14
-16,9
-19,1
-15.5,0
-8.5,3
-6.3,0
-3,26
-1,30
-1.8,0
-1.8,0
-0.3,3.5
3,0
4.5,0
4,0
0,0
-4.8,0
-5.5,0
-2.8,11.5
0,5
-0.5,5
-2.8,5
-0.8,5
1.8,0
3,5
-2,3
-1.5,13
0,3
0.5,0
1,0
3.8,0
5,0
3.3,0
0.3,0
1.3,2
-0.3,0
-1.5,0
-1,11
-1.3,0
0.5,0
3.3,0
2.8,0
3.8,0
4.3,0
4.5,0
3.3,0
-0.8,3
1.3,0
3.3,0
1.5,0
2.3,0
0,8
-1.3,2
-5.5,0
-6.8,8
-6.8,4
-6.5,10
-5.8,10
-5,0
-4.3,0
-3,0
-1.3,0
-0.8,0
0.3,0
-2.3,0
-4,0
-2.3,0
0,0
-2,0
-14,0
-12.5,0
-6.5,7
-3.5,12
-1,12
-2.5,21
-2.3,17
-1.5,24
-2.5,19
-2.3,7
-3.5,4
-5.3,4
-2.8,0
-1.3,0
-1.5,9
-3.5,1
-4.5,3
-5.8,0
-4.5,0
-2,0
-1.3,0
-0.8,13
-3.5,3
-6,6
-8.5,0
-5.3,0
-4.3,8
-2,0
0.8,0
2,0
1.3,0
0.8,0
0.8,0
-2.3,1
-2.3,9
-4.8,0
-5.3,0
-4,0
-2.8,0
-0.3,0
-1.8,12
-4.3,0
-4.3,19
-4.3,11
-1.5,0
-0.3,0
-1.5,0
-3,10
-3,7
-5.3,40
-4.8,0
-6.3,4
-5.3,7
-6.3,1.5
-5.8,42
-5.5,3
-8.3,1
-6.3,9
-5.3,14
-6.8,6
-7.5,28
-7.8,6
-9,5
-5.3,0
-1,0
1,2
-2.5,0
-1.3,0
1.5,0
6.3,0
-2,3
-1.3,4
0.5,0
2.5,9
-5.3,0
-5.3,0
-3,1
-1.8,8
-0.5,0
3,0
5.3,0
-3.5,0
-3.3,0
-3.5,4
-1.8,5
-0.5,0
-0.3,5
0,0
-0.5,15
-0.3,0
4,0
2.3,0
1.3,9
-1,0
1.3,0
2,0
3.8,0
6.3,0
6.3,0
3.3,0
2.3,0
4.3,0
6,0
4.5,2
1.3,0
1.5,0
6.5,0
8,0
3.3,0
2.5,0
6.3,0
2.3,0
1.5,2
0.5,0
2.3,0
-1.3,0
0,0
2.3,5
2,3
-0.8,1
0.5,3
0.3,12
2,0
2.3,0
1.8,5
1,0
-0.3,7
0.8,6
2,2
0.5,0
1,0
0.8,6
1.5,0
5,0
9.3,0
6.5,0
3,0
3.5,0
5,0
3,0
5.5,0
10,0
12.3,0
12,0
8.5,0
1.5,1
0.8,0
2,0
4.3,0
2.3,0
5,0
7.3,0
8.5,0
7,0
10.3,0
9.3,0
12.3,0
8.8,0
7.5,0
7,0
7.3,0
9.5,0
12.5,0
12,0
14,0
15,0
14.5,0
9.3,0
8.3,0
6.3,0
6.8,0
9.5,0
10,0
8,0
7.8,0
12.5,0
17.3,0
18.5,0
19.3,0
21.3,0
21,0
18.5,0
18.8,0
18.5,0
17.3,0
16.3,0
15.5,0
15.5,0
16.5,0
16.3,0
9.8,0
7.5,0
12,0
16.3,0
10,0
4.3,0
4.8,0
4,0
5.8,0
5.5,0
5.8,0
4.3,0
3.5,0
4.5,0
5.8,0
4,0
5.3,0
11.5,0
15.3,0
16.3,0
7,0
7.3,0
8.8,0
7.3,0
9,0
11,0
16.5,0
18,0
19,0
8.3,0
1.8,0
0,8
-1.5,10
-0.5,2
-1.5,0
-0.5,8
-0.5,0
0.5,4
1,12
-0.3,4
0.3,0
1.8,5
-3.5,7
-3.3,0
-4,0
-1,7
-1.8,5
-2,11
-2,8
-4.3,2
-3.8,0
-3.3,0
-2.8,0
2.8,0
7,0
7.8,0
6.8,0
7.3,0
7.8,0
3.8,0
-3,0
0.3,0
6,0
6,0
7.3,0
3,1
0,23
0,18
-3.3,15
-4.5,7
-1,8
2.3,5
3,0
5,2
1.5,2
2.5,0
3.5,0
3,0
0.5,0
0.5,0
2,0
3.8,0
1,16
-3.5,5
-3,15
-3,8
-4.3,11
-4.5,0
-4.3,8
-4.3,1
-3.5,6
-3,36
-3.5,15
-6.3,7.5
-8,3
-6.3,3
-7.5,0
-8.5,0
-7.3,9
-7.8,0
-6,12
-2.8,23
-5.5,0
-6.5,13
-3,6
-5,18
-6.3,5
-5.8,37
-3.5,30
-4.3,20
-8.8,0
-10.8,0
-6.8,15
-5.5,3.5
-5.8,0
-4.5,0
-0.8,2
1,2
-2.8,9
-6.5,0
-9,0
-8.5,3
-5.8,9
-4.8,3
-7,4
-6.8,2
-10.3,0
-11.8,5
-9.5,4
-12.3,3
-12.5,6
-12,2
-14,1
-16,0
-18.8,0
-17.8,0
-14,5
-5.3,10
-2.8,0
-2.5,0
-2.3,7
-4.8,0
-3,0
-3.5,0
-2,1
-6.8,20
-7.5,11
-8.5,9
-9.5,2
-10,3
-9.8,1
-9.5,9
-8,18
-6,33
-4.8,1
-5.3,54
-5.5,3
-8.5,3
-6.8,5
-5.3,7
-4.3,20
-7.3,5
-5.3,0
-3,0
-9.3,0
-8.8,0
-5.3,0
-5,0
-8.8,0
-14,0
-16,4
-12.3,14
-8.5,18
-6,36
-2.8,22
-1.3,16
-1.8,17
-2.3,16
-4,7
-5.3,19
-2.8,23
-2.8,5
-10.5,13
-9.8,9
-12.3,2
-10.8,20
-7.3,5
-5.5,15
-7.8,5
-5.5,15
-2.5,28
-6.3,5
-3.8,0
-4.8,0
-6.3,0
-4.8,0
-1.5,0
-2.3,0
-3.3,0
-5.8,23
-9,3
-7.3,11
-7,6
-7.5,0
-8.3,0
-7.3,0
-6.3,0
-7,0
-5.3,0
-2.8,0
-0.8,0
1,0
2,0
-4,0
-1.3,2
-4.5,12
-7.8,14
-5.8,10
-6.8,2
-8.3,3
-7,10
-8.5,0
-7,5
-5.8,4
-6,1.5
-5.8,0
-7,0
-7.5,0
-4,0
-2.3,0
-3.5,0
-3.8,16
-5.5,33
-7,41
-8,1
-6.8,2
-6.8,20
-8.3,5
-8,0
-4.8,0
0.5,0
4.5,0
5,0
-2.3,0
-4,0
-0.8,0
0.5,0
-1.3,11
-4.3,5
-5.5,0
-2.5,0
-3.3,0
0,0
1,2
-1.8,2
-0.8,0
2,0
3.5,0
1.3,0
1,0
0,2
2.3,0
3,0
2.3,0
2.5,4
0,0
1,0
3.8,0
4.5,1
0.8,0
3.5,0
6.3,5
-0.3,0
1.3,0
5.3,0
6.8,0
8,0
8.5,0
6.5,0
4.5,0
1.5,0
1.5,0
1,3
1,0
3.8,0
5.5,0
8,0
9.8,0
11.8,0
9.5,0
11.5,0
8,0
12,0
13.5,0
12.3,0
9.3,0
11.8,0
12.5,0
8.3,0
7.8,0
7.5,0
9,0
12,0
11.3,0
6.8,0
1.5,2
3,0
3.3,0
4,0
3.8,0
6.3,0
8,0
9.5,0
9.8,0
9,0
-0.3,4
5.3,3
8.3,0
12.5,0
8.5,0
7.5,0
6.8,1
3.3,0
5.3,0
8,0
12,0
13.5,0
16,0
16.8,0
19.5,0
19.8,0
18.3,0
18,0
9.3,0
6,0
5.5,0
5,0
5,0
5.3,0
10.5,0
16.3,0
16.5,0
12.5,0
7.5,0
5,0
3.5,0
4.5,0.8
4.3,0
7.3,0
7,0
7,0
8.5,0
12.3,0
15.8,0
14.5,0
12,0
13.3,0
15.5,0
15.8,0
12.3,0
9.8,0
6.5,0
5,0
5.3,0
10.5,0
15.5,0
11.3,0
5.5,0
6.5,0
6.5,0
5.3,0
6,0
3.5,2
2,5
2,0
6.3,0
1,0
1.5,0
4.5,0
5.5,0
8.5,0
9,0
8.5,0
6.5,0
5,0
5.5,0
9,0
3,0
-0.5,0
-1,0
-1.5,0
-3,0
-1,0
3.5,0
-0.5,0
-5,0
-5.5,0
-1.5,0
-1,25
-1.8,18
-3.8,2
1.3,0
6.5,0
7.5,0
9.8,0
10.5,0
15,0
14.8,0
9,0
-0.8,12
-5.5,0
-3.8,0
-0.8,0
0.3,2
0.3,0
2.5,7
0,8
1,2
1.8,8
-1,23
-2.5,7
-1.8,0
-4.5,0
-3,0
-1.5,2
-2.3,0
-2.3,0
-6.3,2
-5.5,5
-7,0
-4.5,0
-2.5,0
-4.8,0
-6,0
-4.3,0
-6.5,11
-3.5,2
-7.8,7
-6.5,2
-10.5,4
-12.5,0
-8.3,0
-2.5,0
-3.3,0
-3,5
-1.8,6
-2,12
-3,2
-3.5,5
-4.5,3
-4.8,3
-2.8,36
-2,3
-7.5,0
-9.5,0
-7.8,0
-5.5,0
-4.3,0
-4,0
-0.8,0
-1.8,16
-3.3,3
-5.5,0
-5.3,25
-2.8,24
-3.3,8
-5.5,15
-6,28
-7,0
-8.5,4
-6.3,8
-7.8,4
-8.5,0
-8,16
-6.8,12
-9.5,0
-8,0
-5.5,0
-3,0
1.3,0
0.8,0
-2.3,4
-4.5,14
-4.5,6
-4.3,7
-5.3,0
-4.5,9.5
-2,29
-6.5,0
-5,20
-2,0
-2.5,45
-1.5,4
-3.3,0
-2,0
2.3,0
0,3
-1.5,3
-1,9
-2.5,0
-4.5,0
-5.5,0
-7.8,2
-5.3,10
-3.5,9
-3,22
-2.3,24
-3.8,0
-4.8,0
-3,2.5
-4,1
-3.8,0
-4.5,0
-3,0
-3.3,0
-5,0
-5,0
-4.8,10
-5.8,0
-7.8,9
-6.5,21
-3,38
-2.8,45
-1.3,31
-3,3
-4.3,15
-3,9
-3.8,12
-3,29
-4.8,0
-5.8,46
-4.5,2
-3.8,8
-1.5,0
0.3,4
-2.5,0
-4.8,6
-4.8,11
-6.3,0
-6,0
-5.3,1
-4,0
-1,0
-6.5,0
-5.8,9
-4.5,9
-3,3
-0.8,7
-0.8,5
-2,4
-2.8,0
-2.5,4.5
-4.5,28
-4.3,0
-3.5,0
-3.3,0
-3,0
-2,0
-2.5,0
-2.8,0
-2.5,2
-2.3,1
-3.5,4
-2.8,0
-3,0
-4,21
-5.5,6
-6,7
-1.8,13.5
-4.5,17.5
-3.3,0
-5.3,11
-5.5,0
-4,0
-1,0
0.8,0
1,0
-3.8,0
-5.5,2
-6.8,10
-7,0
-6.5,0
-5,0
-0.8,0
1.3,0
3.3,0
2.3,0
3.8,0
5.5,0
4.5,0
0.5,3
-1.8,0
1,0
2,0
-0.8,8.5
-2,4
-1.5,0
2.3,0
4.8,0
4.3,0
3.3,0
2,0
0,0
0,0
1.5,0
0.5,2
-0.3,10
-2.3,4
-3,2
-2.8,2
0.8,0
2.5,0
4,0
2,0
1.5,0
5.5,0
6,0
6,0
8.5,0
10,0
9.8,0
7.3,0
5.3,0
10.5,0
15,0
13,0
3.5,0
9,0
6,0
4.5,0
2.8,0
3,0
6.3,0
9.8,0
8.5,0
1.5,2
0.5,0
1.8,0
4,0
4.5,0
7.8,0
3.5,0
2.5,0
2,2
1.8,0
0.3,0
2,0
4,0
4.8,0
3.5,5
1.8,0
3.5,0
7.5,0
7.5,0
7.5,0
4.3,0
3.8,0
3.8,0
3.5,0
3.3,0
4.8,0
6.8,0
3,1
2,0
2.3,0
4.3,0
4.5,0
5.3,0
5.8,0
4.3,2
0.8,0
4,0
6,0
8,0
11,0
11.3,0
5.3,0
7.8,0
10.5,0
11,0
7,0
4.5,0
4.8,0
6.3,0
8.5,0
14.5,0
16.5,0
9.8,0
5,0
5.8,0
9.3,0
10.8,0
9,0
14.3,0
16.3,0
14.3,0
10.5,0
9.3,0
9,0
12.5,0
10.8,0
8,0
8.3,0
8,0
9,0
9.8,0
8.5,0
10.3,0
11.8,0
10.3,0
7.3,0
9,0
8.8,0
4.3,0
7.5,0
8.3,0
12.5,0
6.3,0
5.3,0
6.5,0
6.8,0
2.8,0
2.3,2.5
0.3,1
0,0
1.3,8
1.3,0
3.3,0
5,0
5.8,0
5.8,0
5.8,0
-0.5,0
-1.5,0
0.5,0
-2.5,0
2,0
5,0
7.5,0
6,0
4.5,0
2.5,0
-2,0
-1.3,0
-0.3,0
2.8,0
3.8,0
1.5,0
1.5,0
0.5,0
0.3,0
-1,0
0.3,0
1.8,0
-1.8,0
-0.3,0
5.5,0
8.5,0
1.5,0
-1.3,0
-0.5,0
0.5,8
-1.8,1
-2.5,2
-1,5
-0.5,7
0,11
-2,0
-2.8,0
-2.3,2
2,0
4,1
-1,0
0.8,0
3.8,0
2.8,0
-0.3,0.5
-0.3,16
-0.8,11
-1,13
-4,6
-4,10
-5,6
-4.5,0
-5.5,3
-4.8,3
-2.5,12
-3,12
-4.3,11
-4.5,15
-3.3,23
-2.8,30
-2.5,15
-4,2
-4.3,2
-6.3,3
-5.5,0
-7,2
-6.5,4
-5.3,10
-4.8,20
-6.5,3
-4.8,17
-3.8,0
-8.3,0
-12,0
-14.5,0
-9.3,0
-9.5,0
-11.3,0
-11.5,0.2
-10.8,1
-11.3,0
-9.3,20
-7.8,4
-6.5,2
-7.3,4
-6.3,0
-5.5,20
-5.3,1
-7.5,0
-11.3,0
-14.8,0
-13,0
-12,0
-19.5,0
-25.5,0
-24.3,0
-25,0
-23.8,0
-16.3,0
-10,8
-8.5,0
-12.3,0
-10,0
-5.5,10
-3.3,6
-3.8,0
-2.8,29
-0.3,6
0.5,0
-2.5,3
-0.8,0
-0.8,6
-2.5,1
-2.3,7
-3.5,2
-6.5,0
-7,0
-11,0
-9.5,0
-7,0
-9.3,0
-10.3,0
-10,0
-9,0
-7.5,10
-6.3,31
-5.8,4
-3,4
-1.3,6
-4,2
-3.3,1
-1.3,0
-1,0
-0.8,0
1,0
3.3,0
-4,0
-2.3,0
2.3,0
6,0
5.5,0
-1.8,0
-1.8,7
-1.8,23
-4.5,14
-5.3,17
-5.8,20
-4,9
-6,10
-7.3,9
-7.5,0
-7.8,0
-5.5,0
-5,1
-2,37
-2.8,16
-7.5,4
-8.5,14
-7.8,5
-6.3,5
-8.5,1
-7,6
-4.8,12
-4.8,7
-5.5,5
-5.8,14
-6,0
-5,0
0,0
4,0
4,0
2.5,0
3.3,0
2,0
-0.8,1
-4,6
-3.8,2
-4.8,3
-4.8,3
-3.5,1
-3.5,0
-5.3,9
-4.8,0
-2.5,7
-1,5
-4.3,2
-3.8,8
-5.8,4
-3.8,6
-5,2
-4.8,0
-3.3,5
-4,1
-2.8,0
-0.5,0
0.8,0
-2,1
-4.5,4
-4.5,10
-4,1
-4.8,2
-7,7
-5.8,9
-6.3,5
-6.8,25
-6.3,7
-6,9
-5,4
-2.8,0
2,0
2.3,3
-3.3,3
-5.5,0
-3.3,0
-3,3
-3.5,1
-3.3,10
-5.5,14
-8.5,0
-8.5,0
-5.8,0
-2.3,0
-1.3,0
-2.8,0
-2.8,0
-4.3,0
-2,23
-5,15
-5.3,0
-5,4
-4,0
-1.8,0
0.5,4
-2.5,4
-4.8,4
-2.3,6
-2.8,7
-1.5,5
-0.3,12
-2.5,0
-2.3,0
-2,1
-2.3,0
-0.5,1
-1.3,12
-3.5,3
-3.8,0
-3.5,10
-3,2
-3.3,0
-2.5,12
-0.5,0
2.5,0
6.3,0
-0.8,2
-2.5,0
-1.5,0
0.3,0
-0.3,3
1.3,0
2.5,0
1.8,0
1,0
-0.3,1.5
2,0
4.5,0
6.5,0
8.5,0
10,0
9,0
6.3,0
2,0
1.8,0
-1,0
3,0
6.5,0
8.8,0
8,0
6.5,0
7.8,0
6.5,0
3.5,0
2,0
3.3,9
-1,5
0.8,0
3.8,0
4.8,0
5.5,0
4.8,0
3.8,0
2.5,0
4.5,0
4.5,0
6.3,0
8,0
7.3,0
7.8,0
2.5,0
6.3,0
9.8,0
11,0
11.8,0
11.3,0
7.3,0
1.8,5
7.8,0
8.8,0
12.3,0
15.5,0
16.8,0
9.5,0
7.8,0
9.5,0
11,0
14.3,0
15.3,0
13.3,0
11.3,0
9.3,0
8.5,0
7,0
4,0
7,0
13,0
9.8,0
10,0
10.5,0
7,0
6.3,0
6.5,0
9,0
10.5,0
6.5,0
5,0
5.8,0
8.8,0
11.5,0
6,0
6.5,0
5.5,0.2
1.8,0.5
1,0
4.5,0
2.8,0
1.8,0
5.8,0
9.5,0
4.5,0
2.3,2
0.5,0
0.5,0
5,0
3.5,0
2.3,0
0.5,3
0.5,0
4.5,0
10.3,0
5,0
1.5,0
5,0
8.3,0
8,0
2.3,2
-0.3,1
-0.8,0
-1.5,0
-1,0
-1,0
-2,0
0.8,0
3.8,0
6.3,0
6.5,0
-6.3,2
-6,17
-5.8,8
-5,43
-4,0
-6.8,0
-4.8,0
-3,0
-3.5,9
-2.8,7
-5,10
-6.5,0
-5.3,0
-2.5,36
-4.8,14
-8.8,6
-8.5,5
-8.3,35
-6.3,21
-4.5,1
-8.8,17
-8.8,0
-10,0
-9.8,0
-6,0
-0.8,0
0.5,0
-1,29
-3,50
-7,0
-7.5,10
-10,2
-10,6
-8,0
-6.8,59
-5.3,14
-10.3,2
-15,0
-16.3,0
-12,0
-7.5,8
-8.3,4
-9,1
-7.3,0
-8,0
-6.5,0
-4.5,2
-9.8,6
-15.3,7
-15.8,3
-16.3,17
-14.5,0
-5.8,0
-0.5,0
3,0
3.8,0
2.8,0
-1.3,0
-1,0
-0.5,0
-0.5,0
-1.3,0
-0.8,0
0,1
-0.5,0
0.3,0
-3.5,4
-0.5,0
0,0.5
1.8,1
2.3,0
-0.3,5
-1,0
0.5,0
3.3,0
5.5,0
3,0
-2.3,0
-2.5,0
-7.5,0
-8,0
-11.8,0
-9.5,0
-10.5,4
-10.5,3
-12.5,0
-13.8,0
-11.3,1
-10.3,2
-10,18
-10.5,3
-13.3,3
-12,14
-9.3,13
-5.8,14
-8.5,1
-4.3,3
-3.3,11
-8.5,3
-8,2
-6.8,0
-5.3,12
-6.3,5
-6,0
-4.5,0
-2.8,0
-2.5,3
-5.8,0
-6.8,0
-4,0
-0.5,0.5
-3,0
-8.3,0
-8,0
-7.8,2
-7.8,5
-7.8,6
-7.5,0
-6.8,0
-5.3,0
-5,0
-4.5,0
-3.8,0
-4.3,0
-2.3,0
-3.8,0
-2.8,0
1.3,0
0.8,0
0.3,0
-5.8,5
-6.3,6
-8.5,2
-7.8,8
-7.3,19
-8.3,7
-8,3
-9.3,0
-7.3,0
-5.3,1
-5.8,11
-4.5,3
-1.3,4
0.8,2
-0.8,4
-6,1
-4.8,0
-3.5,0
1,0
3.8,0
5.3,0
6,0
4,0
-0.3,0
0.5,8
-0.5,0
-0.3,0
0.8,0
-0.8,0
-4,10
-6.5,2
-8,0
-8,0
-7,3
-6.3,16
-5.8,2
-5.8,0
-7,4
-4.5,32
-3.5,1
-6.3,4
-6,0
-1,0
7.5,0
6.8,0
7.3,0
3.5,0
1.3,1
1.8,0
1,8
-0.3,0
2.3,0
6.3,0
5,0
4.5,0
2.8,0
2,0
2.5,0
5.3,0
15,0
16,0
14.8,0
5.5,0
6,0
3.5,0
-0.3,0
2,0
6.5,0
7.5,0
5.8,0
6.5,0
2,0
4.8,0
8,0
13,0
13,0
6.8,0
11.3,0
12.8,0
14.5,0
16.3,0
9.8,0
10.8,0
10.5,0
13,0
13.5,0
12.5,0
11,0
13,0
14.5,0
18,0
17.3,0
17,0
13,0
11.8,0
11,0
14,0
16.3,0
14.3,0
17.8,0
18,0
19,0
16.5,0
10.5,0
9.3,0
9,0
8,0
7.8,0
9,0
4.5,0
7.8,0
2.5,0
6.8,0
8.8,0
10,0
11.5,0
13.8,0
12.3,0
12.5,0
11.3,0
6.8,0
6,0
6.8,0
9,0
9.5,0
12.8,0
12,0
6.5,0
6,0
4.3,0
5.8,0
5.8,0
7.8,0
8.3,0
5.5,0
3,5
-2.5,3
-1.3,1
1.5,0
3.5,0
7,0
5.5,0
2.5,0
1.5,2
2,0
0.8,0
1.8,0
0.5,0
2.5,0
3.5,0
4.3,0
2.8,0
4.8,0
5.8,0
8,0
11.3,0
5,0
2.5,0
6,0
8.5,0
8.3,0
3,0
2.3,0
5.8,0
4,0
3.5,0
-2.3,0
-5,0
-5.3,0
-4.5,0.5
-2,26
-3.8,0
-3,0
-1,1
0.5,0
2.3,3.5
-2.5,2
0.5,0.5
-1,19
-1,3
-3,21
-4.3,18
-4.5,0
-4.8,0
-3.3,3
-4.5,8
-4.5,28
-4.5,20
-6.8,0
-6.8,15
-6.8,8
-5,6
-1,3
-1.8,7
-2.8,2
-7,0
-7.3,0
-5,5
-8.3,0
-13,2
-17,0
-13.8,0
-2,1.5
-9.3,2
-12.8,0
-14.5,1
-19,0
-23.3,0
-21.5,0
-15.8,0
-16,2
-23,1
-24.3,1
-24,0
-19,0
-21,0
-17,0
-15,4
-11.3,11
-4.5,12
-3.3,11
-2.5,7
-4.5,4
-5.8,11
-4.3,0
-3.3,0
-5.3,0
-1.5,0
1,0
-2.3,0
-4,0
-3.3,5
1,0
1.5,0
2.5,0
5.8,0
6.5,0
2,0
3,0
5,0
8,0
7.5,0
0.8,0
2.5,0
0.8,1
-4,0
-3.5,0
-6.8,3
-6.8,2
-9.8,4
-6.8,0
-4.3,6
-3,5
-2.5,0
-3.5,14
-3.3,5
-0.5,25
-1,0
0.3,0
1.3,2
-2,4
-3.5,14
-4.3,17
-2.8,33
-2.8,19
-5,0
-8,3
-6.5,12
-5,16
-4.5,1
-4.8,0
-1.3,0
0.5,23
-2.5,5
-4,2
-3.5,2
-0.8,3
-0.8,3
-3.5,13
-4.8,0
-3.5,0
-5.3,2
-6.5,0
-6.8,0
-4.5,0
-0.3,0
-1.3,0
-6.5,0
-10.3,0
-12.3,0
-12.5,0
-10.5,7
-10.5,35
-14.5,1
-17.3,1
-17,1
-16,0
-10.8,4
-11.3,4
-7.8,10
-2,32
-0.5,26
-0.5,2
0.5,0
1.5,0
0.3,0
-1.8,0
1,0
-0.3,0
1.5,0
-0.5,6
-4,5
-4.5,3
-3.8,5
-3,12
-4.3,8
-5.5,4
-5.3,0
-4.8,0
-4,0
-4.8,2
-3,0
1.3,0
-0.8,15
-4.3,2
-4.5,0
-3.8,21
-5,3
-5,2
-3.8,20
-1,10
-3.8,4
-4,4
-5,0
-4.5,0
-3.8,0
-3.5,6
-2.8,0
-3.3,0
1.8,0
6,0
0.8,0
-3.3,0
-7.3,2
-6,3
-4.5,3
-4.5,0
-5,5
-2.5,3
-4.3,5
-4.3,4
-3.5,4
0.5,0
0.8,2
-4.8,1
-7.3,0
-7.8,9
-5.3,0
-5.5,1
-4.8,0
-4.5,0
14,0
10.5,0
11,0
8,0
6.5,0
5,0
3,0
4.3,0
6,0
7,0
6.8,0
9.5,0
11.3,0
10.3,2
-1,5
0.3,0
3,0
1.8,2
0.8,2
1.8,0
3.3,0
5.3,0
9,0
7.5,0
8.3,0
8.3,0
10.3,0
11.3,0
5.3,0
6,0
4.3,0
4.3,6
-0.3,2
1.8,0
4,0
7.8,0
9.5,0
7.5,0
6,0
3.8,0
5.5,0
4,0
3.3,0
3,0
3.3,0
6.5,0
9.8,0
12,0
12.8,0
10.8,0
8.5,0
5.3,0
4.8,0
10.3,0
12.5,0
10.8,0
10.3,0
12.5,0
7.8,0
10,0
9.8,0
4.8,0
8,0
3.5,1
0.5,0
1.8,0
3,0
1.5,0
2.8,0
2.3,0
3.3,0
4.5,0
5.8,0
6.5,0
5,0
3,2
1.5,0
-1,0.5
0.5,0
1,0
1.3,8
1.5,1
0.8,0
1.5,0
1.8,0
3,0
10.3,0
11.8,0
7.5,0
6.8,0
6.3,0
5,0
10.5,0
10.3,0
9,0
9,0
10,0
5,0
4.5,0
7.5,0
8,0
6.3,0
8.3,0
8.8,0
5,0
3.3,0
3.5,4
0.8,1
0.3,0
0.5,0
-6.5,0
-6.5,0
-5,0
-1.5,7
-4,0
-1.5,0
-2.3,0
-4.3,0
1,0
2.8,0
-1,11
-5,0
-5,15
-3.8,19
-4,0
-3,0
0.3,0
-0.3,0
-2.8,1
-3.5,19
-1.8,35
-1.3,21
-3.5,14
-5.8,0
-5,9
-4.5,7
-2.5,1
-2,10
-2,7
-3.8,0
-5,14
-5.5,10
-4.5,39
-4.3,19
-5.3,0
-6.8,0
-5,0
-4.8,0
-3,0
-1,16
0.5,0
1.3,40
-4.5,14
-10.8,1
-12.3,0
-9.5,0
-4.5,0
-1.5,0
-6.3,0
-4,0
-1,0
1.8,0
-1.8,0
-3.8,8
-5,7
-6,5
-6.8,11
-5.3,60
-4.5,4
-4.5,23
-5,11
-6.5,11
-6.8,0
-6.3,0
-4,10
-2.3,22
1,4
1.5,0
4,0
1.5,1
2.3,3
0.5,2
-0.5,9
-2.5,3
-2.5,11
-4.5,0
-5.8,6
-4.5,9
-7,3
-6.3,0
-3.3,0
-5,0
-4.8,1
-6.5,1
-7.8,0
-9.8,0
-6.5,0
-6.5,8
-9,6
-10.3,5
-8,12
-4.8,30
-0.8,20
0.5,0
0,41
-4.5,0
-4,0
-2.5,1
-2.8,5
-2.8,8
-2.3,11
-1.5,18
-2.5,8
-3.3,0
-2.3,2
-4.8,9
-4.5,8
-5.5,1
-4,2
-5.8,0
-4,0
-3,0
-2.3,0
-2.5,0
-3.8,9
-6,0
-5.8,0
-3.5,0
0.8,0
3.5,0
3.3,0
5,0
6.8,0
2.8,0
0.3,0
-0.8,2
-2,10
-4.5,12
-4.3,3
-3,15
-3,5
-4.8,7
-5,2
-3.3,13
-1.5,3
-3.3,29
-2.8,6
-5.8,0
-6.8,1
-6.3,0
-3.8,4
-1.3,0
-1.8,0
0.8,0
-2.3,0
-1,0
4,0
10.5,0
9.3,0
6.5,0
3.8,2
5.3,0
9.3,0
11.8,0
10.5,0
8.3,0
11,0
15.8,0
16.8,0
14.8,0
10,0
9,0
8.8,0
5.8,0
7.3,0
5.8,0
6.8,0
5.8,0
7.5,0
6.8,0
3.8,0
6.5,0
11.5,0
12,0
12.8,0
13.3,0
12,0
11.5,0
8.5,0
9.3,0
12.3,0
16.8,0
-4.5,24
-3.8,14
-4,15.2
-5.3,10
-4.8,32
-2,38
-5.8,4
-5.3,30
-4.8,40
-5.5,2
-9,0
-7,0
-6.8,13
-8.3,3
-9,0
-9,0
-7.8,5
-8.8,0
-9.3,4
-8.5,13
-8.3,0
-9,0
-7.5,0
-3.3,0
1.5,0
1.8,0
-4.5,0
-4.5,5
-8.5,3
-11.8,0
-10.8,0
-7,0
-4.5,0
-6.3,0
-5,0
-7.3,0
-6,0
-6.5,0
-7.3,3
-5.5,5
-7.5,0
-8.8,1
-7.8,3
-5.3,31
-3,23
-7.3,18
-8,8
-9.8,2
-8.8,1
-7.3,14
-5,0
-4.8,20
-4.5,1
-6.3,0
-5.8,0
-2.5,0
0.3,0
0,18
-3,15
-5,8
-14.3,0
-15,0
-14.8,0
-12.5,3
-10.5,0
-5.3,0
-4,0
-4,3
-4.8,1
-6.3,0
-4.5,5
-3.3,5
-1.5,0
-2.8,20
-5.8,2
-5.8,11
-7,0
-8,2
-5,1
-3.3,0
0,0
6,0
-3.5,0
-3.3,0
1.5,0
2.5,0
1,0
0.8,1
2.8,0
2.8,0
0.8,0
0.8,1
-3,10
-4.8,6
-5.8,8
-7,19
-5.8,1
-4.8,12
-4,10
-6.5,3
-7.5,0
-5,0
0,0
0.8,0
-7,0
-5.3,0
-0.8,0
1.5,0
2.3,0
-1.8,11
-2.8,29
-6,8
-6,23
-4.8,13
-7.5,11
-5.5,30
-7.3,5
-8.5,0
-8.3,6
-5.8,0
-4.8,1
-2,0
-1.8,5
-3.3,37
-6,5
-7.8,20
-6.3,71
-4.3,17
-8.8,4
-6.5,0
-2,0
2.5,0
2.5,0
5.3,0
5.3,0
7.3,0
9,0
2.5,0
2.5,0
0.3,0
2.8,0
4,0
4.3,0
0.8,2
-1.5,7
-5,3
-2.3,0
0.8,0
1,0
0.3,12
-4.5,7
-5.3,3
-9.5,0
-9,3
-6.3,3
-5.3,3
-1.8,0
0.8,0
0.8,18
-3.5,0
-1,0
2.3,9
-1,9
-2.3,3
-2.3,1
-0.3,0
-0.3,0
-0.5,0
-1,1
-1,28
-8.3,0
-7.3,0
-2,0
6,0
6.3,0
-4,5
-9.5,8
-8.5,4
-7.5,7
-8,4
-10,9
-10.3,1
-10.5,0
-10,3
-8.8,0
-7,3
-5.5,37
-4.8,10
-10.8,0
-9,0
-5.5,15
-4.5,33
-9.3,0
-10.8,0
-13.3,0
-13.3,1
-11,12
-7.5,6
-10.3,0
-7.8,4
-6.5,23
-10.3,2
-10,13
-8.3,25
-4.5,10
-5.5,14
-6.8,0
-4.8,6
-3,2
-9.3,3
-11,0
-12.5,2
-9,2
-5.5,0
-2.3,6
-6.3,0
-4,7
-1.3,0
1.5,0
-16.3,12
-25.8,0
-27,0
-19.5,0
-12.8,0
-8.5,0
-7.3,0
-4.3,0
-1.8,0
-2.3,0
-5.8,0
-7.5,0
-8.5,0
-8.8,0
-8.8,13
-15.3,2
-10.3,17
-8,2
-3.3,0
-4.8,0
-2.8,15
-1.8,31
-5.5,7
-7.5,0
-6.3,0
-7.5,0
-6.8,4
-13.3,5
-20,0
-17.3,0
-11.3,0
-8,4
-4.3,22
-6.8,4
-8,16
-6.5,11
-3.5,21
-2.3,17
-2.5,35
-4.3,20
-5.5,2
-6.3,0
-7,2
-8,6
-5.5,3
-6,2
-5,0
-3,4
-4.5,12
-5.5,4
-5,0
-3.8,6
-3,6
-4.5,17
-5.3,13
-6.5,2
-4.8,0
-6.5,13
-6.3,4
-6.8,12
-7.3,3
-7,13
-4.3,13
-2.5,6
-1.5,0
-2.3,0
-3,0
-0.8,0
1.8,0
3.3,0
4.3,0
6.5,0
7.3,0
1,0
-1,0
1,0
3.3,0
2,0
1,4
-4,0
-2.5,0
0,0
1.5,0
3,0
1,0
2.3,0
5,0
8,0
8.3,0
2.5,0
4.3,0
3.5,0
2.8,0
4.3,0
7.3,0
7.5,0
5,0
8.3,0
8.3,0
9.5,0
14,0
12.5,0
12.8,0
8.5,0
5.5,0
6.3,0
7.8,0
9.3,0
7.3,0
3.8,0
7.5,0
6.5,0
10.3,0
13.5,0
16.8,0
9.3,0
8.5,0
12.3,0
12.3,0
13.3,0
6,0
4.5,0
7,0
10,0
13.3,0
15,0
15.5,0
14.8,0
9.3,0
6.8,0
7,0
11.3,0
7.5,0
3.5,0
4.8,0
7.3,0
9.8,0
12.3,0
10.5,0
7.8,0
6,0
3,0
5.5,0
8.8,0
9.3,0
9.3,0
9.3,0
9.3,0
10.3,0
9.8,0
5.8,0
-2.3,4
-5.3,0
-4,0
-0.8,2
1,8
-3.8,11
-6.5,14
-7.5,2
-7,3
-5.3,1
-2.8,0
-2,0
1,0
1.5,3
0.3,4
0.5,0
-2.3,3
-3,5
-2.5,32
-4.5,6
-6,0
-4.8,0
-3.8,0
0,0
3.3,0
6.5,0
0.5,0
1.3,0
-1.3,0
-7.3,0
-5,0
-4.5,1
-1.3,4
0.8,0
-0.8,0
1.8,0
3.8,0
3.3,0
-1.5,3
-3.3,0
-2.5,0
-0.5,0
-3,15
-7.5,2
-9.3,7
-6,10
-3.5,2
-3.3,28
-3.3,9
-4.3,24
-4.3,19
-9.5,0
-4.5,8
-1.5,1
-1.5,3
-2,0
-4.5,2
-6.3,0
-5.8,0
-3,0
-2.8,0
-2.8,0
-2.5,14
-5.8,11
-7.5,5
-6.5,33
-6.5,8
-10.8,13
-7.5,12
-6.8,23
-11,12
-10,6
-12,1
-8.3,10
-6.3,73
-6.5,3
-8.3,32
-8.3,13
-11,9
-10.8,11
-8.8,4
-5.3,19
-2.3,28
-10.3,15
-14,0
-18,0
-15.5,14
-12.8,10
-17.8,0
-15.5,0
-7.8,0
-6.8,9
-5.5,10
-1.5,0
1,0
3,0
0,0
-3.5,0
-1,0
0.8,0
2.3,0
1.5,0
1.8,0
-1.8,6
-1.5,2
-3.5,19
-4,28
-4.8,23
-9.8,9
-8,38
-7.8,2
-8.8,0
-8.3,0
-7.5,9
-5,0
-2.8,0
3,2
1,0
0.5,0
0.5,4
-2,0
-2,0
-10.8,0
-8,0
-6,0
-1.3,0
1.8,0
0.5,0
2.5,0
3,0
2,0
1,0
2.8,0
0,0
-0.3,0
2.3,0
4.3,0
4,0
2.3,0
-1.3,0
-3.5,0
-0.5,0
0.8,1
-0.5,0
0,0
2.5,0
5,0
5.8,0
2.8,0
0.5,3
0.3,0
2.3,0
-0.3,2
0.3,2
0.5,3
-4,9
-3.5,2
-2.8,2
-4.3,22
-3.5,0
1,0
4.8,0
2.5,0
4.5,0
8,0
7.3,0
5.5,0
6.5,0
10,0
10.3,0
14.3,0
18.3,0
17.3,0
13.8,0
15,0
14.5,0
11.3,0
11.3,0
12.8,0
14.5,0
16.5,0
17.5,0
13,0
8.8,0
11.5,0
12.3,0
15.3,0
17.3,0
18,0
17.3,0
18.5,0
15.5,0
9.8,0
9.5,0
12.3,0
16.3,0
16,0
12,0
12.3,0
15.3,0
17.3,0
18.8,0
16.3,0
17.8,0
15.3,0
11,0
10,0
7.3,0
9,0
10.8,0
13.3,0
16,0
16,0
8.8,0
4.3,0
3.5,0
4.5,0
6,0
8.8,0
10.3,0
8.3,0
4.5,0
3.8,0
5.3,0
5.3,0
7.8,0
10.8,0
13,0
13.5,0
15.3,0
13,0
13.3,0
13.3,0
12.8,0
7.8,0
10.5,0
12.5,0
9.3,0
5.3,0
5.5,0
7,0
8.3,0
11,0
13.8,0
15.3,0
14.8,0
14,0
13.8,0
10.3,0
10.8,0
12.3,0
6.8,0
5.8,0
-6,3
-3.3,13
-2,18
-5.3,0
-7,3
-6.3,10
-9.3,2
-6,9
-3,31
0,4
-4.8,6
-8.8,0
-9.3,9
-7,3
-6,45
-7.8,5
-10.3,0
-9.3,8
-7.8,22
-4.3,86
-5,21
-5.3,0
-2,0
-1.5,33
-3,15
-4.3,13
-5.5,7
-8.5,0
-9.5,6
-9,5
-7.5,32
-7.5,5
-8,6
-5.5,0
-16.5,0
-16.8,0
-10.8,0
-8,0
-7.5,0
-5.3,0
-6,1
-8.5,0
-22.8,0
-17.3,4
-11,24
-6.5,3
-9,0
-9,0
-8.5,0
-8.3,0
-10.5,0
-10,7
-7.5,7
-7.3,10
-5.3,7
-3,11
-2.5,42
-2,9
-2.8,4
-2.5,12
-3.8,2
-2.5,0
-1,2
-2.3,0
-4.3,0
1.3,0
1.8,0
0.5,0
-3.8,0
-9.8,0
-10.3,0
-8.3,0
-8.3,0
-10.3,0
-10.3,0
-4,0
-3.5,75
0.5,2
1.8,0
2.3,0
-0.3,5
-2,0
-0.5,0
1.5,0
0,0
-4,0
-5,0
-3.3,18
-2,0
-5.3,1
-5.5,0
-3.5,0
-0.3,0
3,0
2.8,0
3.3,0
3.8,0
-9.3,1
-11.8,56
-10.5,11
-4,16
-10.5,0
-12,1
-8.5,0
-7.8,0
-8.5,9
-7,17
-8.3,5
-9,4
-6,1
-7,3
-6.3,0
-6.5,0
-6,0
-4.3,0
-1,5
-2.8,0
-3.3,0
-4,9
-8,6
-7.3,1
-5.5,0
-10.3,0
-7,0
-4.3,1
-4,0
-3.3,0
0.5,0
1.8,0
-0.8,9
-3.5,8
-5,52
-3.3,9
-4.3,6
-6.3,11
-5.8,2
-6.8,8
-6.3,1
-6.5,0
-0.8,0
3.5,0
0.8,0
-0.5,0
1,0
1.8,0
6,0
4.8,0
5.5,0
5.5,0
0,0
-1.3,10
-4,1
-3.5,0
-3,0
-3.3,3
4,0
-3.5,23
-5,8
-8,0
-5.3,0
-2.8,6
-1.8,10
-5.8,4
-5,4
-4.8,0
-4.8,3
-8,0
-5.3,0
-4.8,0
-4,1
-3.3,4
-2.3,5
-2.3,27
-4,19
-5.5,11
-4.5,27
-6,2
-6.5,19
-6.3,17
-6.5,0
-8,0
-5,0
-1,0
-0.3,0
-0.5,4
-3.3,8
-8,1
-5,9
-3.3,0
-2.8,0
-2.8,4
-2.8,0
-2,7
-0.8,11
-0.5,0
0.5,3
-2.8,1
-4,0
-3.8,10
-3.8,33
-6,0
-6,20
-5.5,9
-9.8,0
-10.8,0
-7.8,0
-3.3,1
-0.5,24
-3.5,17
-5,2
-6.8,1
-5.3,0
-2.5,5
-1.3,19
-3.8,0
-0.5,0
2.5,0
1.8,0
-2.5,23
-6,16
-5.3,34
-3.3,53
-1.8,9
-3,7
-3.8,15
-3,34
-3,20
-2.8,67
-2,25
-1.8,19
-3.3,13
-3,12
-0.5,0
1,0
-1.3,0
1.3,0
1.3,0
-2.5,0
-3.5,0
-2,1
0.5,4
-0.5,5
-2,11
-2,3
-4.8,7
-5.8,2
-6,45
-7,20
-8,0
-6,6
-3.8,31
-5,1
-4.5,10
0.3,0
5,0
8.3,0
7.5,0
5,0
-0.8,1
-1,5
-0.5,0
-0.8,0
-2.3,20
-1,6
-1.3,0
-2.5,0
-0.5,0
3,0
3.3,0
3.3,0
5,0
5.5,0
6,0
5,0
0.8,0
-1.5,0
-1.3,0
-0.3,0
0.3,0
2.3,0
2.5,0
3.3,0
3,0
3.5,0
4.8,3
-5.3,0
-4.8,0
-0.8,0
3,0
3.5,0
8.3,0
7.5,0
-1.8,2
-5.3,9
-6.5,12
-7.3,0
-6,0
-5,0
-3.3,0
-3.5,0
-2,5
-0.3,0
0.3,0
0.8,0
1,0
0.5,7
-1,0
-1,0
1.5,6
-1.8,0
-3.3,2
-4.8,4
-3,0
0.5,0
5,0
7.5,0
6,0
8.5,0
6.5,0
4.3,0
3,0
4,0
9.5,0
3.8,0
1.5,0
4.3,0
7.5,0
7.3,0
6.5,0
10.8,0
9,0
9.8,0
13.5,0
16.3,0
15.8,0
16.3,0
16.8,0
14,0
14,0
14.8,0
7.3,0
5.8,0
8,0
5.8,0
6.3,0
8,0
4.5,0
5.3,0
5.8,0
6.8,0
9.3,0
8,0
9.5,0
9,0
7,0
6,0
10.3,0
14.8,0
14.8,0
17,0
15.8,0
13.5,0
8.5,0
8.8,0
11.8,0
9.8,0
9.8,0
10,0
11.3,0
12.5,0
14.5,0
17.3,0
18,0
16,0
11,0
14,0
11,0
10,0
6.5,0
4.5,0
2.3,2
5.3,0
11,0
16.3,0
19.8,0
19.5,0
15.3,0
14.3,0
15.8,0
17.8,0
17.8,0
15.8,0
12.5,0
11,0
4.8,0
6,0
8.5,0
10.8,0
11,0
10.3,0
7.8,0
8.8,0
7.5,0
8.8,0
8.5,0
8.5,0
8,0
1.8,0
0,0
0.8,0
1,0
3,0
6.8,0
8.8,0
7.3,0
1,0
-2.8,0
-2.5,0
-1.8,0
2.8,0
2.8,0
5.8,0
5.3,0
6.3,0
8.5,0
11.3,0
4.8,0
1.8,0
0,0
0.8,2
2.5,0
8,0
11.5,0
14,0
-4.3,0
-0.3,0
-0.8,0
-0.5,5
-5.5,0
-6.5,27
-6.8,0
-7.8,0
-8.8,0
-4,0
-0.3,0
-2.5,0
-5,2
-5.5,18
-6.8,12
-8.3,1
-10,0
-9,0
-7.3,1
-4,3
-6.5,0
-10,6
-9.5,8
-12,0
-10.3,3
-9.5,16
-7.3,0
-6.8,5
-5.8,0
-3.8,0
-3.8,0
-5.5,10
-7.5,0
-12.8,2
-21,15
-16,2
-14,0
-12,0
-12,0
-12.3,8
-12.5,14
-16,0
-15,0
-10.8,0
-5.3,0
-14.8,0
-13.3,0
-11.5,0
-12.8,0
-11.5,0
-16.3,0
-10.3,0
-8,0
-6.8,0
-5.3,0
-5,2
-7.3,16
-4.8,32
-8.5,6
-11.8,1
-8.5,8
-5.8,49
-2.8,3
-3.3,59
-1.3,16
-2,0
-0.8,0
3.3,0
3.5,0
-1.5,0
0,0
1.3,0
2.8,0
0.8,1
-0.5,0
3.3,0
-1,0
-2.3,6
-3,0
-3,0
-3,0
-4.5,0
-7.8,0
-14.8,0
-14,0
-12.5,0
-12.5,0
-14,1
-14.5,6
-13,0
-11.3,0
-15.8,0
-10.5,0
-8.3,0
-7,0
-2.3,0
-1.3,0
-4.8,7
-4.5,11
-3,39
-2.5,23
-2,0
1.3,0
2.5,0
-1.5,0
-2.8,0
-4.8,0
-5.5,0
-1.5,0
-2,3
-5.5,9
-6,1
-6.8,8
-5,29
-7,0
-5.5,4
-3,10
-2.5,13
-1.8,43
-4,9
-6,0
-5.3,0
-4,2
-4.3,0
-3,0
-4,0
-4.8,4
-3.5,1
-0.8,5
-2,3
-2.5,7
-5,0
-4.8,3
-3.8,4
-3.5,21
-2.3,27
-3.3,5
-2.8,0
-1.8,5
-3.5,1
-4.3,4
-2.8,0
-1.5,2
-3,12
0.3,8
-3,0
-0.3,0
2,0
0.3,2
-0.8,0
-1,2
-1.3,7
4.8,0
6.5,0
6.3,0
4.5,0
6.5,0
5.5,0
6.8,0
5.8,0
3,0
6,0
4.3,0
4.5,0
6,0
7,0
9.8,0
8.8,0
5,0
2.8,0
2.3,0
3.8,0
6.5,0
11.8,0
14.3,0
14,0
16.8,0
17,0
15,0
11.8,0
8.5,0
5.8,0
6.8,0
8,0
9.8,0
8.5,0
7,0
10.8,0
10.3,0
9.8,0
12.3,0
14.5,0
14.5,0
8.3,0
7,0
2.8,0
2.3,0
3.5,0
6.5,0
5.5,0
5.5,0
9.5,0
12,0
13,0
14.5,0
14.3,0
12.5,0
13.8,0
15,0
15.3,0
15,0
15.5,0
13.5,0
3.8,0
6.5,0
5,0
4,0
6.3,0
7.8,0
4.8,0
1.5,10
1,0
3.5,0
6.8,0
9,0
5.3,0
8.5,0
12,0
12,0
10.5,0
-7,0
-22,0
-12.8,0
-7.8,0
0.5,0
1.8,15
-1,4
0,8
-1.5,13
-4.3,4
-3.3,5
-2.5,8
-2,33
-7,2
-10.5,0
-8.3,8
-6.3,13
-5.5,15
-3.3,31
-2.5,16
-4,28
-7.3,24
-5.5,32
-4,0
-5.8,0
-5,0
-2.3,0
-1.8,0
-0.5,0
-2,0
-3,1
-1.8,0
1.3,0
2.3,0
0.8,0
0.8,0
-0.3,0
-2.5,1
-1.5,15
-1.8,2
-3.8,12
-3.5,3
-2.8,9
-3.3,33
-2.8,25
-5.5,0
-7.8,0
-6.5,9
-4.8,5
-4,4
-4,4
-2,2
-1.3,0
1,0
3,1
-3.3,4
-3.3,0
-3,0
-3,0
1,0
3.5,0
1.5,5
-1.8,4
-1.5,6
-3.3,0
-2.3,0
-3.8,0
-4,0
-2,0
0.3,0
-3.5,0
-2.3,0
-1,0
-1,0
-2.5,0
-2.3,0
-3,0
-10.3,0
-16.8,0
-13.8,29
-11,0
-8.8,1
-9,17
-7.5,71
-7.5,9
-8.3,94
-5.5,15
-5,65
-3.5,9
-8,9
-8.8,9
-8,39
-7.5,13
-8.3,8
-10,0
-18.3,6
-10.5,4
-3.3,7
-2.5,9
-1.8,15
0,13
-0.5,4
-3,18
-4.3,4
-9.5,0
-8,0
-4.8,0
-1.8,0
1,3
-3.8,2
-4,0
0,0
0,0
-2.8,0
-3,12
-6,10
-6.3,22
-7.5,4
-9.5,11
-7,37
-8.5,24
-9.8,0
-8.3,0
-4.5,0
0,0
4.3,0
7.5,0
4.8,0
6.5,0
7.3,0
5.5,0
2.5,0
0.3,1
-2,3
-3,4
-4,9
-4.3,8
-3.3,2
-3.5,4
-1.5,0
-2.3,0
-0.3,27
-3.3,0
-4.8,1
-5.3,0
1,0
5.8,0
6.3,0
5.8,0
2,0
3.5,0
0.5,2
-0.3,0
2,0
1,0
2,0
3.8,0
0.5,0
2,0
4.3,0
6.3,0
8.8,0
10.5,0
9.3,0
5.5,0
5.8,0
9.5,0
9.5,0
13.5,0
12,0
12,0
13.3,0
10.8,0
9.5,0
14,0
18.3,0
17,0
18.5,0
17.8,0
18.3,0
12.3,0
9.8,0
13,0
14.3,0
10.3,0
7.8,0
10,0
-11.8,0
-9.8,5
-6.5,25
-11.3,0
-11,4
-9,52
-9.5,1
-7,30
-7.5,6
-10,8
-8.5,6
-8,18
-4.5,12
-2.5,2
-6.5,23
-12,10
-13,0
-9.8,0
-6.5,6
-10.8,6
-9.3,2
-8.8,9
-7.5,2
-7,5
-6.5,0
-7.3,0
-9.8,0
-9.3,11
-7,25
-4.5,17
-2.8,31
-3.5,13
-2.8,78
-3.5,13
-4.3,3
-3.5,11
-2,1
-2,4
-5.5,45
-5.3,17
-3.8,43
-7.8,2
-7,0
-5,0
-4.5,0
-1.3,0
-0.8,0
-0.5,0
-1.5,0
-4,0
-7.5,0
-6.3,4
-4.3,23
-2.8,17
-2.5,11
-4,18
-4,2
-4.8,12
-4,9
-5.3,1
-5.8,0.2
-6.3,11
-5.5,17
-3.5,0
-2.8,0
1.5,0
0,0
0,0
-0.5,0
-2.3,1
-3,6
-4,1
-2,2
-0.3,6
-2.8,7
-0.8,12
-2.8,7
-3.8,15
-1.3,2
0.5,0
1.5,0
0,2
-3,0
0.5,0
2.5,0
-2.3,0
-7.5,0
-19,0
-18.8,0
-15,15
-11.8,0
-7,27
-5,12
-2.5,29
-0.5,0
-4.8,0
-2.8,0
-1.5,7
-2,9
-3.5,0
-8.3,0
-9.8,0
-9,0
-11.5,0
-7.3,0
-6.3,3
-12,10
-13.5,0
-11.8,1
-8.8,1
-5.8,25
-1.8,10
-2.3,20
-3,13
-6.5,7
-5,14
-4.8,10
-3.8,1
-5.5,0
-2.8,8
-2,7
-4,11
-5,45
-6.8,22
-7,7
-6.8,0
-8,4
-7.5,0
-3,0
0.5,0
1.5,0
2,0
1.3,0
0.8,0
-5,0
-2.5,0
1.5,8
-3.5,5
-6,0
-5,12
-3.3,36
-4.3,2
-4.8,3
-6.5,9
-7,0
-5.8,12
-5.5,2
-8,3
-6,0
-4.3,4
-5.3,7
-5.3,0
-5.8,0
-5.3,0
-3,0
1,0
11.8,0
14,0
16.8,0
11,0
5.5,0
6.8,0
9.5,0
11.8,0
12,0
11.5,0
10,0
10,0
13.5,0
10,0
9.5,0
7.5,0
7,0
10,0
14,0
10.8,0
10.5,0
1,2
9.3,0
-8.5,12
-9.8,14
-8.8,33
-13.3,0
-13.8,0
-12,2
-17,0
-14,0
-6.5,0
-4,35
-2,11
-1.5,21
-4.3,12
-4.5,33
-5.3,6
-5.3,1
-5.5,25
-3.5,6
-4.8,0
-5.8,0
-4.5,0
-1.5,0
1.8,0
2.3,0
-0.8,0
-1.8,2
-1.5,0
-2.5,8
-3,3
-3,14
-3.8,0
-1.8,1
0,9
-6.5,5
-14,1
-7.8,11
-4.5,15
-1.3,7
-2.5,22
-3.3,14
-3.3,20
-0.3,0
0.3,3
-2.5,7
-2.3,45
-3,19
-10.8,2
-13.8,0
-13.5,0
-12.5,0
-11.5,9
-12.5,0
-12,9
-10.5,2
-13.5,0
-12.5,0
-14,0
-17.8,2
-22.8,0
-22.8,0
-17.5,0
-11.5,0
-12,0
-8.8,0
-5.5,4
-2.3,3
-2.5,38
-2.3,13
-2.3,14
-2,3
-5,0
-2.3,0
2.5,0
6.3,0
7.3,0
6.5,0
8.8,0
4.3,0
0.8,9
-1.3,23
-3.8,6
-4.8,40
-8.3,8
-10.8,14
-9,2
-10.8,0
-12.5,0
-13,0
-15.8,0
-12.5,0
-6,0
0,0
-3,0
-7.8,57
-14.8,1
-8.8,0
-6.5,1
-3.8,1
0.3,0
1.8,0
0.8,2
-1.3,3
-3.3,0
-0.3,0
3.3,1
-1,1
-5,2
-2.3,0
-0.5,12
-4,4
-4.5,2
-4.3,0
-4.3,0
-6.5,0
-10.3,0
-5.5,0
-5.8,0
-8.5,0
-7.8,1
-8.8,10
-8,3
-5.3,0
-3.8,30
-8,3
-5.8,6
-2,0
0.5,5
2.8,0
3.5,0
5.8,0
1,0
0,1
-2.5,6
-3,0
-2,0
0.8,0
0.5,10
-1.5,12
-3.3,8
-4,3
-3.5,0
-2.8,0
-0.3,0
-1.5,9
-0.8,11
-4,1
-4,21
-4.5,2
-4.3,0
-4,0
-3,0
7,0
6.8,0
2,0
3,0
7,0
12,0
13,0
9.3,0
12.5,0
14.8,0
16.5,0
17.3,0
15,0
7,0
2,0
1.8,0
2,0
5,0
9.3,0
13.3,0
15.5,0
16.5,0
16,0
17.5,0
18,0
18.8,0
15.5,0
16.8,0
10,0
6,0
10.3,0
15.5,0
2.3,0
3.5,0
5,0
-7.3,2
-9,9
-9.8,4
-8.3,25
-6.8,5
-7.5,15
-6.8,24
-6.5,24
-6.5,10
-5.5,20
-7.8,5
-7.3,5
-7.3,13
-7.3,2
-6.5,3
-8.8,0
-3.3,0
0.3,0
-2,16
-5.8,8
-11,2
-13.8,7
-13.8,6
-10.3,4
-16.3,0
-14.8,0
-21.5,1
-21,8
-13.8,24
-6,35
-1.5,7
-1.5,28
-3,12
-8.3,3
-8,6
-9,6
-5.5,8
-2.3,2
-3,3
-1.3,0
-2.3,0
-1.8,0
-1,0
-0.5,0
1.5,0
-4,0
-3.3,25
-1.8,11
-3,28
-1,15
-3,2
-5.8,7
-6.8,8
-9.5,11
-13.3,1
-17.5,0
-12.5,0
-5.5,9
-3.5,4
-1.3,39
-1.8,0
-3,3
-4,2
-7.5,1
-8,0
-4.8,0
-1.3,0
-2.8,0
-3.5,0
-3.8,0
-6,0
-4.8,0
-5.8,15
-5,0
-4.8,2
-2,3
0,0
1,10
-4,1
-5.5,14
-5.8,3
-6.8,1
-5.3,0
-2.5,0
2,0
5.3,0
-1,0
-5.8,2
-8.3,0
-8,0
-6.3,29
-5.8,2
-6.5,3
-9.8,1
-7.3,15
-4.8,16
-7,10
-6.3,7
-5,13
-6.8,0
-8.5,9
-8.3,1
-10.3,0
-9,0
-8.8,23
-7.3,3
-4.8,72
-1.3,15
0.5,8
-5.5,4
-7,3
-4.5,1
-5,0
-4.8,0
-1.3,2
-3.8,14
-7.3,10
-7.3,5
-4.3,5
-2.5,23
-7.5,0
-5.3,0
-2.8,0
-7.3,1
-5.5,0
-3,0
-0.3,0
-1.8,0
-1.3,0
-0.8,0
-1.3,0
-0.8,0
-0.5,12
-4.8,7
-2.5,1
-1.5,3
0.5,7
-4,2
-2.8,0
-1.8,18
-2,0
-0.5,0
0.3,4
-0.3,0
1,2
1.8,0
3,7
0.8,0
1.5,2
3.5,0
-2.8,0
-1.5,0
-0.8,0
-0.3,0
-1,0.3
1,0
-2.3,4
-6.5,0
-7,5
-5.5,0
-1,0
0.3,0
1.3,2
-2.8,19
-4.8,32
-3.8,18
-6,5
-9.3,5
-6.8,23
-5.8,7
-9.8,0
-8.3,5
-6.5,0
-3.3,0
-1.5,0
-2.8,12
-5.3,3
-1.8,0
0.8,0
1.3,0
-1,13
-4.5,21
-15,0
-12.8,7
-10.3,16
-8.5,20
-8,3
-10.5,1
-14.5,0
-15.3,0
-23.8,0
-17.5,0
-12,3
-5.8,33
-4,31
-5.5,5
-5.8,14
-4.8,5
-2.8,11
-3.5,1
-5.3,7
-6,11
-4,14
-3.5,61
-3.5,12
-3.3,18
-4.3,13
-5,6
-3.3,4
-0.8,13
-1.5,0
-1.3,0
0.3,5
-3.5,1
-4.8,2
-2.5,8
-2.5,4
-3,6
-1.8,1
-1.5,8
-6.3,0
-4.8,15
-5.8,15
-3.3,42
-4.3,7
-4.5,4
-4.8,4
-4.3,0
-5.8,16
-4,38
-3.5,9
-3.8,31
-5.3,18
-5.8,9
-7.8,0
-6.8,2
-7.5,12
-7.8,0
-10,1
-7.3,12
-4.3,7
-4.8,0
-6.5,1
-9.3,0
-10.3,0
-9.8,0
-9,3
-7,6
-5.3,4
-2.8,6
-1,0
1,0
0.8,0
-0.8,2
-1.3,2
-4.5,0
-3.8,0
-1.8,0
0.3,0
0.8,0
2,0
-1,7
-2.8,23
-1.5,0
-4.5,3
-5.8,8
-9.5,5.5
-7.8,0
-5.5,1
-5,2
-3.3,1
-3.8,1
-4.8,0
-3.5,3
-1.8,0
-1.5,3
-4,1
-5,5
-6.8,2
-5.5,2
-4.5,10
-4.8,13
-7.3,3.8
-4.5,0
-3,0
-2.5,0
-2.5,0
-1.3,0
-1.8,7
-7.5,30
-6.8,4
-8.5,0
-8.5,3
-8.5,8
-8,11
-7.5,24
-7.3,2
-3.5,13
-3.5,8
-3.5,18
-1,41
-1.5,13
-7.3,13
-4.8,0
-1.5,2
-6.5,1
-13.8,0
-22.5,0
-20,1
-14.8,0
-13,0
-11.8,10.5
-7.8,4
-5.8,12
-6.3,7
-5.3,25
-4.3,11
-1,16
-2.5,4
-3,0
-7.3,0
-3.3,0
0,0
0.5,0
0,0
-2.5,2
-4.3,0
-4.8,5
-3,2
-2.5,20
-2.8,4
-3.3,0
-4.8,45
-2.8,21
-7,13
-7,3
-6.3,21
-5.5,24
-5,8
-3.8,4
-4.3,7
-6.8,6
-10.3,0
-9.5,3
-7.8,2
-9.3,3
-8.8,16
-6,67
-5.5,42
-9.8,6
-7.8,11
-6.3,24
-4.8,4
-7.8,18
-7.5,5
-7.3,25
-6.8,26
-7.8,10
-9.3,27
-12.8,4
-12.3,4
-8.5,11
-6.5,22
-6,10
-9.3,0
-8.5,20
-5.5,21
-6.5,10
-7.5,9
-8,3
-5.8,7
-6.5,13
-5.3,12
-7,50
-5.3,38
-5.5,18
-8.3,10
-6.3,34
-5.5,8
-7.3,5
-8.8,27
-7.5,21
-7.5,3
-8.8,1
-10,0
-10,5
-7.8,16
-5.8,4
-7,1
-7.3,7
-5.3,19
-3.5,53
-5.3,1
-8.5,8
-8.3,3
-8,14
-5.3,0
-1,0
4.5,0
-0.3,3
-1.5,12
-3.5,7
-2.5,17
-7.3,11
-8,3
-9.3,4
-9.5,28
-7.5,27
-7.5,0
-5.8,0
-2.5,0
-4.3,7
-5.3,0
-7.5,6
-4.8,0
-4,4
-4.3,15
-6.8,2
-8.5,6
-5.3,0
-2.8,4
-3.5,1
-6.3,0
-1.3,0
4,0
6.3,0
6.8,0
2.5,0
-2,5
-3.8,1
-4,0
1.3,0
3.8,0
8.3,0
0.8,0
-5.5,7
-5.3,1
-1.8,0
1.8,0
2.3,10
-1.8,2
-4,5
-4.8,5
-7,6
-2.3,2
0.3,5
-6.8,2
-6,1
-5.8,1
-2.5,0
-1.8,1
-1.3,0
-3,4
-1.3,0
0.8,14
-1.5,4
-3.3,8
-0.5,6
0,0
-1,0
1.3,0
6.3,0
11.8,0
12.8,0
4.8,0
1.5,0
2.3,0
2,0
2.3,0
3.8,0
3.3,8
-1,1
3.5,0
7.8,0
4.8,0
0.3,2
-2.3,3
-1.3,0
0.5,0
-0.5,1
2,0
-2.5,0
-3.3,1
-7.5,8
-6,14
-5.3,8
-3.8,21
-6.3,0
-9,3
-6.5,9
-2.5,0
0,5
-5.3,0
-4,23
-4.8,5
-5.8,1
-4,12
-5,29
-5,3
-8.8,0
-8,28
-5.8,9
-4.8,3
-4,25
-4,27
-8.5,9
-6,21
-0.3,23
-3,0
-3,26
-4.8,0
-2.8,0
-1.5,0
3.8,0
7,0
8,0
6.5,0
8,0
9.5,0
11.3,0
7.5,0
0.8,0
-4.3,1
-5,6
-7,13
-10,3
-7.3,22
-4.8,1
-7.3,0
-6,3
-4.8,16
-6,14
-9.5,5
-11.8,8
-11.5,17
-10.5,12
-9.3,14
-8.5,25
-8,2
-8,37
-8.5,0
-7.8,0
-7,1
-6,6
-5,0
-5.8,0
-6.3,0
-6.3,0
-4.5,5
-8,1
-4.5,1
-1.5,0
-1,0
1,5
-4.3,19
-4.5,5
-4.3,0
-2,0
0,0
-1,5
-0.5,2
-0.3,9
-2.8,15
-5.8,0
-5,0
-6.8,0
-9.3,0
-9.5,0
-11,1
-8.3,0
-8.3,0
-5.3,0
-5.5,0
-4,0
-2.5,2
-2.5,5
-3.3,15
-7.3,2
-7.8,7
-8,9
-5.8,10
-4.8,6
-5.8,5
-4.3,1
-6.3,19
-4.8,7
-5,19
-6.8,1
-7.8,0
-7.8,0
-8.3,0
-5.8,2
-4.3,2
-5.3,15
-6,5
-6,5
-4.5,10
-5.8,0
-6.5,5
-4.8,10
-6.3,13
-5,11
-6.8,0
-6.5,2
-3,19
-1.3,18
-5.5,0
-5.3,1
-4.8,0
-2.5,2
-4.5,13
-5.3,2.5
-6,0
-2.5,0
1.5,0
4.5,0
5.3,0
4,0
-3.8,1
-6.3,5
-6.5,0
-3,0
3.3,0
4.8,0
2.5,0
4.5,0
4,0
3,11
-6,15
-3,5
-1.8,0
-0.5,0
0.3,0
-1,2
0.5,0
0.8,15
-3,6
-6.5,12
-5.5,0
-3.5,5
-2,0
0.3,9
-5.3,5
-4,6
-3.3,15
0.5,0
-0.8,15
-3,6
-2.5,7
-4.8,6
-4,5
-2.8,0
-1.8,6
-2.3,8
-2,19
-1.5,1
-0.5,0
1.3,0
4.3,0
5.5,0
5.5,0
1.3,0
2.5,0
2.3,0
3,0
1.8,0
1.8,0
0.8,0
1.3,0
0.3,0.5
-0.3,23
0.5,13
0.5,12
1,0
2,0
2.3,0
3.3,0
1.3,7
-2.3,14
-4.3,14
-4.3,18
-4,12
-6,0
-6,1
-5,16
-2.8,7
-2.3,28
-2.8,1
-3.5,0
-1.3,0
4.3,0
4.5,0
-3,0
-3,2
-11.3,2
-15.3,0
-12.5,0
-9,0
-10.5,1
-9.8,23
-12.5,19
-8.8,38
-5.8,0
-4.5,3
-7.8,0
-6.5,1
-3.3,5
-2.8,1
-2.5,3
-3.8,6
-2.5,15
-0.8,23
-5,0
-2.5,0
0.3,0
-0.3,0
-0.8,0
-0.8,3
-0.3,0
-1.8,26
-3.3,21
-2.8,3
-2.3,0
1,4
-1.8,10
-5.3,14
-0.3,0.2
-5,0
-5.3,2
-5.5,2
-6.3,0
-4.3,0
-1.3,0
-4,2
-2.5,8.5
-4.5,6
-4.3,21
-3.5,3
-0.8,0
1.5,0
-3.3,1
-4.5,0
-3,0
-2.3,0
-4,22
-6.5,12
-6,2.5
-2.5,0
-4,16
-5.5,6
-6,0
-5.8,7
-9,2
-12.5,0
-10.3,3
-9.5,3
-6.3,1
-6.5,1
-10.3,0
-6.5,0
-2.3,0
0.3,2
-16.8,0
-11.5,1
-8.8,5
-4.3,4
-7,0
-3.3,0
-2.5,0
-2,0
-5.3,1
-7,1
-7,0
-4.3,0
-0.3,0
-4,0
-5.5,16
-7.3,1
-7.3,0
-6.8,1
-3,1
2,0
3.3,3
-2,7
-4.8,0
-3.3,0
-3.5,0
-2.5,4
-4.5,5
-6.5,1
-5.5,5
-6.5,3
-4.5,11
-2,23
-7.5,4
-5,2
-5.5,0
-2.8,0
1.5,0
5.3,0
-0.3,8
-5.5,3
-5.8,12
-5,0
-6.5,4
-4.8,5
-3.3,4
-6,7
-6.8,0
-4.3,0
-2,9
-5,18
-6,2
-7.5,0
-4.5,0
-4.5,0
-5.5,0
-4.8,0
-4.5,5
-5.5,3
-5.3,0
-0.5,0
0.5,15
-2.8,21
-4.3,5.1
-2,0
0.3,0
0.5,0
-3,6
-1.5,3
1.3,4
4.8,0
5.3,1
1.8,15
-2.5,7
-4.3,17
-4.3,15
1,0
0.3,13
-3,0
-2.5,4
-2,19
-2.5,4
-3.3,1
-5,0
-7.3,0
-7.3,1
-7,2
-8.8,3
-7,28
-5.8,6
-7.5,36
-5.5,45
-7.8,1
-11.3,9
-10.3,2
-9,8
-7.3,3
-5.3,13
-4.5,39
-9,9
-7,2.5
-7.5,0
-6,23
-4,28
-7.5,5
-6.5,62
-4.5,56
-9,7
-7.5,31
-7.3,0
-7.3,0
-6.8,0
-5.5,0
-3,0
-0.8,0
1.8,0
-0.3,0
1,2
-1,0
-2,0
0.3,0
-1.3,0.5
-1.3,1.5
0.8,13
-3.3,7
-3,0
-3,13
-1,6
-0.8,8
-1.5,0
-3.3,1
-2,6
-2.3,9
-3.5,2
-7.8,1
-7.5,0
-7.3,0
-8.5,7
-7.3,13
-7.5,7
-9.8,3
-9.8,3
-7.8,6
-4.8,24
-8,14
-11.8,12
-14.3,0
-12.8,0
-10.8,3
-8.8,9
-7.8,4
-7.3,5
-5.3,17
-5,4
-5.3,0
-5,15
-6,49
-5.8,8
-7,0
-5,0
-3,13
-7.5,0
-5.3,0
-4,0
-1.5,0
3.5,0
-3.5,2
-4,0
-5.3,23
-5,7
-6.3,0
-2.3,0
1.3,0
-3.3,14
-14.5,0
-21.5,0
-19.8,0
-16.5,2
-10.5,11
-6,42
-3.8,22
-5.3,14
-5.5,1
-7,1
-7.5,7
-16.3,0
-15.3,0
-11,17
-10.5,10
-17.8,2
-6.5,0
2.3,0
0.5,0
-0.5,0
-1.5,2
-4.8,6
-7.3,4
-5.3,0
-4.5,0
-2.8,0.5
-2.5,1.5
-5.5,0
-1.5,0
2,0
2,2
-2.8,7
-4.8,0
-3,2
-0.3,8
-1.3,2
-0.8,5
-0.3,10
0.3,15
-7.3,10
-4.3,7
-4.8,0.5
-3.3,0
-1,0
1.3,0
1.5,0
-0.5,1
-3.3,0
-6,0
-4,0
-3,3
-3.3,8
-0.8,0
0.3,0
5.3,0
7.3,0
6.8,0
-0.5,10
-5,2
-4.5,9
-4.8,8.5
-6,2.5
-4.5,0
-2.8,0
-2,2
-0.5,0
2.5,0
6.5,0
3.3,10
-2,0
-1.3,0
0.8,11
-0.5,0
0.3,0
3,0
1.8,0
0.8,4
1,0
0.3,0
2,0
3.8,0
4,0
4.5,0
3.8,0
1.8,0
1,0
2,0
5.3,0
6.3,0
6,0
4.8,0
2.5,4
-1,4
-2.5,2
2.5,0
7.8,0
4.3,0
1,0
-0.5,0
-1.5,0
0,0
1.8,0
2.3,0
3,0
1,14
-2.8,4
-2,6
-1,10
-3.8,17
-2.3,42
-3.5,29
-3.8,8
-7,4
-7,8
-6.3,0
-6.3,0
-6.3,0
-6,0
-6.5,0
-6.8,35
-5.8,107
-7.8,10
-8.3,13
-9.5,2
-9.3,9
-8.5,12
-6.5,0
-3.8,32
-2.5,41
-2.3,6
-2,3
0.5,0
3,0
3.5,0
-2.3,0
-2,0
-0.5,0
-2.5,8
-2,0
-4.3,11
-5.8,0
-4.8,0
-0.8,0
3.5,0
5.8,0
0,0
-2.5,0
-5,2
-3.8,32
-2.5,8
-2,0
0.5,0
1,3
-2.5,0
-4,0
-3.8,11
-2,6
-2,6
-2.8,0
-5,2
-5,0
-4,0
-1,0
1.3,0
1.3,0
-0.3,0
0.5,0
-1.3,0
2.3,0
4.8,0
2,0
-2,0
-2.8,25
-3.5,6
-4.3,1
-6.8,2
-4.5,2
-4,13
-4.5,0.5
-6.5,0
-11.5,0
-7,0
-2.5,0
-5.3,0
-5.5,0
-3.8,0
-3.3,1
-4,1
-4.8,0
-3.8,1
-5.5,5
-8,17
-13.8,5.5
-9.8,10
-7.8,8
-2,1
-3,2
-3,72
-0.8,48
-2,19
-2,12
-3.5,11
-5.5,3
-5.5,8
-4.5,22
-1.8,13
-4,32
-4,10
-6,0
-6.8,8
-6,10
-5.3,0
-5,0
-3.3,1
-0.5,0
1.3,6
-4.3,8
-6.3,9
-6.3,3
-7,6
-7.8,3
-7.3,2
-5.5,4
-3.5,41
-2,50
-4.5,0
-2,15
-2.3,0
0,3
-0.3,8
-1.8,4
-2,3
-2.8,4
-3.8,2
-4.3,1
-1.5,1
0.3,3
2.5,0
1.5,0
-1.8,7
-1.8,16
-2.5,0
-1.3,6
-1.3,0
0.5,0
3.8,0
4,0
3.8,0
0.8,3
-2,3
-1.3,4
-4.5,0
-3,0
-2,1
-0.3,0
2,0
4.3,0
5,0
2.8,0
1.5,4
-1.8,2
-4.8,5
-5,1
-3.5,1
-1,0
0,0
0.3,0
1.8,0
2.8,0
5.3,0
5,0
3,0
2.3,0
4.8,0
6.3,0
6.3,0
9.8,0
4.5,0
3,0
5.8,0
10,0
13.3,0
14.3,0
13.8,0
12.3,0
-8.5,14
-7.8,1
-8.3,1
-4.8,27
-3.5,19
-4.3,0
-3.5,0
0.3,2
-1,15
-5.3,0
-5.3,27
-3.5,41
-4.5,11
-5.3,0
-6.5,0
-7.8,0
-6.3,0
-4.8,13
-6.3,4
-6,15
-6.5,10
-6.5,28
-5.8,37
-0.8,0
0.5,0
2.5,3
-2.3,6
-0.5,0
-0.5,0
-1,13
-3,39
-6.5,11
-10,7
-10.5,11
-11.3,0
-12,0
-10.3,6
-9.5,6
-11.3,0
-13.5,8
-24.3,0
-22,0
-14.8,0
-11.8,13
-4,24
-1.5,4
-0.3,14
-1.5,1
0,2
1.3,8
0.3,5
1,0
-0.5,0
-3.8,0
-1.8,7
-1.5,12
-1.8,0
-1.8,0
0,2
0,6
-3,4
-6.3,10
-9.3,4
-7,6
-4.5,14
-4,0
-3,46
-6,7
-10,0
-9.5,0
-8.8,5
-6,4
-5.8,0
-6.3,15
-5.8,14
-5.3,1
-4.3,0
-0.3,0
3,0
3.5,0
4.8,0
2.3,0
-2.8,9
-3.3,2
-3.3,25
-3.3,12
-3,2
-4,0
-2.8,0
-2.3,0
-0.5,3
-2.3,3
-2.3,8
-5.3,4
-3.5,0
-3,1
-3,4
-4.5,0
-3.5,0
-4.5,5
-5.5,3
-4.8,7
-6.5,12
-4,20
-2.3,8
2.3,0
1.8,0
-1,0
2.3,4
-1.8,0
-0.5,2
-2.5,0
-3,0
-2.5,0
-3.3,18
-4.8,3
-7.5,2
-1,0
2.8,0
3.8,0
0,6
-3.3,27
-4,10
-4.5,13
-3,0
0.5,0
5.3,5
-2.3,18
-7.5,0
-3.5,0
2.3,0
4.5,0
1.8,0
3.3,0
5,0
0.8,0
1.3,0
4.5,0
7.5,0
7.8,0
5.5,0
1.8,0
-0.3,0
-1.5,1
-1.3,0
-2,2
-2.8,3
-2,7
-2.5,0
0,0
4,3
-2.3,5
-0.8,0
4.3,0
7.3,0
1,0
2,0
5.3,0
8.8,0
9,0
3.8,0
1.8,0
2,0
-0.5,0
2,0
3.8,0
1.8,0
0.8,0
1.3,3
0,0
2,0
3.8,0
4.3,0
4.5,0
3.5,0
7,0
9.8,0
9,0
8.8,0
5,0
1,0
2.8,0
5.5,0
5.3,0
3.8,0
1,2
0,1
0,0
4.3,0
0.8,0
-1.5,1
-0.3,0
-4,0
-6.5,4
-7.5,0
-6.5,0
-7.5,9
-6,0
-4.5,0
-3.8,0
-3.5,14
-3.8,33
-9,1
-10,4
-6.8,13
-5,14
-1.5,12
-0.3,0
-6,0
-3,0
0,18
-1,7
0.3,0
0.8,1
1.3,0
4.3,0
-1.8,0
-5.5,0
-5,0
-2.5,0
2,0
-1.3,5
-3.5,22
-3.3,4
-2.5,0
-0.8,0
-2.3,10
-6.5,7
-5.5,0
-11,0
-10,0
-7.8,0
-7,0
-1.3,0
-9.3,1
-15.8,2
-16.8,2
-15,0
-12,0
-10.8,5
-11,0
-16,0
-11.3,0
-8,3
-4,8
0.5,6
1.8,0
1.5,5
0.5,0
1.3,0
2,0
2.8,0
1.5,0
2.3,0
4,6
-1.3,1
-1,4
-2,1
-0.5,7
-1.5,4
-1.8,1
-1.5,0
0.8,27
-3.8,4
-10,2
-9,4
-8,0
-4,0
-2.8,0
-1.3,0
1.5,3
-3.3,6
-9,0
-9,0
-6.3,0
-1.8,0
-2,0
-0.8,0
-7,0
-5,0
-0.8,0
2.3,0
5.3,0
3.3,0
2,0
1.8,0
3,0
0.8,6
-2.3,4
-1,1
-1.5,0
-1.3,0
-1.5,3
-1,1
-0.3,0
1.8,0
4,0
3.8,0
3.8,0
-0.5,0
1.3,0
3.5,0
-0.5,1
-4.3,13
-5,0
-5.5,18
-4.5,31
-4.3,35
-6.5,5
-6.8,0
-8.5,0
-6.3,0
-5.5,10
-3.8,22
-2,6
-5,6
-5,2
-5.3,3
-4.3,47
-4.5,14
-6.5,13
-4.3,25
-5.8,7
-4.8,19
-0.8,5
-0.5,7
-5.5,0
-4,0
-4,16
-5.3,3
-5.8,1
-5.8,1
-5,5
-3.5,22
-2,17
-3.5,3
-1.5,0
3,0
7.5,0
10,0
9.8,0
9,0
7.3,0
9.3,0
12,0
4,0
1.8,0
0.5,0
1.5,0
3.3,0
3.5,0
3.3,0
2.5,0
5.5,0
4.3,0
2.3,0
3.8,0
4.8,0
6,0
5.3,0
6.5,0
5.5,0
4.5,0
4,0
1.8,0
-0.3,2
0.5,4
-0.8,16
-0.5,1
-0.3,19
-1.5,3
0.3,0
2.3,0
6.8,0
10.5,0
14.3,0
15.5,0
15.8,0
8.3,0
2.3,0
3,0
3.8,0
3.8,0
2,0
1,4
8,0
8,0
7,0
8.8,0
10,0
8,0
5.8,0
5.3,0
6,0
7,0
6.8,0
5.3,0
5.3,0
4.8,0
3.8,0
5.8,0
6,0
6.8,0
8.8,0
9.5,0
6.3,0
9.3,0
12.8,0
13.8,0
11,0
10.3,0
13.5,0
14.3,0
8.3,0
9,0
12,0
14.3,0
15.3,0
16.3,0
11.5,0
11.5,0
11.8,0
9.3,0
8.5,0
12,0
16.8,0
16,0
15.5,0
13.3,0
14,0
14.8,0
13.8,0
14,0
15.3,0
15.3,0
16.8,0
9.5,0
9.8,0
13.3,0
11.8,0
12.3,0
10,0
8.3,0
9,0
12.5,0
13.5,0
11.3,0
7.8,0
5.5,0
5,0
5.5,0
7.5,0
6,1
2.3,0
4.8,0
8.5,0
9.3,0
9.5,0
3,0
3.8,0
6.8,0
7.3,0
6.3,0
7.3,0
4.5,0
3.8,0
6,0
4.5,0
3.3,0
2,0
1.8,0
2,0
1.3,0
5.8,0
9,0
9.8,0
8.3,0
3.8,4
-0.5,7
-8,2
-9.3,5
-11,6
-11,6
-10.3,3
-12.8,0
-12,0
-11,1
-9,4
-5.3,0
-5,0
-1.5,2
-0.5,0
1.5,0
5.3,0
6.3,0
-3,1
-4.5,0
-2.5,0
-0.8,0
0,0
-1.5,0
-6,0
-2.5,5
1.5,0
0.5,7
-0.8,14
0.3,5
1.8,0
-0.5,7
-2,21
-2.8,20
-2,6
-4.5,13
-3.3,11
-2.8,23
-4.3,14
-5.5,4
-5.8,12
-3,20
-2,8
-0.5,2
-2.5,1.5
-5.3,34
-4.3,26
-3.8,15
-5,7
-4.3,32
-3.5,57
-5,4
-8.3,4
-5.5,25
-4.5,3
-4.8,0
-7.3,13
-5.8,0
-6.3,0
-4,1
-2.5,0
1.8,0
-2,17
-6.3,19
-7,8
-6.5,7
-5,40
-5.8,3
-5.5,20
-6.3,1
-5.3,3
-2.8,19
-6,10
-4.8,2
-3.8,2
0,4
-5,0
-7.5,0
-1.5,0
1.8,0
1,2
-4,0
-10.8,0
-12,0
-13.8,0
-16.3,0
-11.5,0
-6.3,0
-7.5,0
-7.5,0
-7.3,0
-8.5,0
-11.8,0
-9.8,23
-7,23
-2,8
-4.8,3
-6.3,4
-4.5,14
-6.5,1
-4.8,1
-5.3,15
-3.8,45
-4.3,1
-6.3,19
-11.3,6
-11,0
-7.8,0
-7,0
-8,4
-7,10
-6.5,12
-6.3,7
-6,5
-6,0
-6.3,0
-3,0
-4.5,24
-3.5,12
-1,0
-3,24
-5.8,0
-7,6
-3.3,0
-1.5,0
-1.3,3
-2.5,2
-1.8,3
-2.3,0
-2.8,0
-2,6
0.3,0
1.3,0
-2.3,0
-0.5,0
2,0
-0.3,0
-1,3
-0.3,3
-3.5,7
-5,21
-6.5,20
-6.8,11
-6.3,3
-4.8,0
-3.5,0
-2.3,15
-0.5,5
-3.8,5
-3.5,0
2,0
6.8,0
4.3,0
-0.8,0
1.3,0
4.3,0
2,0
-2.8,1
-3.5,2
-2.3,0
3,0
7,0
6.3,0
0,3
-2,8
-4.5,0
-1,0
3.3,0
2,0
-1,0
-0.5,0
4.5,0
10.5,0
14,0
11.5,0
10.3,0
9,0
4.3,0
2.5,0
4.8,0
1.5,0
1.8,0
1.5,0
1,0
2.5,0
2.3,0
2,0
4.3,0
7,0
6.3,0
4.3,0
2.5,0
3.3,0
13,0
15,0
15.5,0
6,0
4.8,0
10.5,0
15.3,0
20.3,0
15,0
13.5,0
9.8,0
6,0
3.5,0
16,0
-3.8,24
-2.8,40
-6.8,32
-4,23
-2,2
-1.5,23
-4.5,32
-4.5,31
-5.3,18
-7.8,14
-8.5,3
-12,13
-14.8,14
-23,1
-18,0
-11.8,21
-10,1
-7.8,0
-4,0
-0.3,9
-3.3,14
-2,1
0,0
2.3,8
0.5,2
-0.3,2
-2.5,17
-2.8,31
-4.5,13
-4.5,13
-5.5,54
-8.8,4
-11,5
-8.5,1
-7.5,10
-3.8,5
-3.3,21
-5.3,6
-7.5,6
-5.8,2
-5.8,36
-6,18
-6.5,0
-8.5,0
-5,0
-3,6
-5.8,1
-4.5,1
-3.5,44
-4.5,2
-8,6
-8.3,28
-7.3,23
-6.3,7
-5,16
-4.5,6
-13.3,1
-15,0
-10.5,0
-8.8,0
-6,0
-5.8,12
-8.3,2
-9,4
-6.3,14
-4.5,3
-7.5,2
-5.5,1
-2.3,28
-0.3,1
2.5,0
-3.8,0
-1.3,0
3.5,0
4.3,0
3.3,0
-2.3,0
-1.5,0
-2.3,0
2,0
-1.3,3
0.5,0
4,0
4,0
0.3,3
-1,2
-3,6
-0.5,2
-2,16
-3.8,2
-3,0
-3.8,6
-2,8
-3.5,2
-3,13
-5.8,5
-5.5,10
-8.3,7
-7.8,3
-8,8
-9,13
-7.8,18
-5,10
-6.5,4
-8.8,1
-9,5
-6.5,2
-1.5,0
0,2
-0.3,0
-2.3,10
-5.3,15
-3.5,2
-0.8,20
0.3,7
-2.5,5
-8.5,30
-9,0
-7.3,14
-1.5,0
0.8,0
-0.3,14
-1.5,27
-6.8,1
-6.8,1
-3.3,8
-0.8,26
-0.5,8
-5.3,2
-4.5,0
-3,0
-4.8,0
-1.3,0
0.3,0
-5,0
-8,9
-10.3,1
-7.3,0
5.5,0
7.3,0
2,5
-2,5
-5,0
-2.5,0
-2.8,2
-3,35
-3,1
-4.5,0
-4,12
-3,10
-5,0
-4,0
-3.5,0
-2,0
8.5,0
12,0
11.5,0
9.3,0
7.8,0
11.5,0
15.8,0
17.8,0
19.8,0
18,0
14.5,0
10.8,0
11,0
10.5,0
9.8,0
8.5,0
8.8,0
8,0
7,0
8,0
6.5,0
9.5,0
13.8,0
12,0
5.3,0
6.5,0
4.8,0
7,0
11,0
14.3,0
12.5,0
4.3,0
4.5,0
12.3,0
5.8,0
7.5,0
12.8,0
8.8,0
4.3,0
2.3,0
1.3,0
2.3,0
2.5,0
2,0
2.8,0
-4,13
-7.5,0
-7.8,1
-7.3,0
-5,0
-3,0
0.5,0
-4,0
-5,0
-4.3,8
-6.5,0
-7.3,4
-10.3,0
-13.5,1
-14.3,8
0.5,4
-3.8,5
-10.5,0
-6,0
-4.8,0.1
-6,0
-4.5,9
-8.5,1
-7.3,6
-5.3,23
-5.3,13
-5.5,30
-7.5,4
-6.8,6
-6.3,21
-8.3,0
-9,7
-7,13
-4,24
-7.8,0
-8.3,5
-9.5,2
-9.5,6
-8,2
-9.5,11
-9,0
-7,0.1
-6.5,18
-5.3,6
-5,18
-4.5,47
-4,23
-9,12
-10.3,7
-8,10
-6.3,14
-5.3,22
-3.8,3
-4.5,5
-3.3,11
-3.5,13
-12.8,0
-6,0
-0.3,0
0.3,2
-6,6
-11.8,0
-7.8,0
-1.8,0
-1.8,0
-3.3,0
-6.8,0
-8.3,18
-12,0
-13.3,4
-12,6
-9.5,15
-8.5,9
-9,6
-10.3,0
-10.5,0
-10,4
-7.8,14
-8.8,18
-7.5,4
-5.5,2
-4,4
-4.5,7
-3.5,2
-2.3,9
-6.5,0
1.3,1
-1.8,10
-4.3,0
0.3,0
5.8,0
3,0
-1.5,0
-2.3,0
-2,0
-3.5,0
-3.5,0
-2.8,0
-2.8,4
-0.3,0
-2.3,21
-6.3,3
-7.5,5
-6.5,6
-5,0
-0.3,0
2.3,2
-2.3,4
-2.8,0
-3,4
-0.8,10
-5,0.2
-6,0
-5.8,2
-5,5
-5.3,0.1
-7.3,3
-5.5,3
-6.3,8
-6.3,15
-8.8,4
-5.5,15
-5,24
-7.8,2
-8.8,8
-8,6
-9.5,8
-10.3,0
-8.5,1
-8,1
-7.5,1
-8.5,0
-5.3,0
-3.8,0
-4,0
-4.5,3.1
-5.3,6
-4,2
-5.8,3
-7.5,3
-5,0
0,0
3.8,0
1.3,5
-4.8,7
-5.5,0
-3.3,0
-3,3
-7.5,3
-12.5,0
17.8,0
6.3,0
7.8,0
8,0
13.3,0
9,0
10.3,0
6.8,0
9,0
2.5,0
2,0
6.3,0
10.5,0
10.5,0
12.5,0
4.3,0
-0.8,1
3.8,0
-2.3,4
-3.3,1
-2.8,1
-1.3,13
0.8,0
3.8,0
4.3,0
-2.5,0
-3,0
-1,0
1.3,0
1.2,9
-4,4
-5.3,2
-3.5,8
-2,0
-1.3,1
-5.8,10
-18.8,3
-22,0
-17,0
-12.8,4
-13,5
-22,0
-23,0
-16.3,14
-13.5,5
-12.5,0
-12,6
-12,9
-11,0
-9,14
-7,1
-8.3,18
-8,20
-9,28
-10.8,5
-9.8,10
-14.5,1
-11,7
-7.5,41
-7,2
-2.5,21
-0.8,14
-3,2
-6.3,12
-3,8
-2.3,0
-1,0
1.3,0
4.5,0
7.5,0
7.5,0
9.5,0
9.8,0
10.3,0
6.5,0
2.8,0
-0.8,0
-6.5,0
-6.3,0
-14,0
-11.3,3
-8.3,2
-7,0
-3.3,0
-1.3,2
-9.5,1
-6.8,22
-3.3,0
1,0
2,0
-0.5,2
-4.3,1
-3.8,0
-4,11
-9.8,0
-10.8,2
-7.5,0
-9,1
-9.5,0
-9.5,0
-9.3,0
-8.3,0
-5,0
-4.3,0
-3.8,0
-1.8,0
0,0
0,30
-1,14
-4.3,16
-11,22
-12.3,2
-9,2
-5.5,19
-2.8,10
-2.3,8
-3.5,0
-5.5,7
-11,0
-9.3,2
-11,2
-11.3,2
-16.8,0
-16.8,0
-10.3,0
-2.3,0
-1.3,16
-6.3,16
-9,27
-8.3,20
-8.8,4
-6.3,12
-3,29
-3.3,35
-7.8,0
-6.5,3
-7,5
-6,1
-7,0
-5.8,0
-5,6
-6.5,9
-8.3,0
-6.5,5
-6,2.1
-7.3,10
-5,12
-5.5,0
-5,0
-0.3,0
2.8,0
4.3,0
2.3,0
-2.3,0
-1.8,2
-3.8,3
-2,16
-5.3,4
-5.3,0
-1.5,0
-0.8,9
-1.5,14
-2.8,3
-0.5,0
3.3,0
4.8,0
-2.8,5
-5.5,0
-3,0
-2.5,0
-1.8,0
-4,0
2.5,0
5,0
5.8,0
6.3,0
2.5,0
2.3,0
6,0
8.8,0
