0,383.05
1,374.05
2,368.11
3,363.57
4,362.65
5,371.13
6,345.72
7,349.81
8,406.14
9,434.2
10,448.58
11,443.09
12,428.15
13,440.96
14,444.14
15,446.53
16,479.61
17,471.51
18,455.72
19,450.46
20,445.66
21,446.61
22,491.6
23,484.44
0,461.44
1,448.66
2,444.71
3,440.79
4,441.01
5,444.51
6,419.87
7,434.24
8,470.84
9,491.41
10,491.89
11,479.3
12,461.77
13,469.19
14,473.25
15,470.97
16,496.38
17,487.13
18,470.78
19,465.22
20,460.87
21,451.13
22,493.19
23,490.67
0,466.4
1,453.35
2,445.61
3,442.66
4,444.47
5,446.79
6,421.42
7,435.75
8,470.21
9,488.99
10,482.92
11,480.49
12,462.58
13,469.64
14,469.78
15,470.28
16,490.98
17,489.63
18,465.27
19,450.43
20,452.2
21,454.48
22,501.13
23,484.34
0,469.21
1,463.07
2,456.56
3,449.72
4,452.18
5,455.38
6,433.65
7,446.93
8,482.69
9,503.39
10,511.99
11,504.13
12,485.59
13,497.73
14,491.8
15,483.58
16,521.81
17,494.14
18,469.93
19,461.16
20,461.51
21,458.03
22,500.56
23,499.02
0,483.45
1,474.21
2,464.97
3,459.37
4,458.77
5,459.67
6,425.32
7,440.83
8,478.96
9,505.55
10,518.82
11,516.59
12,495.49
13,497.39
14,489.68
15,486.93
16,505.24
17,489.8
18,472.56
19,465.41
20,461.71
21,458.5
22,504.28
23,506.26
0,483.18
1,471.52
2,457.63
3,452.94
4,449.43
5,447.61
6,419.43
7,420.08
8,432.73
9,449.88
10,462.35
11,476.3
12,465.73
13,476
14,472.58
15,473.81
16,492.56
17,479.97
18,466.06
19,462.61
20,459.24
21,457.35
22,500
23,491.32
0,465.31
1,448.43
2,442.05
3,435.91
4,436.78
5,442.74
6,416.37
7,433.2
8,478.32
9,503.07
10,508.98
11,509.42
12,493.56
13,498.5
14,499.58
15,493.47
16,523.29
17,499.37
18,482.99
19,470.22
20,468.28
21,465.7
22,504.59
23,506.79
0,483.9
1,468.94
2,463.77
3,456.81
4,455.63
5,462.41
6,440.25
7,450.61
8,483.69
9,501.69
10,499.88
11,491.96
12,474.52
13,479.62
14,478.95
15,476.53
16,507.36
17,489.41
18,472.51
19,465.61
20,467.24
21,460.8
22,505.33
23,498.87
0,477.02
1,468.32
2,462.11
3,457.83
4,459.02
5,458.37
6,433.99
7,446.87
8,484.73
9,494.18
10,499.22
11,489.59
12,467.72
13,472.52
14,473.27
15,473.29
16,503.45
17,496.34
18,479.33
19,472.47
20,467.86
21,462.23
22,508.81
23,503.49
0,472.59
1,459.68
2,460.56
3,460.71
4,459.52
5,463.6
6,440.17
7,454.4
8,499.37
9,513.5
10,525.86
11,525.76
12,501.76
13,509.53
14,512.4
15,507.66
16,530.04
17,506.41
18,488.58
19,483.42
20,477.27
21,471.57
22,514.08
23,509.42
0,483.04
1,470.25
2,461.14
3,455.57
4,453.59
5,457.34
6,445.1
7,465.11
8,502.29
9,519.57
10,529.9
11,529.28
12,505.8
13,525.59
14,519.31
15,518.26
16,542.19
17,500.68
18,480.48
19,467.06
20,460.02
21,455.97
22,507.27
23,502.94
0,471.62
1,459.11
2,454.59
3,455.15
4,453.86
5,464.27
6,433.11
7,427.19
8,458.65
9,490.23
10,509.43
11,521.46
12,508.16
13,512.94
14,512.29
15,507.13
16,517.45
17,490.03
18,476.6
19,471.79
20,469.09
21,465.64
22,512.54
23,509.09
0,483.5
1,471.28
2,456.53
3,446.98
4,445.86
5,444.6
6,422.75
7,423.23
8,433.06
9,451.73
10,468.94
11,479.23
12,473.87
13,478.2
14,483.23
15,489.54
16,486.45
17,470.39
18,461.4
19,455.91
20,451.02
21,449.54
22,499.56
23,488.66
0,459.27
1,446.7
2,440.06
3,437.17
4,438.15
5,443.5
6,433.85
7,452.99
8,493.21
9,507.19
10,511.01
11,501.99
12,476.15
13,479.02
14,476.92
15,479.1
16,516.02
17,506.68
18,489.08
19,482.64
20,480.01
21,468.17
22,505.76
23,491.66
0,467.32
1,455.17
2,447.53
3,443.99
4,442.76
5,448.43
6,433.47
7,454.1
8,489.21
9,502.32
10,510.36
11,510.32
12,485.52
13,503.58
14,505.23
15,499.52
16,529.23
17,508.79
18,490.85
19,480.79
20,476.07
21,468.54
22,512.24
23,496.79
0,474.11
1,461.65
2,449.79
3,445.76
4,451.83
5,450.09
6,419.93
7,443.99
8,484.61
9,497.45
10,511.64
11,512.75
12,497.82
13,506.46
14,499.84
15,495.73
16,515.37
17,491.02
18,475.6
19,458.18
20,463.19
21,451.68
22,495.77
23,491.26
0,457.05
1,453.14
2,441.16
3,445.55
4,448.21
5,448.88
6,436.24
7,444.95
8,478.38
9,498.44
10,511.98
11,518.09
12,504.25
13,504.04
14,504.37
15,497.43
16,516.32
17,506.53
18,485.16
19,479.63
20,474.43
21,468.05
22,520.38
23,514.91
0,487.4
1,474.71
2,463.04
3,453.74
4,451.36
5,453.51
6,423.86
7,440.29
8,476.81
9,498.66
10,510.5
11,502.37
12,476.61
13,477.26
14,476.12
15,479.01
16,515.42
17,504.71
18,482.88
19,474.15
20,472.1
21,471.76
22,504.38
23,501.55
0,477.05
1,464.81
2,456.62
3,446.19
4,440.52
5,443.7
6,422.39
7,429.8
8,469.08
9,487.88
10,478.34
11,502.16
12,497.86
13,488.28
14,489.77
15,480.23
16,495.01
17,494.62
18,478.95
19,468.59
20,464
21,460.29
22,508.76
23,508.48
0,480.1
1,464.69
2,452.48
3,443.99
4,442.61
5,437.16
6,404.15
7,393.76
8,405.39
9,424.01
10,456.3
11,458.59
12,450.77
13,451.03
14,442.28
15,439.34
16,469.05
17,466.01
18,455.91
19,451.92
20,446.45
21,443.66
22,487.31
23,480.4
0,450.5
1,435.12
2,426.34
3,418.77
4,421.83
5,421.53
6,397.23
7,415.48
8,454.05
9,477.88
10,489.01
11,489.12
12,470.98
13,477.05
14,469.05
15,473.02
16,501.79
17,490.22
18,468.05
19,460.14
20,455.97
21,452.74
22,493.93
23,501.64
0,478.18
1,464.87
2,450.52
3,447.48
4,447.4
5,449.32
6,422.77
7,430.24
8,464.62
9,483.12
10,494.59
11,492.27
12,467.76
13,470.03
14,474.79
15,476.96
16,491.59
17,489.64
18,473.8
19,467.55
20,464.26
21,461.06
22,508.77
23,498.17
0,475.55
1,457.57
2,448.66
3,443.12
4,444.77
5,448.46
6,433.63
7,451.57
8,488.91
9,505.39
10,512.48
11,503.51
12,482.33
13,475.63
14,476.11
15,481.37
16,506.97
17,487.4
18,466.97
19,460.14
20,457.94
21,448.85
22,495.25
23,493.31
0,473.08
1,463.48
2,455.5
3,450.46
4,449.69
5,455.38
6,449.96
7,462.9
8,495.39
9,513.29
10,518.27
11,518.65
12,504.19
13,511.16
14,506.15
15,504.86
16,518.27
17,507.68
18,485.03
19,477.1
20,476.56
21,475.59
22,516.03
23,505.52
0,475.65
1,458.65
2,444.48
3,436.6
4,436.76
5,442.43
6,435.71
7,440.76
8,473.82
9,497.51
10,503.55
11,484.65
12,446.93
13,477.71
14,471.49
15,468.44
16,489.5
17,487.98
18,468.99
19,461.15
20,452.74
21,442.2
22,487.32
23,484.99
0,460.21
1,445.55
2,431.25
3,423.81
4,427.19
5,431.49
6,417.91
7,422.93
8,447.26
9,471.43
10,482.72
11,484.86
12,468.71
13,471.97
14,461.76
15,449.55
16,472.36
17,470.73
18,446.36
19,441.58
20,440.38
21,440.27
22,468.11
23,458.38
0,440.3
1,429.89
2,416.6
3,409.9
4,408.12
5,404.09
6,384.26
7,378.91
8,389.48
9,412.49
10,426.09
11,435.28
12,427.54
13,426.03
14,420.27
15,420.78
16,449.2
17,443.83
18,433.2
19,430.39
20,427.36
21,423.49
22,448.01
23,432.3
0,409.78
1,403
2,394.21
3,388.61
4,388.54
5,395.57
6,387.98
7,400.48
8,441.61
9,469.28
10,488.37
11,484.91
12,471.19
13,474.78
14,471.05
15,465.51
16,487.81
17,471.08
18,456.25
19,447.83
20,444.04
21,439.81
22,465.77
23,453.61
0,428.07
1,422.79
2,417.05
3,408.86
4,410.42
5,415.71
6,408.46
7,425.52
8,457.32
9,476.8
10,479.87
11,482.16
12,464.27
13,466.06
14,462.95
15,463.64
16,483.35
17,479.34
18,462.58
19,453.29
20,447.48
21,441.76
22,403.41
23,441.47
0,436.44
1,429.07
2,419.69
3,411.22
4,415.1
5,416.03
6,410.26
7,424.18
8,457.74
9,471.28
10,479.61
11,481.77
12,463.98
13,468.25
14,442.32
15,430.73
16,484.61
17,491.33
18,475.03
19,462.91
20,461.12
21,462.17
22,492.51
23,479.35
0,462.66
1,449.85
2,444.3
3,437.9
4,437.77
5,443.84
6,433.54
7,447.9
8,479.58
9,495.21
10,497.89
11,484.92
12,462.54
13,466.04
14,464.53
15,451.96
16,469.01
17,459.31
18,439.72
19,430.19
20,421.69
21,416.04
22,445.79
23,443.93
0,433.83
1,417.27
2,403.44
3,400.47
4,386.56
5,377.74
6,368.36
7,370.36
8,392.09
9,414.54
10,433.52
11,439.45
12,413.14
13,421.55
14,419.55
15,420.9
16,458.02
17,463.69
18,449.82
19,442.96
20,440.54
21,438.38
22,463.27
23,452.15
0,443.37
1,422.77
2,425.18
3,416.76
4,412.08
5,409.69
6,396.98
7,395.58
8,432.98
9,463.72
10,472.92
11,482.09
12,464.4
13,479.8
14,480.95
15,468.56
16,464.61
17,441.09
18,427
19,423.53
20,409.2
21,410.9
22,446.9
23,440.08
0,432.48
1,428.98
2,411.76
3,407.92
4,397.38
5,392.68
6,380.42
7,365.73
8,381.51
9,402.98
10,420.74
11,429.47
12,435.38
13,435.26
14,424.04
15,416.41
16,439.95
17,432.64
18,423.64
19,417.05
20,418.31
21,427.75
22,462.65
23,459.07
0,431.26
1,411.59
2,394.34
3,393.51
4,394.74
5,400.52
6,390.89
7,406.52
8,449.21
9,475.97
10,487.09
11,497.47
12,485.58
13,477.58
14,475.46
15,474.38
16,494.42
17,478.98
18,460.83
19,443.58
20,447.1
21,439.96
22,473.43
23,475.57
0,448.72
1,434.77
2,420.31
3,415.75
4,418.09
5,423.34
6,418.59
7,429.03
8,462.27
9,482.85
10,499
11,497.09
12,480.74
13,467.94
14,460.58
15,462.2
16,491.82
17,495.76
18,476.34
19,471.11
20,468.73
21,471.97
22,510.85
23,501.63
0,461.02
1,454.06
2,443.7
3,433.88
4,434.58
5,442.51
6,444.14
7,461.54
8,485.73
9,499.74
10,501.31
11,482.01
12,457.15
13,468.81
14,464.03
15,459.02
16,488.4
17,492.12
18,474.88
19,475.17
20,470.29
21,478.19
22,518.88
23,506.45
0,475.92
1,452.34
2,447.17
3,438.97
4,449.77
5,459.64
6,440.15
7,444.99
8,474.88
9,495.48
10,487.42
11,474.8
12,459.37
13,453.75
14,451.95
15,441.69
16,476.51
17,489.09
18,475.88
19,469.27
20,462.12
21,463.89
22,527.57
23,507.4
0,473.23
1,453.68
2,449.71
3,443.18
4,443.19
5,444.59
6,447.76
7,455.66
8,478.85
9,480.49
10,493.71
11,481.33
12,446.08
13,460.19
14,471.39
15,465.83
16,491.13
17,486.91
18,469.77
19,461.62
20,449.36
21,462.15
22,515.17
23,505.87
0,470.57
1,454.36
2,434.05
3,433.82
4,432.04
5,433.94
6,432.58
7,441.1
8,476.27
9,493.11
10,508.29
11,504.11
12,476.31
13,476.27
14,468.74
15,464.14
16,489.4
17,484.2
18,470.39
19,466.11
20,458.11
21,461.37
22,503.27
23,494.23
0,465.67
1,452.98
2,433.51
3,433.32
4,425.43
5,420.96
6,405.87
7,403.76
8,414.54
9,433.38
10,447.29
11,444.81
12,416.36
13,423.13
14,426.84
15,427.67
16,456.26
17,458.33
18,448.5
19,437.74
20,442.25
21,443.89
22,483.4
23,471.81
0,435.05
1,421.51
2,411.92
3,401.37
4,409.15
5,412.28
6,406.7
7,427.1
8,468.12
9,493.55
10,495.41
11,478.04
12,460.81
13,470.26
14,470.99
15,474.56
16,493.4
17,471.58
18,460.24
19,449.61
20,440.59
21,452.04
22,488.39
23,479.65
0,461.36
1,449.17
2,423.64
3,435.83
4,433.31
5,440.81
6,432.2
7,440.85
8,477.14
9,498.12
10,506.37
11,504.84
12,488.02
13,492.75
14,480.53
15,485.22
16,501.83
17,483.21
18,467.12
19,457.87
20,446.03
21,450.5
22,499.88
23,490.37
0,472.12
1,454.07
2,435.2
3,443.55
4,439.84
5,445.98
6,442.27
7,455.33
8,486.16
9,504.31
10,503.7
11,504.8
12,495.3
13,495.6
14,483.35
15,478.83
16,502.22
17,486.66
18,472.17
19,460.76
20,453.23
21,455.28
22,497.17
23,489.17
0,467.19
1,458.82
2,443.78
3,438.59
4,438
5,446.08
6,435.52
7,444.87
8,472.49
9,492.17
10,500.3
11,497.35
12,478.49
13,492.41
14,487.57
15,483.89
16,501.18
17,487.93
18,468.93
19,460.06
20,447.59
21,454.08
22,495.29
23,492.91
0,472.34
1,443.17
2,438.96
3,433.37
4,430.95
5,430.77
6,417.98
7,437.21
8,468.89
9,493.14
10,501.06
11,500.56
12,482.53
13,491.35
14,481.16
15,477.48
16,492.09
17,483.17
18,468.66
19,454.76
20,445.15
21,441.09
22,481.55
23,485.69
0,465.69
1,453.14
2,442.83
3,433.52
4,431.51
5,434.36
6,418.47
7,423.28
8,452
9,478.49
10,494.77
11,490.7
12,473.49
13,474.45
14,467.96
15,468.25
16,475.47
17,470.09
18,459.58
19,450.6
20,446.27
21,446
22,500.94
23,497.97
0,473.25
1,452.27
2,448.85
3,438.58
4,437.56
5,427.94
6,395.6
7,393.19
8,406.01
9,428.7
10,435.87
11,448.92
12,433.77
13,436.85
14,432.87
15,430.93
16,447.65
17,462.88
18,448.14
19,446
20,441.91
21,437.89
22,471.82
23,473.06
0,447.95
1,431.38
2,419.15
3,411.09
4,406.34
5,404.1
6,399.72
7,417.82
8,471.1
9,494.18
10,509.71
11,505.91
12,484.22
13,491.73
14,486.69
15,488.75
16,506.02
17,480.45
18,468.46
19,432.7
20,408.94
21,408.75
22,453.55
23,462.9
0,455.21
1,445.52
2,439.14
3,434.97
4,436.65
5,443.55
6,428.2
7,435.78
8,468.32
9,484.4
10,492.9
11,495.61
12,482.89
13,482.97
14,485
15,484.7
16,500.73
17,488.56
18,469.82
19,459.13
20,457.69
21,464.67
22,508.06
23,504.36
0,482.11
1,465.9
2,460.52
3,446.92
4,451.4
5,450.76
6,441.65
7,452.32
8,487.22
9,514.02
10,522.66
11,530.57
12,513.81
13,514.79
14,504.94
15,501.18
16,515.5
17,489.45
18,477.23
19,463.42
20,452.56
21,447.55
22,487.49
23,484.14
0,464.33
1,449.45
2,435.43
3,431.1
4,441.38
5,448.66
6,441.65
7,447.44
8,483.74
9,508.31
10,522.18
11,523.08
12,499.88
13,504.85
14,502.02
15,497.32
16,505.42
17,499.87
18,477.68
19,470.46
20,463.68
21,454.78
22,496.21
23,498.03
0,481.27
1,468.9
2,457.92
3,448.92
4,453.2
5,459.65
6,449.31
7,459.18
8,496.03
9,519.6
10,526.38
11,515.4
12,494.71
13,497.84
14,490.74
15,497
16,513.16
17,503.65
18,490.23
19,463.85
20,449.55
21,451.51
22,509
23,504.69
0,491.69
1,469.5
2,459.5
3,452.32
4,443.21
5,451.94
6,441.22
7,444.84
8,477.03
9,501.38
10,517.82
11,514.39
12,508.72
13,501.01
14,498.97
15,498.98
16,504.97
17,484.66
18,474.39
19,462.41
20,461.01
21,457.99
22,507.84
23,509.08
0,487.05
1,477.18
2,468.38
3,463.71
4,450.87
5,447.51
6,431.9
7,414.51
8,426.35
9,448.66
10,465.5
11,472.25
12,466.4
13,465.96
14,461.3
15,451.38
16,456.46
17,452.38
18,445.61
19,438.07
20,430.5
21,431.68
22,479.82
23,475.02
0,456.12
1,419.01
2,421.32
3,419.89
4,414.65
5,413.51
6,397.09
7,409.23
8,454.3
9,477.08
10,494.99
11,482.2
12,465.92
13,477.28
14,481.54
15,479.87
16,497.64
17,496.59
18,483.5
19,473.05
20,459.32
21,462.46
22,498.84
23,486.07
0,462.55
1,441.79
2,431.13
3,431.28
4,424.99
5,424.25
6,415.66
7,431.66
8,475.59
9,497.55
10,510.58
11,517.81
12,505.88
13,512.12
14,514.34
15,501.65
16,504.75
17,509.62
18,495.67
19,486.76
20,483.26
21,483.26
22,507.07
23,492.68
0,474.4
1,457.73
2,443.69
3,440.96
4,442.82
5,445.31
6,431.98
7,450.21
8,485.33
9,506.65
10,519.7
11,518.68
12,503.49
13,507.24
14,511.39
15,511.29
16,508.46
17,501.13
18,481.43
19,470.6
20,465.82
21,468.38
22,512.2
23,506.46
0,483.44
1,460.11
2,457.53
3,448.61
4,445.69
5,447.08
6,443.93
7,449.25
8,489.67
9,502.52
10,523.59
11,540.21
12,524.7
13,527.08
14,513.57
15,514.91
16,518.87
17,504.49
18,490.29
19,477.26
20,470.09
21,474.56
22,503.97
23,509.03
0,483.31
1,465.34
2,456.21
3,452.17
4,450.91
5,457.28
6,449.86
7,458.92
8,508.35
9,526.65
10,535.56
11,539.6
12,508.33
13,521.31
14,517.57
15,517.73
16,523.63
17,499.51
18,486.46
19,471.22
20,469.2
21,469.45
22,505.64
23,498.59
0,474.67
1,467.16
2,453.12
3,448.75
4,447.36
5,449.65
6,444.93
7,446.06
8,474.43
9,475.78
10,505.7
11,515.87
12,506.24
13,503.76
14,498.94
15,487.42
16,475.93
17,478.87
18,465.49
19,453.65
20,451.21
21,451.45
22,506.2
23,507.35
0,483.85
1,456.73
2,447.59
3,446.03
4,445.15
5,446.11
6,420.69
7,407.92
8,390.77
9,398.56
10,435.54
11,460.93
12,463.51
13,467.93
14,466.9
15,454.99
16,458.55
17,454.69
18,452.97
19,439.43
20,433.74
21,434.57
22,480.11
23,461.02
0,464.98
1,448.89
2,424.47
3,424.97
4,421.3
5,429.1
6,405.53
7,417.47
8,457.59
9,485.77
10,505.39
11,509.72
12,484.87
13,463.05
14,439.88
15,453.6
16,464.84
17,478.66
18,462.43
19,452.64
20,448.27
21,443.01
22,494.47
23,491.07
0,466.59
1,445.71
2,439.15
3,406.41
4,417.03
5,421.66
6,416.11
7,435.86
8,476.47
9,467.75
10,447.85
11,501.76
12,496.95
13,509.54
14,512.57
15,503.15
16,507.49
17,499.88
18,483.29
19,470.48
20,461.26
21,458.83
22,499.3
23,493.68
0,474.15
1,460.83
2,451.73
3,449.9
4,447.75
5,448.29
6,426.76
7,437.75
8,471.52
9,494
10,515.35
11,526.63
12,513.97
13,508.92
14,501.42
15,493.95
16,502.32
17,498.89
18,488.66
19,473.67
20,473.2
21,471.81
22,510.46
23,509.36
0,489.37
1,471.57
2,455.62
3,454.63
4,454.66
5,455.27
6,424.8
7,447.42
8,497.05
9,522.8
10,533.86
11,530.14
12,515.45
13,518.3
14,516.9
15,503.85
16,501.49
17,506.02
18,490.39
19,477.44
20,473.1
21,465.25
22,512.11
23,506.89
0,481.95
1,459.93
2,460.28
3,451.45
4,453.95
5,447.75
6,430.71
7,444.78
8,484.45
9,508.75
10,523.3
11,527.11
12,492.8
13,495.86
14,499.14
15,490.04
16,490.84
17,493.49
18,478.17
19,470.92
20,468.35
21,473.17
22,516.87
23,512.29
0,485.44
1,460.29
2,462.43
3,454.55
4,449.51
5,461.26
6,432.73
7,441.38
8,471.83
9,484.63
10,495.93
11,491.14
12,482.65
13,488.05
14,481.22
15,468.38
16,466.89
17,479.67
18,470.98
19,461.6
20,452.92
21,458.37
22,504.43
23,502.2
0,480.82
1,455.74
2,449.09
3,441.99
4,435.45
5,444.01
6,412.73
7,414.68
8,426.12
9,442.4
10,465.78
11,467.14
12,458.49
13,457.3
14,459.61
15,457.73
16,449.49
17,458.43
18,460.26
19,450.89
20,450.5
21,449.03
22,495.42
23,495.83
0,469.31
1,459.83
2,447.47
3,434.89
4,443.75
5,444.99
6,420.79
7,426.61
8,493.87
9,526.63
10,534.04
11,536.23
12,509.59
13,510.68
14,508.94
15,508.62
16,507.09
17,506.94
18,490.85
19,478.88
20,466.11
21,463.69
22,508.57
23,506.33
0,472.62
1,461.9
2,453.45
3,450.29
4,445.76
5,458.3
6,450.33
7,457.56
8,500.23
9,534.18
10,556.97
11,549.15
12,529.57
13,520.75
14,524.96
15,521.38
16,530.41
17,505.04
18,485.72
19,469.53
20,459.53
21,455.22
22,505.38
23,504.24
0,476.17
1,467.94
2,449.44
3,437.52
4,444.31
5,450.46
6,434.79
7,456.13
8,488.37
9,516.42
10,525.28
11,532.65
12,507.6
13,509.7
14,502.65
15,500.36
16,495.84
17,498.4
18,482.51
19,466.23
20,462.8
21,465.94
22,513.92
23,510.3
0,488.64
1,472.49
2,462.69
3,452.79
4,451.77
5,459.83
6,449.84
7,461.78
8,491.99
9,533.18
10,537.77
11,540.38
12,518.38
13,516.43
14,512.41
15,507.45
16,498.14
17,482.14
18,472.37
19,464.73
20,455.74
21,458.78
22,514.35
23,501.63
0,483.8
1,468.29
2,449.72
3,442.07
4,445.54
5,451.4
6,421.32
7,438.29
8,481.81
9,500.46
10,516.36
11,512.24
12,476.51
13,491.59
14,478.97
15,461.35
16,456.88
17,454.85
18,444.78
19,434.43
20,443.45
21,437.66
22,497.13
23,499
0,477.82
1,452.75
2,445.15
3,443.69
4,444.35
5,447.61
6,427.73
7,440.32
8,476.88
9,489
10,502.89
11,508.3
12,490.02
13,481.29
14,478.41
15,483.58
16,472.59
17,466.22
18,462.03
19,456.52
20,453.99
21,451.35
22,519.79
23,516.23
0,496.2
1,470.41
2,460.18
3,455.43
4,446.99
5,455.77
6,429.14
7,426.42
8,437.22
9,474.38
10,476.77
11,476.72
12,459.68
13,446.08
14,433.8
15,428.25
16,425.32
17,448.35
18,448.09
19,442.73
20,437.73
21,439.81
22,498.51
23,485.88
0,455.15
1,431.87
2,427.51
3,423.77
4,421.8
5,413.04
6,398.16
7,425.14
8,464.93
9,499.19
10,501.65
11,512.57
12,494.43
13,488.06
14,489.93
15,476.17
16,477.41
17,475.21
18,457.11
19,448.33
20,441.49
21,434.99
22,496.86
23,488.46
0,471.28
1,449.64
2,446.71
3,443.85
4,442.3
5,448.02
6,431.16
7,437.15
8,473.56
9,503.5
10,498.24
11,495.49
12,483.29
13,478.81
14,478.14
15,476.37
16,470.51
17,465.56
18,458
19,453.94
20,453.83
21,451.69
22,514.86
23,507.48
0,477.23
1,459.5
2,460.3
3,454.47
4,456.67
5,458.35
6,433.4
7,455.83
8,478.04
9,488.91
10,502.12
11,495.42
12,477.85
13,482.1
14,477.41
15,466.18
16,469.74
17,472.91
18,466.14
19,458.96
20,452.84
21,448.83
22,515.54
23,511.07
0,479.49
1,458.96
2,454.33
3,452.32
4,454.88
5,458.02
6,440.94
7,451.98
8,486.44
9,498.05
10,502.28
11,499.58
12,472
13,476.45
14,475.37
15,463.11
16,464.73
17,474.89
18,477.71
19,467.75
20,460.95
21,459.86
22,512.73
23,501.74
0,477
1,458.76
2,448.42
3,444.07
4,441.68
5,456.21
6,446.17
7,460.59
8,489.75
9,500.07
10,508.77
11,502.1
12,475.13
13,482.88
14,475.56
15,468.84
16,464.76
17,469.11
18,456.31
19,447.56
20,444.02
21,444.46
22,508.9
23,506.33
0,478.17
1,462.59
2,455.16
3,455.88
4,456.77
5,456.83
6,431
7,447.17
8,473.74
9,509.04
10,510.71
11,505.63
12,482.02
13,476.75
14,476.88
15,468.57
16,456.37
17,461.75
18,464.96
19,456.82
20,458.76
21,462.3
22,508.97
23,508.31
0,482.38
1,467.85
2,455.27
3,448.01
4,439.99
5,451.42
6,415.06
7,417.84
8,429.61
9,459.57
10,481.3
11,473.25
12,464.12
13,463.4
14,459.25
15,445.89
16,442.33
17,436.74
18,438.4
19,434.29
20,426.59
21,427.73
22,492.71
23,483.4
0,459.53
1,447.18
2,435.35
3,431.07
4,433.48
5,436
6,417.06
7,438.82
8,483.62
9,496.57
10,505.61
11,492.31
12,477.23
13,483.84
14,475.22
15,471.45
16,467.19
17,452.41
18,463.85
19,461.63
20,454.06
21,451.68
22,501
23,497.92
0,473.67
1,461.32
2,454.5
3,452.14
4,452.6
5,457.66
6,448.22
7,460.31
8,493.31
9,510.08
10,507.55
11,500
12,487.09
13,494
14,497.33
15,486.72
16,484.64
17,481.79
18,481.28
19,472.89
20,465.75
21,466.03
22,509.56
23,502.36
0,470.14
1,446.22
2,434.47
3,433.79
4,447.24
5,454.07
6,438.63
7,455.56
8,486.41
9,506.26
10,511.73
11,509.45
12,486.37
13,498.91
14,504.78
15,505.79
16,496.15
17,484.85
18,480.52
19,478.15
20,470.7
21,469.02
22,510.54
23,502.64
0,476.73
1,462.17
2,454.76
3,448.83
4,452.72
5,451.85
6,433.34
7,447.69
8,492.76
9,511.87
10,515.71
11,529.57
12,513.12
13,518.96
14,517.95
15,508.6
16,500.18
17,493.65
18,487.99
19,477.21
20,468.04
21,460.41
22,488.06
23,485.34
0,462.91
1,447.91
2,436.9
3,438.45
4,439.68
5,454.52
6,436.16
7,442.74
8,478.55
9,503.89
10,513.31
11,517.07
12,497.97
13,504.03
14,494.3
15,489.34
16,493.9
17,500.91
18,490.65
19,474.3
20,459.89
21,464.32
22,496.85
23,492
0,469.82
1,454.08
2,439.73
3,430.3
4,431.04
5,428.87
6,411.98
7,431.16
8,466.42
9,486.6
10,499.51
11,494.88
12,471.82
13,471.81
14,470.17
15,449.21
16,440.48
17,455.2
18,463.56
19,462.76
20,463.45
21,453.49
22,492.33
23,484.1
0,469.13
1,450.48
2,441.13
3,420
4,435.48
5,433.16
6,409.22
7,414.32
8,407.48
9,425.22
10,444.69
11,451.71
12,455.93
13,454.71
14,449.57
15,445.1
16,446.87
17,453.45
18,455.9
19,454.21
20,444.02
21,440.04
22,477.39
23,467.12
0,418.83
1,406.66
2,401.81
3,397.37
4,395.04
5,399.7
6,383.61
7,416.41
8,459.26
9,477.52
10,479.61
11,471.43
12,455.03
13,453.04
14,451.82
15,442.08
16,436.44
17,444.09
18,452.41
19,439.23
20,434.75
21,427.35
22,476.14
23,465.49
0,433.39
1,416.54
2,403.74
3,407.38
4,408.91
5,414.21
6,403.19
7,418.34
8,458.07
9,471.82
10,474.85
11,468.22
12,449.94
13,446.71
14,437.13
15,429.11
16,430.52
17,430.17
18,435.65
19,429.8
20,421.53
21,419.35
22,467.3
23,459.79
0,435.74
1,420.12
2,399.91
3,402.8
4,408.2
5,409.57
6,393.19
7,418.52
8,455.5
9,476.8
10,485.25
11,483.77
12,461.82
13,466.27
14,467.6
15,455.97
16,454.5
17,447.51
18,452.26
19,441.36
20,435.9
21,436.32
22,466.89
23,456.97
0,436.38
1,422.38
2,408.3
3,403.89
4,400.84
5,396.16
6,402.7
7,425.83
8,453.41
9,466.93
10,474.94
11,458.88
12,440.07
13,443.73
14,442.96
15,443.52
16,434.7
17,432.24
18,443.28
19,436.7
20,431.59
21,429.27
22,474.87
23,463.12
0,430.56
1,417.95
2,404.5
3,405.49
4,400
5,397.64
6,404.16
7,408.53
8,446.76
9,464.56
10,476.06
11,477.58
12,449.14
13,458.44
14,454.18
15,453.85
16,451.5
17,443.25
18,438.81
19,432.78
20,423.85
21,419.55
22,471.55
23,463.75
0,436.4
1,418.15
2,405.39
3,404.91
4,405.39
5,403.19
6,368.92
7,389.22
8,444.68
9,460.53
10,474.42
11,481.21
12,463.33
13,456.74
14,453.09
15,438.95
16,433.45
17,428.3
18,437.12
19,423.86
20,416.38
21,412.9
22,458.2
23,455.71
0,435.52
1,419.82
2,409.25
3,400.05
4,396.81
5,399.7
6,376.01
7,375.57
8,376.53
9,392.89
10,421.68
11,432.22
12,426.85
13,421.21
14,408.41
15,395.25
16,401.04
17,415.26
18,430.78
19,428.21
20,416.73
21,416.12
22,450.32
23,442.32
0,417.57
1,403.47
2,394.7
3,389.86
4,389.95
5,395.13
6,381.12
7,400.95
8,444.92
9,470.88
10,478.47
11,469.66
12,452.32
13,453.47
14,449.74
15,443.37
16,433.03
17,437.19
18,444.12
19,436.6
20,427.07
21,426.07
22,469.42
23,461.66
0,434.94
1,419.62
2,409.55
3,402.52
4,408.89
5,409.07
6,394.9
7,420.25
8,457.2
9,469.71
10,470.21
11,466.19
12,452.27
13,447.52
14,440.17
15,439.19
16,443.61
17,444.58
18,444.88
19,445.81
20,440.54
21,436.44
22,470.66
23,464.25
0,439.09
1,423.89
2,415.36
3,406.34
4,409.45
5,412.79
6,406.09
7,423.96
8,451.18
9,464.29
10,462.79
11,452.85
12,434.22
13,435.73
14,435.13
15,429.82
16,425.47
17,438.29
18,454.95
19,448.13
20,437.61
21,432.59
22,470.54
23,466.71
0,440.72
1,426
2,421.64
3,416.12
4,418.15
5,415.17
6,405.45
7,419.03
8,443.92
9,461.75
10,465.32
11,455.39
12,430.5
13,430.46
14,432.71
15,432.11
16,426
17,437.36
18,449.06
19,439.38
20,432.84
21,426.69
22,463.28
23,461.34
0,445.55
1,433.86
2,424.96
3,418.44
4,417.7
5,408.09
6,404.38
7,421.07
8,443.31
9,457.7
10,465.63
11,453.23
12,426.54
13,430.92
14,432.5
15,426.33
16,426.82
17,431.08
18,449.44
19,444.4
20,438.9
21,439.09
22,463.44
23,455.96
0,436.16
1,424.34
2,413.93
3,405.2
4,409.43
5,402.69
6,395.55
7,413.69
8,438.58
9,449.3
10,457.61
11,462.89
12,447.75
13,442.59
14,437.7
15,422.87
16,419.3
17,433.42
18,452.5
19,428.34
20,423.56
21,433.16
22,453.65
23,448.59
0,427.97
1,412.8
2,402.67
3,400.58
4,402.11
5,393.26
6,380.11
7,388.09
8,396.62
9,401.76
10,418.33
11,434.36
12,422.61
13,422.71
14,418.64
15,409.13
16,407.25
17,405.43
18,438.99
19,439.49
20,433.33
21,426.97
22,447.62
23,430.99
0,411.48
1,399.69
2,393.31
3,391.03
4,390.1
5,382.45
6,383.67
7,410.07
8,450.29
9,458.53
10,470.94
11,472.74
12,451.43
13,450.44
14,449.09
15,444.75
16,441.15
17,429.08
18,447.4
19,435.77
20,429.41
21,430.29
22,452.76
23,446.36
0,434.65
1,425.48
2,417.84
3,413.82
4,414.4
5,407.38
6,407.05
7,431.41
8,462.25
9,462.18
10,471.8
11,474.22
12,459.22
13,454.46
14,455.17
15,456.35
16,457.73
17,445.68
18,457.37
19,451.48
20,439.92
21,437.5
22,470.11
23,471.08
0,445.05
1,432.49
2,422.59
3,418.79
4,421.91
5,418.04
6,422.01
7,440.69
8,468.97
9,476.48
10,479.46
11,463.62
12,444.36
13,453.93
14,438.96
15,437.86
16,430.95
17,443.36
18,467.93
19,455.09
20,444.42
21,439.07
22,471.98
23,459.73
0,434.48
1,424.39
2,417.06
3,417.13
4,418.86
5,410.8
6,408.27
7,428.17
8,458.16
9,464.08
10,459.16
11,462.08
12,441.37
13,451.88
14,444.69
15,437.06
16,441.07
17,442.77
18,461.94
19,462.54
20,447.44
21,444.93
22,477.68
23,464.94
0,445.16
1,426.01
2,423.1
3,415.29
4,415.35
5,405.36
6,396.4
7,419.51
8,453.88
9,458.81
10,467.17
11,455.5
12,433.62
13,446.33
14,433.99
15,431.15
16,430.74
17,430.79
18,455.64
19,441.93
20,433.85
21,427.76
22,471.45
23,471.37
0,453.58
1,429.92
2,411.43
3,416.47
4,416.51
5,401.49
6,401.92
7,423.99
8,466.08
9,475.43
10,485.77
11,474.92
12,429.37
13,426.89
14,439.65
15,439.85
16,431.49
17,424.02
18,437.84
19,434.31
20,424.25
21,422.57
22,472.94
23,464.69
0,442.09
1,422.11
2,398.41
3,405.42
4,405.44
5,397.96
6,373.27
7,378.27
8,400.54
9,401.4
10,405.44
11,404.36
12,392.74
13,396.87
14,394.98
15,390.44
16,386.9
17,383.54
18,423.06
19,424.75
20,425.87
21,428.33
22,469.03
23,454.32
0,429.63
1,420.3
2,395.57
3,390.21
4,389.17
5,377.01
6,384.48
7,408.26
8,448.81
9,475.61
10,477.14
11,461.33
12,444.46
13,448.19
14,443.14
15,436.04
16,413
17,403.56
18,432.18
19,431.72
20,428.87
21,417.67
22,443.42
23,442.47
0,421.48
1,412.91
2,395.66
3,403.9
4,405.49
5,393.56
6,392.26
7,397.09
8,430
9,449.82
10,448.31
11,444.56
12,418.5
13,421.21
14,415.07
15,412.29
16,405.36
17,400.19
18,436.66
19,434.68
20,424.17
21,415.82
22,458.19
23,443.79
0,420.28
1,401.83
2,406.87
3,399.22
4,398.39
5,389.58
6,390.52
7,411.63
8,448.4
9,458.85
10,458.1
11,447.24
12,422.06
13,426.79
14,431.56
15,425.92
16,413.74
17,397.98
18,431.46
19,428.89
20,416.47
21,422.46
22,469.26
23,452.38
0,421.63
1,410.91
2,412.47
3,406.75
4,409.62
5,388.49
6,384.25
7,407.09
8,437.18
9,436.77
10,441.43
11,437.03
12,417.55
13,425.54
14,422.56
15,426.11
16,417.56
17,412.96
18,444.16
19,439.07
20,431.76
21,432.72
22,452.25
23,438.16
0,406.68
1,406.64
2,395.56
3,396.71
4,400.93
5,388.01
6,389.62
7,422.39
8,451.57
9,463.12
10,463.55
11,449.72
12,425.23
13,435.24
14,438.77
15,432.32
16,420.01
17,418.04
18,445.09
19,439.76
20,430.83
21,424.43
22,456.09
23,445.13
0,409.91
1,406.61
2,399.31
3,390.56
4,393.43
5,385.83
6,379.5
7,403.84
8,438.08
9,443.69
10,453.9
11,451.36
12,430.57
13,430.13
14,422.78
15,399.42
16,406.81
17,412.76
18,430.18
19,427.38
20,422.12
21,422.15
22,469.25
23,455
0,419.63
1,389.01
2,414.05
3,393.91
4,373.76
5,390.4
6,388.18
7,394.82
8,404.94
9,401.84
10,433.12
11,435.57
12,429.61
13,426.13
14,419.33
15,421.23
16,401.23
17,384.95
18,417.61
19,434.32
20,429.73
21,446.7
22,467.9
23,450.96
0,442.15
1,423.45
2,409.96
3,406.92
4,409.83
5,389.46
6,396.63
7,412.62
8,464.14
9,475.02
10,472.58
11,468.74
12,466.44
13,470.04
14,457.05
15,442.21
16,423.69
17,411.17
18,449.25
19,459.68
20,461.57
21,471.16
22,499.74
23,485.53
0,468.82
1,472.29
2,439.57
3,421.73
4,432.83
5,422.25
6,409.16
7,435.61
8,465.92
9,481.71
10,480.81
11,468.64
12,465.3
13,464.87
14,472.19
15,457.2
16,439.85
17,422.28
18,449.69
19,463.13
20,467
21,475.19
22,495.73
23,475.17
0,448.84
1,461.34
2,414.16
3,410.92
4,412.88
5,414.99
6,411.36
7,403.18
8,463.89
9,489.29
10,479.52
11,468.16
12,471.42
13,470.63
14,470.63
15,470.81
16,458.93
17,420.12
18,443.78
19,468.1
20,464.53
21,464.18
22,501.61
23,245.63
0,442.73
1,420.15
2,420.04
3,415.34
4,414.63
5,420.82
6,409.76
7,421.65
8,469.78
9,480.4
10,478.53
11,474.34
12,460.28
13,454.01
14,452.23
15,450.79
16,435.44
17,404.98
18,403.71
19,457.85
20,458.5
21,452.06
22,477.35
23,468.44
0,441.97
1,426.17
2,413.94
3,409.31
4,407.53
5,409.99
6,403.01
7,420.55
8,451.53
9,460.62
10,470.14
11,468.51
12,438.74
13,440.06
14,441.62
15,441.39
16,433.27
17,406.4
18,404.3
19,440.51
20,443.68
21,437.58
22,469.76
23,458.97
0,432.64
1,416.28
2,410.2
3,409
4,412.24
5,413.97
6,399.7
7,410.9
8,452.26
9,462.96
10,464.71
11,457.21
12,445.18
13,441.83
14,434
15,422.98
16,414.74
17,400.72
18,404.57
19,437.77
20,437.26
21,427.7
22,461.74
23,453.41
0,428.85
1,413.92
2,400.99
3,403.07
4,398.81
5,397.27
6,382.11
7,390.89
8,401.23
9,413.58
10,427.09
11,419.23
12,415.44
13,412.72
14,404.64
15,402.22
16,393.18
17,377.53
18,381.11
19,424.81
20,440.52
21,431.53
22,458.81
23,445.04
0,409.61
1,404.4
2,397.91
3,391.77
4,392.93
5,399.65
6,389.92
7,407.89
8,451.08
9,448.71
10,458.28
11,457.54
12,436.85
13,438.06
14,440.43
15,436.14
16,428.05
17,408.9
18,404.87
19,434.58
20,436.53
21,426.61
22,460.49
23,450.64
0,417.38
1,418.63
2,396
3,395.26
4,397.32
5,400.14
6,393.35
7,408.92
8,453.66
9,459.11
10,462.22
11,470.23
12,452.28
13,448.04
14,448.73
15,447.49
16,441.69
17,408.23
18,401.3
19,431.54
20,441.18
21,433.79
22,468.97
23,457.4
0,429.94
1,422.4
2,413.63
3,409.5
4,409.01
5,411.56
6,398.56
7,410.07
8,458.56
9,462.27
10,464.98
11,463.26
12,448.09
13,447.52
14,443.77
15,413.92
16,411.74
17,414.54
18,426.71
19,444.25
20,446.51
21,443.87
22,472.01
23,467.84
0,448.69
1,425.66
2,420.78
3,411.61
4,405.13
5,410.59
6,401.88
7,413.8
8,461.28
9,471.09
10,481.03
11,467.63
12,456.93
13,457.62
14,448.49
15,444.42
16,435.63
17,439.04
18,438.02
19,471.29
20,470.97
21,462.12
22,486.02
23,466.88
0,442.62
1,432.84
2,419.87
3,424.53
4,425.52
5,425.68
6,406.53
7,421.77
8,473.66
9,465.97
10,470.4
11,458.04
12,431.95
13,439.92
14,444.71
15,437.11
16,428.06
17,426.63
18,429.62
19,463.01
20,462.97
21,453.82
22,489.29
23,473.66
0,446.27
1,434.44
2,425.72
3,424.3
4,422.63
5,427.63
6,406.65
7,416.31
8,456.88
9,464.28
10,476.06
11,471.83
12,458.11
13,457.73
14,452.78
15,443.42
16,421.65
17,404.42
18,410.49
19,454.08
20,457.24
21,449.36
22,478.46
23,470.08
0,446.6
1,431.15
2,417.76
3,413.7
4,407.69
5,404.86
6,396.81
7,410.38
8,418.14
9,429.88
10,452.93
11,469.87
12,454.03
13,448.89
14,435.26
15,435.81
16,433.55
17,415
18,422.65
19,450.74
20,450.78
21,437.82
22,462.5
23,445.44
0,418.72
1,408.01
2,393.85
3,398.47
4,394.58
5,396.76
6,394.75
7,428.22
8,458.44
9,479.79
10,488.63
11,489.2
12,473.31
13,478.05
14,477.45
15,466.71
16,461.98
17,441.56
18,435.19
19,464.39
20,466.15
21,452.31
22,480.11
23,469.17
0,443.02
1,426.09
2,419.88
3,412.01
4,416.01
5,419.63
6,413.53
7,437.5
8,462.62
9,478.9
10,488.12
11,483.78
12,461.93
13,462
14,453.22
15,445.52
16,423.36
17,404
18,403.22
19,445.21
20,455.59
21,448.48
22,481.71
23,474.6
0,445.83
1,429.9
2,417.62
3,415.19
4,423.2
5,418.12
6,405.58
7,430.8
8,459.82
9,478.81
10,481.79
11,474.32
12,453.94
13,458.94
14,457.4
15,453.04
16,442.87
17,421.45
18,418.59
19,449.47
20,457.76
21,450.91
22,479.05
23,469.93
0,439.69
1,420.02
2,412.27
3,407.73
4,413.1
5,406.36
6,403.36
7,421.6
8,453.13
9,474.01
10,472.88
11,460.97
12,445.7
13,453.22
14,444.89
15,443.48
16,439.17
17,415.29
18,413.32
19,440.06
20,447.73
21,440.3
22,473.92
23,469.72
0,444.83
1,431.01
2,414.34
3,412.72
4,413.94
5,411.82
6,409.04
7,433.36
8,459.31
9,470.67
10,476.52
11,477.04
12,448.78
13,456.6
14,464.74
15,461.49
16,446.06
17,423.52
18,418.54
19,443.22
20,449.3
21,445.24
22,473.58
23,465.92
0,440.35
1,428.19
2,416.64
3,402.59
4,404.28
5,395.8
6,390.49
7,415.79
8,451.83
9,468.95
10,479.98
11,485.28
12,453.14
13,456.53
14,454.51
15,442.79
16,440.96
17,423.94
18,429.63
19,455.46
20,453.67
21,448.7
22,478.25
23,470.34
0,447.92
1,434.24
2,422.3
3,409.8
4,415.12
5,410.71
6,401.4
7,415.07
8,432.36
9,436.09
10,435.53
11,430.6
12,421.55
13,417.71
14,412.17
15,411.56
16,402.67
17,397.16
18,398.38
19,425.68
20,437.98
21,433.28
22,455.61
23,441.5
0,418.35
1,397.46
2,398.52
3,388.04
4,391.71
5,389.16
6,386.24
7,411.79
8,451.24
9,467.71
10,488.09
11,484.4
12,459.02
13,461.8
14,462.83
15,455.42
16,443.42
17,435.88
18,427.83
19,456.28
20,458.46
21,456.58
22,466.92
23,446.04
0,425.1
1,410.97
2,411.41
3,407.74
4,409.49
5,407.23
6,406.19
7,434.29
8,466.96
9,477.1
10,475.75
11,475.3
12,466.55
13,470.28
14,471.48
15,464.48
16,440.32
17,432.5
18,427.12
19,447.1
20,460.93
21,459.41
22,473.02
23,455.84
0,437.65
1,419.7
2,421.7
3,414.45
4,412.36
5,405.13
6,396.84
7,418.83
8,450.5
9,452.85
10,462.24
11,460.08
12,444.78
13,449.97
14,445.43
15,441.02
16,424.65
17,415.75
18,420.78
19,441.7
20,453.82
21,445.39
22,458.31
23,448.36
0,427.1
1,411.88
2,397.63
3,398.74
4,402.19
5,398.86
6,391.93
7,408.57
8,445.44
9,461.02
10,469.62
11,472.29
12,453.29
13,456.65
14,455.76
15,456.07
16,443.68
17,434.31
18,431.32
19,447.74
20,454.08
21,447.47
22,468.99
23,457.49
0,430.48
1,417.19
2,408.12
3,404.54
4,401.7
5,397.06
6,393.43
7,414.04
8,447.87
9,453.33
10,460.89
11,459.08
12,432.08
13,438.12
14,445.56
15,441.35
16,434.97
17,416.44
18,412.8
19,440.96
20,449.57
21,445.62
22,460.35
23,447.05
0,419.73
1,408.72
2,405.54
3,397.32
4,392.2
5,383.45
6,369.67
7,392.67
8,436.35
9,451.09
10,470.45
11,467.08
12,454.08
13,450.75
14,454.05
15,441.61
16,413.19
17,398.32
18,392.95
19,421.15
20,437.81
21,430.04
22,468.27
23,459.08
0,438.01
1,421.51
2,408.65
3,410.86
4,407.63
5,394.03
6,381.2
7,393.39
8,407.12
9,421.64
10,443.23
11,437.34
12,426.85
13,424.88
14,421.86
15,415.89
16,409.62
17,387.34
18,387.07
19,418.72
20,434.46
21,434.22
22,466.21
23,443.03
0,421.47
1,402.99
2,394.3
3,396.51
4,398.1
5,393.81
6,387.42
7,410.93
8,456.79
9,468.98
10,479.31
11,480.28
12,456.52
13,461.56
14,461.32
15,457.18
16,447.7
17,418.27
18,419.57
19,444.98
20,450.58
21,441.21
22,470.43
23,457.71
0,437.11
1,426.85
2,424.71
3,421.07
4,418.83
5,410.45
6,412.98
7,429.65
8,475.55
9,478.54
10,480.09
11,472.75
12,448.61
13,461.76
14,464.22
15,457.32
16,435.13
17,425.36
18,424.53
19,449.31
20,455.07
21,448.33
22,479.51
23,468.33
0,439.44
1,419.35
2,425.22
3,416.14
4,414.12
5,412.16
6,415.83
7,367.62
8,446.05
9,471.25
10,485.28
11,484.09
12,474.63
13,476.86
14,470.72
15,464
16,436.76
17,441.18
18,436.18
19,460.92
20,464.11
21,460.61
22,479.95
23,471.07
0,446.89
1,427.93
2,418.61
3,416.62
4,417.29
5,410.87
6,414.72
7,449.99
8,465.18
9,476.52
10,485.97
11,481.9
12,457.75
13,455.09
14,453.58
15,449.17
16,435.94
17,422.05
18,419.42
19,443.96
20,451.3
21,450.03
22,486.46
23,464.64
0,437.01
1,418.2
2,414.26
3,410.17
4,415.72
5,397.04
6,397.7
7,422.77
8,471.9
9,472.09
10,472.64
11,471.02
12,445.62
13,450.44
14,443.84
15,436.65
16,424.46
17,423.31
18,422.98
19,445.43
20,444.06
21,436.81
22,471.97
23,461.93
0,457.32
1,437.24
2,431.89
3,431.21
4,430.86
5,421.83
6,414.66
7,442.28
8,459.63
9,480.28
10,483.61
11,480.25
12,446.73
13,451.17
14,450.08
15,438.65
16,427.52
17,401.34
18,404.8
19,433.21
20,448.6
21,437.6
22,484.6
23,477.57
0,450.94
1,438.87
2,408.69
3,423.75
4,427.91
5,418.46
6,392.67
7,394.12
8,406.41
9,409.99
10,436.56
11,417.38
12,427.64
13,416.36
14,392.07
15,386.02
16,382.08
17,374.55
18,379.96
19,413.37
20,435.27
21,429.68
22,476.7
23,465.65
0,437.58
1,416.83
2,414.16
3,407.42
4,409.93
5,406.36
6,399.28
7,416.26
8,455.45
9,463.53
10,470.72
11,469.22
12,444.55
13,447.7
14,450.73
15,431.92
16,424.88
17,400.68
18,396.92
19,422.55
20,451.55
21,447.85
22,488.5
23,481.49
0,451.51
1,437.59
2,432.13
3,430.3
4,433.27
5,424.55
6,416.16
7,438.29
8,465.5
9,465.15
10,470.87
11,470.67
12,453.34
13,454.53
14,458.84
15,454.1
16,426.88
17,399.41
18,401.34
19,425.63
20,446.4
21,440.48
22,489.93
23,483.7
0,452.63
1,433.78
2,429.97
3,427.41
4,429.54
5,418.42
6,406.57
7,429.8
8,457.49
9,454.72
10,462.83
11,466.94
12,452.85
13,451.75
14,445.31
15,424.37
16,410.81
17,396.23
18,394.7
19,422.03
20,446.06
21,455.34
22,495.33
23,479.26
0,438.88
1,429.32
2,427.11
3,425.21
4,428.91
5,416.05
6,413.75
7,435.9
8,470.39
9,472.2
10,479.05
11,482.53
12,458.15
13,461.47
14,450.83
15,445.53
16,430.03
17,415.55
18,420.9
19,443.49
20,466.65
21,470.04
22,488.04
23,480.23
0,449.53
1,420.1
2,426.48
3,421.43
4,420.3
5,410.89
6,413.13
7,434.71
8,479.7
9,484.08
10,489.89
11,483.77
12,455.28
13,467.14
14,464.52
15,458.97
16,446.61
17,407.43
18,407.76
19,429.58
20,460.37
21,463.65
22,489.92
23,475.39
0,444.58
1,433.12
2,432.02
3,425.49
4,425.67
5,421.85
6,416.73
7,429.26
8,465.19
9,480.98
10,475.82
11,483.19
12,466.61
13,470.88
14,467.47
15,466.07
16,452.59
17,425.15
18,423.29
19,441.76
20,460.93
21,460.3
22,485.59
23,474.4
0,439.7
1,432.18
2,426.18
3,424.6
4,421.99
5,407.03
6,399.35
7,390.13
8,379.09
9,388.36
10,408.16
11,410.73
12,402.76
13,402.24
14,398.3
15,384.76
16,383.5
17,377.25
18,390.31
19,414.15
20,448.96
21,437.56
22,471.37
23,452.52
0,431.23
1,415.44
2,414.93
3,412.16
4,408.3
5,401.7
6,400.1
7,422.43
8,471.4
9,463.73
10,466.34
11,462.33
12,437.91
13,443.75
14,446.65
15,448
16,452.67
17,426.2
18,415.83
19,424.68
20,444.84
21,443.75
22,479.25
23,470.57
0,452.11
1,441.69
2,431.41
3,428.22
4,431.05
5,421.56
6,415.8
7,437.45
8,471.08
9,495.81
10,492.45
11,489.1
12,477.09
13,481.86
14,492.82
15,497.83
16,474.78
17,430.58
18,427.62
19,439.27
20,467.12
21,462.24
22,497.42
23,483.97
0,451.39
1,446.74
2,438.47
3,429.76
4,435.89
5,430
6,424.04
7,443.05
8,481.55
9,509.55
10,509.87
11,506.75
12,482.91
13,502.2
14,510.55
15,505.32
16,489.37
17,440.24
18,430.29
19,441.53
20,467.31
21,463.31
22,502.4
23,486.98
0,459.07
1,458.18
2,449.92
3,444.31
4,435.36
5,430.79
6,437.55
7,458.69
8,487
9,517.24
10,516.37
11,514.78
12,503.06
13,510.94
14,504.47
15,498.58
16,474.66
17,446.63
18,431.56
19,445.28
20,473.54
21,469.83
22,503.46
23,495.54
0,473.21
1,457.89
2,450.91
3,446.3
4,443.81
5,432.48
6,427.96
7,459.89
8,492.06
9,517.29
10,525.22
11,512.78
12,490.37
13,501.67
14,494.2
15,485.2
16,466.04
17,440.61
18,439.39
19,446.16
20,470.08
21,464.29
22,490.56
23,480.02
0,455.26
1,450.16
2,440.47
3,435.65
4,424.69
5,415.66
6,408.45
7,429.16
8,464.3
9,484.75
10,507.8
11,507.32
12,495.92
13,488.07
14,479.22
15,470.44
16,450.37
17,435.18
18,423.77
19,435.78
20,462.84
21,459.37
22,500.68
23,485.2
0,455.8
1,444.58
2,446.09
3,439.02
4,440.69
5,423.73
6,409.96
7,412.36
8,422.06
9,446.23
10,463.86
11,460.42
12,455.9
13,446.52
14,448.88
15,447.27
16,434.18
17,411.77
18,405.28
19,416.68
20,446.48
21,447.58
22,492.93
23,481.32
0,458.39
1,442.07
2,427.27
3,425.92
4,432
5,423.88
6,421.24
7,443.39
8,481.5
9,508.74
10,503.1
11,500.91
12,473.69
13,472.89
14,474.26
15,471.55
16,464.7
17,441.15
18,436.89
19,437.31
20,463.42
21,459.89
22,485.05
23,483.37
0,462.99
1,448.96
2,437.58
3,434.75
4,433.7
5,428.73
6,437.76
7,448.36
8,482.8
9,503.63
10,485.72
11,473.77
12,456.61
13,458.18
14,464.54
15,452.99
16,429.22
17,421.66
18,414.66
19,420.06
20,443.36
21,437.56
22,477.4
23,475.07
0,450.49
1,442.71
2,437.71
3,430.53
4,426.41
5,424.58
6,422.88
7,443.63
8,473.22
9,495.85
10,496.22
11,497.54
12,473.92
13,482.71
14,480.25
15,474.81
16,457.16
17,432.25
18,429.22
19,442.12
20,465.91
21,457.55
22,492.24
23,479.4
0,457.14
1,447.28
2,441.92
3,437.77
4,435.96
5,422.06
6,416.22
7,434.45
8,478.72
9,500.21
10,493.52
11,499.93
12,480.7
13,477.36
14,488.46
15,488.5
16,475.17
17,445.61
18,438.65
19,445.86
20,472.84
21,470.08
22,496.44
23,486.5
0,465.17
1,453.75
2,443.43
3,442.22
4,440.84
5,432.38
6,437.73
7,458.03
8,489.76
9,507.15
10,514.26
11,511.48
12,479.24
13,480.95
14,491.16
15,479.89
16,470.32
17,450.01
18,435.68
19,438.66
20,467.71
21,462.34
22,488.86
23,474.2
0,455.69
1,445.13
2,439.91
3,436.47
4,435.86
5,419.04
6,419.6
7,441.57
8,474.83
9,500.72
10,499.7
11,501.13
12,483.41
13,479.61
14,482.37
15,470.5
16,459.91
17,430.47
18,419.15
19,427.04
20,453.21
21,449.86
22,480.06
23,473.23
0,449.88
1,438.7
2,437.79
3,428.96
4,430.24
5,419.61
6,418.36
7,413.71
8,415.43
9,427.71
10,449.18
11,447.5
12,440.66
13,437.91
14,436.19
15,435.22
16,414.47
17,405.59
18,404.43
19,398.77
20,429.11
21,417.2
22,449.12
23,439.72
0,420.22
1,413.88
2,406.39
3,403.3
4,404.52
5,396.46
6,401.09
7,426.73
8,467.11
9,498.29
10,492.95
11,500.79
12,483.52
13,488.91
14,491.34
15,481.77
16,448.35
17,423.55
18,421.91
19,426.98
20,457.82
21,454.6
22,479.56
23,477.69
0,456.04
1,451.1
2,439.11
3,433.14
4,436.08
5,424.82
6,427.97
7,446.04
8,478.21
9,500.1
10,496.64
11,501.26
12,490.09
13,490.72
14,486.63
15,481.27
16,459.74
17,443.1
18,437.57
19,450.03
20,474.82
21,467.52
22,492.86
23,487.87
0,464.98
1,453.84
2,444.31
3,441.37
4,448.15
5,439.09
6,429.48
7,449.02
8,483.37
9,508.28
10,516.31
11,514.91
12,495.4
13,497.77
14,497.49
15,487.38
16,478.96
17,446.26
18,437.16
19,447.93
20,476.11
21,471.07
22,503.42
23,492.95
0,469.48
1,464.94
2,459.07
3,452.51
4,453.31
5,440.22
6,443.83
7,455.63
8,482.92
9,516.6
10,510.03
11,509.05
12,487.48
13,496.75
14,497.72
15,476.26
16,467.21
17,447.32
18,440.38
19,448.8
20,469.1
21,464.51
22,492.62
23,493.59
0,466.43
1,452.89
2,448.91
3,447.98
4,442.59
5,421.17
6,429.59
7,443.77
8,469.72
9,485.26
10,501.1
11,500.34
12,474.7
13,481.79
14,487.92
15,488.42
16,472.83
17,442.63
18,386.79
19,423.49
20,446.25
21,442.37
22,476.35
23,469.1
0,447.6
1,442.06
2,440.79
3,440.21
4,441.14
5,424.57
6,430.07
7,444.07
8,476.69
9,504.1
10,523.75
11,520.12
12,504.22
13,505.05
14,501.62
15,491.12
16,463.39
17,433.1
18,429.97
19,433.87
20,463.03
21,469.71
22,499.75
23,496.12
0,471.31
1,460.76
2,453.09
3,449.13
4,445.72
5,434.96
6,433.47
7,444.72
8,442.17
9,445.75
10,452.49
11,469.26
12,462.14
13,459.61
14,455.31
15,457.27
16,442.54
17,423.37
18,426.83
19,437.82
20,470.01
21,470.22
22,498.69
23,487.43
0,462.81
1,454.79
2,442.15
3,438.32
4,439.53
5,424.4
6,424.48
7,438.18
8,482.56
9,516.05
10,514.24
11,516.69
12,502.91
13,513.78
14,505.09
15,490.2
16,470.29
17,453.08
18,449.1
19,453.62
20,477.81
21,477.88
22,518.68
23,513.78
0,492.87
1,480.33
2,466.95
3,463.1
4,461.29
5,452.72
6,457
7,473.14
8,509.53
9,542.67
10,537.65
11,540.18
12,524.27
13,521.92
14,521.82
15,522.03
16,500.94
17,469.52
18,462.6
19,464.08
20,492.43
21,491.15
22,520.27
23,512.16
0,488.86
1,474.39
2,469.05
3,458.45
4,451.73
5,446.84
6,453.09
7,473.19
8,507.92
9,545.95
10,543.48
11,540.75
12,521.46
13,526.95
14,523.05
15,517.76
16,502.67
17,475.52
18,470.19
19,464.39
20,483.82
21,482.58
22,508.48
23,492.77
0,468.47
1,466.47
2,454.72
3,455.46
4,456.08
5,440
6,445.33
7,466.29
8,503.46
9,525.7
10,530.64
11,530.58
12,513.27
13,522.03
14,505.96
15,505.08
16,487
17,466.33
18,454.89
19,451.58
20,481.97
21,480.99
22,501.7
23,492.93
0,485.51
1,477.72
2,468.96
3,460.74
4,457.11
5,446.48
6,450.81
7,469.01
8,515.32
9,532.03
10,526.04
11,540.16
12,521.19
13,515.27
14,508.53
15,509.81
16,498.96
17,473.29
18,455.43
19,465.22
20,496.4
21,500.73
22,530.36
23,520.48
0,493.2
1,483.48
2,472.14
3,469.95
4,475
5,463.34
6,466.45
7,478.97
8,501.69
9,528.3
10,539.89
11,538.03
12,513.49
13,526.7
14,524.91
15,514.67
16,497.06
17,468.59
18,463.87
19,457.18
20,489.32
21,490.76
22,526.1
23,516.32
0,492.39
1,485.86
2,474.11
3,465.1
4,461.98
5,444.55
6,439.51
7,446.87
8,463.9
9,480.58
10,492.17
11,489.71
12,471.44
13,476.47
14,477.4
15,465.61
16,443.44
17,422.92
18,414.46
19,421.5
20,451.26
21,451.03
22,478.65
23,474.32
0,443.36
1,431.58
2,426.56
3,423.86
4,422.86
5,406.74
6,410.34
7,440.59
8,491.87
9,523.44
10,528.12
11,524.73
12,510.78
13,514.02
14,515.61
15,503.13
16,482.48
17,459.93
18,446.07
19,452.79
20,469.45
21,468.13
22,492.66
23,492.73
0,468.44
1,455.65
2,445.67
3,446.47
4,443.96
5,433.16
6,435.65
7,452.16
8,489.39
9,512.06
10,513.54
11,515.46
12,435.29
13,248.31
14,450.15
15,476.73
16,487.62
17,466.64
18,459.93
19,460.66
20,482.56
21,471.01
22,489.49
23,486.49
0,465.79
1,457.77
2,454.12
3,455.93
4,453.94
5,441.6
6,444.62
7,466
8,507.65
9,522
10,529.67
11,521.71
12,501.03
13,509.23
14,510.25
15,499.39
16,486.87
17,468.72
18,465.42
19,462.24
20,486.48
21,488.66
22,522.21
23,516.84
0,489.49
1,477.21
2,469.89
3,463.23
4,460.52
5,454.41
6,448.33
7,458.66
8,494.52
9,520.65
10,526.15
11,516.52
12,492.39
13,495.96
14,505.14
15,496.88
16,478.99
17,457.66
18,447.99
19,449.86
20,477.31
21,475.56
22,516.3
23,514.26
0,491.26
1,480.95
2,471.91
3,462.12
4,467.58
5,459.24
6,453.56
7,475.38
8,524.05
9,545.04
10,543.03
11,552.25
12,520.37
13,522.2
14,534.85
15,530.53
16,512.92
17,475.14
18,465.36
19,460.67
20,479.82
21,478.36
22,521.58
23,524.58
0,494.93
1,488.8
2,474.52
3,457.3
4,462.53
5,452.64
6,453.47
7,464.95
8,495.42
9,527.19
10,524.35
11,530.88
12,523.68
13,519.8
14,506.72
15,493.37
16,485.94
17,461.99
18,453.07
19,446.76
20,465.42
21,467.43
22,515.59
23,517.53
0,499.54
1,456.13
2,466.44
3,459.6
4,457.78
5,449.18
6,452.19
7,464.99
8,469.45
9,474.86
10,493.67
11,502.72
12,483.14
13,478.27
14,481.35
15,471.73
16,456.71
17,441.12
18,441.97
19,443.72
20,465.17
21,473.4
22,507.86
23,496.03
0,464.33
1,448.65
2,445.86
3,442.71
4,432.65
5,430.95
6,438.84
7,473.24
8,519.06
9,522.67
10,549.09
11,560.84
12,538.28
13,543.66
14,551.56
15,538.33
16,515.28
17,497.31
18,486.42
19,486.29
20,488.58
21,491.03
22,535.56
23,547.33
0,514.93
1,498.71
2,492.9
3,488.58
4,484.52
5,475.73
6,469.61
7,494.02
8,548.32
9,572.86
10,568.32
11,566.72
12,538.79
13,548.56
14,557.19
15,543.47
16,534.68
17,495.65
18,470.15
19,475.22
20,494.58
21,496.83
22,536.89
23,538.76
0,493.52
1,477.12
2,471.35
3,469.66
4,466.36
5,473.05
6,456.48
7,480.66
8,531.76
9,550.01
10,546
11,557.55
12,555.34
13,542.16
14,545.83
15,543.57
16,541.73
17,491.23
18,473.03
19,472.89
20,502.11
21,495.72
22,530.76
23,518.98
0,494.48
1,483.18
2,487.73
3,474.66
4,472.94
5,467.84
6,477.07
7,492.95
8,531.29
9,551.87
10,564.71
11,567.74
12,542.07
13,532.26
14,534.18
15,549.68
16,543.42
17,510.26
18,499.28
19,490.85
20,507.08
21,512.46
22,533.56
23,525.71
0,507.59
1,488.61
2,480.93
3,455.15
4,478.44
5,472.21
6,476.08
7,502.11
8,539.02
9,570.35
10,585
11,588.02
12,565.75
13,569.77
14,581.21
15,573.85
16,565.77
17,522.85
18,500.08
19,486.69
20,506.02
21,510.36
22,545.05
23,548.51
0,521.06
1,502.61
2,493.93
3,486.79
4,460.25
5,468.52
6,469.25
7,496.06
8,533.8
9,547.12
10,568.51
11,570.24
12,563.74
13,561.06
14,557.63
15,548.52
16,518.37
17,481.07
18,468.68
19,466.16
20,483.12
21,485.03
22,523.93
23,521.95
0,497.19
1,485.82
2,477.84
3,463.42
4,462.87
5,451.44
6,445.09
7,457.45
8,464.09
9,480.78
10,499.91
11,493.11
12,488.21
13,490.38
14,492.38
15,483.05
16,467.71
17,441.63
18,436.45
19,444.97
20,467.66
21,467.5
22,499.59
23,498.83
0,481.08
1,463.12
2,452.51
3,448.54
4,445.71
5,433.22
6,439.13
7,466.73
8,523.87
9,537.81
10,545.62
11,547.61
12,530.09
13,538.85
14,535.25
15,530.79
16,525.96
17,492.83
18,438.28
19,483.54
20,507.34
21,511.2
22,536.74
23,530.83
0,508.18
1,494.63
2,485.14
3,481.82
4,475.19
5,460.39
6,468.08
7,484.66
8,546.8
9,570.67
10,576.17
11,572.64
12,556.54
13,560.59
14,559.22
15,561.19
16,545.27
17,508.51
18,482.59
19,484.04
20,497.68
21,495.17
22,535.66
23,526.89
0,507.61
1,497.03
2,484.62
3,479.25
4,476.73
5,470.02
6,470.27
7,488.67
8,533.53
9,551.38
10,550.51
11,547.75
12,527.11
13,544.75
14,542.33
15,532.2
16,522.88
17,478.85
18,474.22
19,470.83
20,488.26
21,484.84
22,526.09
23,530.97
0,498.73
1,495.62
2,488.17
3,477.9
4,478.37
5,461.16
6,461.54
7,484.75
8,516.07
9,533.44
10,548.31
11,551.92
12,525.27
13,519.13
14,533.55
15,512.52
16,498.53
17,476.24
18,463.06
19,462.56
20,484.26
21,482.44
22,516.19
23,517.89
0,489.75
1,493
2,481.17
3,472
4,478.32
5,461.01
6,460.44
7,484.56
8,478.68
9,530.33
10,537.11
11,542.33
12,516.92
13,529.71
14,534.12
15,522.25
16,506.04
17,454.34
18,472.92
19,467.3
20,492.94
21,497.49
22,525.23
23,526.01
0,503.14
1,488.07
2,488.28
3,481.52
4,475.93
5,466.84
6,458.71
7,470.71
8,503.16
9,522.59
10,535.15
11,536.25
12,518.61
13,518.74
14,513.46
15,501.74
16,488.15
17,467.12
18,457.39
19,457.78
20,473.85
21,473.43
22,511.93
23,508.94
0,491.16
1,484.42
2,478.58
3,453.76
4,469.17
5,455.78
6,445.77
7,454.56
8,470.27
9,483.49
10,491.7
11,488.53
12,479.99
13,486.02
14,483.55
15,480.91
16,471.27
17,450.88
18,444.56
19,441.81
20,467.36
21,472.69
22,509.97
23,506.84
0,480.79
1,465.05
2,455.13
3,445.43
4,451.77
5,440.97
6,439.74
7,468.45
8,510.51
9,543.8
10,554.67
11,556.52
12,540.18
13,551.93
14,541.18
15,538.27
16,533.53
17,499.75
18,482.03
19,476.65
20,496.76
21,500.14
22,526.19
23,519.16
0,491.94
1,484.81
2,482.81
3,481.43
4,479.64
5,465.72
6,469.39
7,500.94
8,538.01
9,553.51
10,562.15
11,568.76
12,549.98
13,558.62
14,556.14
15,538.59
16,536.76
17,513.9
18,498.85
19,484.94
20,504.94
21,506.89
22,538.04
23,525.88
0,508.4
1,485.45
2,479.26
3,478.4
4,467.83
5,460.58
6,469.9
7,496.33
8,532.69
9,554.76
10,566.28
11,567.63
12,550.53
13,562.33
14,558.79
15,554.06
16,527.8
17,490.38
18,474.18
19,470.04
20,489.6
21,490.79
22,521.8
23,526.06
0,497.79
1,492.61
2,482.88
3,473.31
4,478.16
5,461.81
6,461.33
7,489.69
8,534.91
9,562.85
10,563.21
11,565.16
12,545.36
13,554.42
14,557.38
15,554.29
16,535.08
17,487.21
18,472.83
19,463.1
20,479.34
21,484.16
22,525
23,509.23
0,497.02
1,483.79
2,474.36
3,468.12
4,473.49
5,455.71
6,454.1
7,471.77
8,524.63
9,554.65
10,552.59
11,557.47
12,526.79
13,535.49
14,546.3
15,528.69
16,519.6
17,491.48
18,476.95
19,461.44
20,481.23
21,481.45
22,514.31
23,514.28
0,494.88
1,496.7
2,489.87
3,483.35
4,479.25
5,473.02
6,475.17
7,492.29
8,532.23
9,554.6
10,566.45
11,572.29
12,557.3
13,554.18
14,557.21
15,545.08
16,508.57
17,475.86
18,471.19
19,465.98
20,483.87
21,486.97
22,527.13
23,518.63
0,500.16
1,491.74
2,479.44
3,472.57
4,471.94
5,456.87
6,455.47
7,470.5
8,484.85
9,493.9
10,504.51
11,495.36
12,476.84
13,483.87
14,496.28
15,485.31
16,467.98
17,445.25
18,441.51
19,440.18
20,456.62
21,462.38
22,497.58
23,496.99
0,476.87
1,463.54
2,459.7
3,449.16
4,450.06
5,442.54
6,451.3
7,479.42
8,535.27
9,556.8
10,568.87
11,575.7
12,562.2
13,567.38
14,568.26
15,552.28
16,534.34
17,503.41
18,495.21
19,481.51
20,504.71
21,509.81
22,541.28
23,538.05
0,516.79
1,505.58
2,493.33
3,485.22
4,484.58
5,468.2
6,478.08
7,499.72
8,546.32
9,576.66
10,586.74
11,592.77
12,570.64
13,583.37
14,588.96
15,566.04
16,535.46
17,516.09
18,504.38
19,494.6
20,511.14
21,518.81
22,544.14
23,547.29
0,521.42
1,512.13
2,500.73
3,492.05
4,487.52
5,478.32
6,480.7
7,506.69
8,549.42
9,554.22
10,567.37
11,561.81
12,552.27
13,566.79
14,573.41
15,565.96
16,550.15
17,508.91
18,490.93
19,486.85
20,505.39
21,509.45
22,546.3
23,545.53
0,518.63
1,506.57
2,480.48
3,482.33
4,479.32
5,472.61
6,480.1
7,504.43
8,547.22
9,565.78
10,579.46
11,584.2
12,569.57
13,581.32
14,585.72
15,568.98
16,559.29
17,516.02
18,506.53
19,491.01
20,506.79
21,513.42
22,546.33
23,538.91
0,516.5
1,501.12
2,496.08
3,487.71
4,483.02
5,465.95
6,462.88
7,490.62
8,535.77
9,554.56
10,569.06
11,566.4
12,543.72
13,543.36
14,558.61
15,556.03
16,535.7
17,516.62
18,493.32
19,486.46
20,506.58
21,507.1
22,534.3
23,529.89
0,511
1,504.8
2,495.34
3,485.06
4,480.21
5,469
6,479.55
7,500.71
8,532.23
9,553.72
10,562.53
11,572.26
12,568.32
13,566.74
14,554.71
15,537.18
16,528.26
17,502.43
18,486.85
19,481.82
20,504.81
21,509.92
22,538.76
23,541.06
0,517.04
1,500.49
2,491.96
3,482.05
4,479.03
5,474.1
6,470.23
7,476.72
8,478.81
9,490.63
10,513.47
11,520.24
12,500.06
13,509.98
14,512.12
15,507.75
16,484.45
17,468.5
18,466.86
19,467.77
20,492.44
21,497.39
22,521.43
23,519.09
0,505.2
1,488.03
2,475.93
3,471.19
4,472.92
5,458.62
6,462.49
7,484.42
8,530.5
9,556.56
10,569.7
11,583.26
12,574.16
13,578.34
14,581.54
15,573.63
16,562.5
17,517.14
18,510.4
19,512.07
20,521.03
21,519.91
22,552.18
23,545.18
0,527.87
1,508.87
2,500.1
3,496.97
4,497.85
5,487.37
6,487.16
7,511.81
8,557.01
9,582.05
10,597.81
11,597.87
12,581.91
13,593.38
14,592.45
15,588.71
16,578.96
17,533.08
18,511.69
19,503.91
20,519.35
21,519.09
22,544.83
23,547.87
0,531.52
1,520.15
2,508.8
3,504.17
4,496.95
5,488.8
6,481.81
7,524.16
8,564.91
9,580.99
10,593.09
11,601.51
12,577.77
13,596.07
14,603.27
15,598.56
16,583.72
17,532.09
18,509.75
19,496
20,516.53
21,520.6
22,549.41
23,549.07
0,522.88
1,507.78
2,494.11
3,487.13
4,496.21
5,489.48
6,495.05
7,520.72
8,567.25
9,590.28
10,603.14
11,600.46
12,578.38
13,587.42
14,588.06
15,584.6
16,555.72
17,517.92
18,512.27
19,502.67
20,512.96
21,517.61
22,554.77
23,555.83
0,527.51
1,517.53
2,505.08
3,493.34
4,501.57
5,494.08
6,490.2
7,523.69
8,565.53
9,584.24
10,589.21
11,590.21
12,568.55
13,564.65
14,570.82
15,585.85
16,571.79
17,528.61
18,511.46
19,501.01
20,521.45
21,527.03
22,554.62
23,550.32
0,524.3
1,505.15
2,500.6
3,494.7
4,496.69
5,483.75
6,484.09
7,509.14
8,544.83
9,568.5
10,580.66
11,579.1
12,566.28
13,572.3
14,568.61
15,555.01
16,534.46
17,494.33
18,489.01
19,482.15
20,506.64
21,496.28
22,541.08
23,540.07
0,518.74
1,510.21
2,498.94
3,493.14
4,495.7
5,485.08
6,478.43
7,488.72
8,498.11
9,515.11
10,517.96
11,512.77
12,518.9
13,518.61
14,517.17
15,504.47
16,483.68
17,458.17
18,459.26
19,457.56
20,476.32
21,477.01
22,517.62
23,516.92
0,497.34
1,485.45
2,477.82
3,471.89
4,467.93
5,458.57
6,456.21
7,485.5
8,549.93
9,579.86
10,577.68
11,575.97
12,560.27
13,571.15
14,577.63
15,561.24
16,546.43
17,517.94
18,502.42
19,497.2
20,515.74
21,510.76
22,545.31
23,542.56
0,518.48
1,507.54
2,500.38
3,480.38
4,479.47
5,475.75
6,479.63
7,509.19
8,551.35
9,570.81
10,584.76
11,590.57
12,573.18
13,582.21
14,580.45
15,565.87
16,549.14
17,524.95
18,512.99
19,498.95
20,512.32
21,511.03
22,535.9
23,546.15
0,522.11
1,508.8
2,496.99
3,490.46
4,485.31
5,475.84
6,487.37
7,506.65
8,547.84
9,568.27
10,582.2
11,576.55
12,552.83
13,565.12
14,568.93
15,566.56
16,555
17,531.55
18,508.49
19,500.09
20,516.63
21,509.27
22,539.78
23,549.85
0,523.15
1,514.64
2,506.79
3,500.81
4,496.98
5,489.86
6,488.89
7,513.02
8,560.62
9,582.12
10,593.43
11,589.07
12,575.31
13,584.14
14,586.38
15,573.82
16,562.31
17,529.93
18,510.18
19,498.31
20,521.06
21,522.67
22,551.3
23,550.25
0,524.19
1,513.38
2,507.7
3,501.99
4,501.65
5,495.86
6,502.48
7,525.56
8,570.65
9,590.53
10,597.9
11,600.26
12,576.44
13,581.33
14,585.15
15,569.93
16,554.86
17,532.6
18,504.43
19,500.6
20,518.33
21,512.07
22,546.21
23,551.6
0,531.59
1,518.38
2,509.92
3,501.21
4,500.69
5,495.49
6,494.75
7,514.8
8,558.42
9,581.82
10,588.9
11,576.26
12,575.18
13,580.71
14,561.41
15,537.49
16,521.77
17,505.5
18,491.76
19,491.25
20,513.19
21,509.25
22,538.81
23,545.91
0,518.15
1,509
2,503.24
3,496.59
4,494.15
5,485.14
6,490.74
7,496.86
8,498.55
9,509.6
10,518.98
11,529.82
12,523.95
13,525.15
14,519.1
15,514.49
16,502.37
17,456.51
18,455.49
19,460.64
20,491.49
21,496.58
22,523.88
23,519.23
0,502.39
1,489.75
2,484.8
3,479.58
4,475.79
5,466.84
6,454.93
7,481.33
8,546.03
9,582.07
10,585.75
11,584.86
12,565.61
13,584.72
14,572.25
15,554.74
16,558.55
17,528.88
18,514.17
19,508.39
20,522.9
21,514.27
22,548.12
23,544.13
0,513.12
1,506.46
2,509.03
3,499.28
4,500.19
5,490.43
6,491.05
7,518.27
8,564.86
9,583.8
10,599.56
11,601.3
12,579.78
13,588.82
14,594.94
15,578.06
16,562.42
17,528.36
18,512.87
19,504.87
20,517.99
21,519.22
22,549.82
23,540.66
0,515.21
1,510.93
2,504.98
3,495.6
4,495.52
5,482.39
6,492.65
7,513.43
8,562
9,591.23
10,598.46
11,603.54
12,586.25
13,588.29
14,584.67
15,574.28
16,568.95
17,525.43
18,515.63
19,508.95
20,522.83
21,519.77
22,554.69
23,552.76
0,526.72
1,513.2
2,504.78
3,499.94
4,499.86
5,493.73
6,502.62
7,530.96
8,583.87
9,605.96
10,615.55
11,605.85
12,589.42
13,607.78
14,611.11
15,601.05
16,591.43
17,536.81
18,514.3
19,507.25
20,526.13
21,526.85
22,574.18
23,563.94
0,536.07
1,523.4
2,513.51
3,502.88
4,501.03
5,499.99
6,505.13
7,532.54
8,588.74
9,602.46
10,616.4
11,625.27
12,605.14
13,606.74
14,612.23
15,602.16
16,578.36
17,538.59
18,518.48
19,517.06
20,542.46
21,534.87
22,564.14
23,564.01
0,540.48
1,531.06
2,512.06
3,507.95
4,508.72
5,478.89
6,490.45
7,512.49
8,563.49
9,596.49
10,611.1
11,614.29
12,599.73
13,594.34
14,589.36
15,594.46
16,564.01
17,527.18
18,518.03
19,519.58
20,544.15
21,526.17
22,564.55
23,568.55
0,557.26
1,532.45
2,515.28
3,509.22
4,511.65
5,501.86
6,495.79
7,506.84
8,530.23
9,538.37
10,547.07
11,550.42
12,543.57
13,551.87
14,548.19
15,530.46
16,511.93
17,487.94
18,486.16
19,493.07
20,522.05
21,522.32
22,541.95
23,535.13
0,520.48
1,503.16
2,502.75
3,491.62
4,494.32
5,492.99
6,487.95
7,512.98
8,567.29
9,602.14
10,617.17
11,613.04
12,603.44
13,612.76
14,611.51
15,603.84
16,585.04
17,557.44
18,540.28
19,541.1
20,560.55
21,553.62
22,577.42
23,574.04
0,557.47
1,545.36
2,531.87
3,529.88
4,533.04
5,528.8
6,519.5
7,532.49
8,577.41
9,595.14
10,613.64
11,621.18
12,608.44
13,613.97
14,619.59
15,621.26
16,592.17
17,554.08
18,539.08
19,534.94
20,552.88
21,552.22
22,575.33
23,568.55
0,543.54
1,531.09
2,526.26
3,521.44
4,519.26
5,509.17
6,505.88
7,535.27
8,584.06
9,590.6
10,592.12
11,601.35
12,580.54
13,581.79
14,586.68
15,586.38
16,581.46
17,540.12
18,527.53
19,528.78
20,550.14
21,548.18
22,568.87
23,566.24
0,551.2
1,525.99
2,506.66
3,503.95
4,509.11
5,504.86
6,505.19
7,527.84
8,581.66
9,599.54
10,627.51
11,633.2
12,609.02
13,614.24
14,621.69
15,613.68
16,597.34
17,562.56
18,552.43
19,552.73
20,563.75
21,559.61
22,580.91
23,575.2
0,553.26
1,542.61
2,524.38
3,514.9
4,514.48
5,508.91
6,506.97
7,532.39
8,581.73
9,606.3
10,620.67
11,619.44
12,592.14
13,601.01
14,604.2
15,593.59
16,566.99
17,543.9
18,529.58
19,529.26
20,560.99
21,557.71
22,577.08
23,567.2
0,544.31
1,528.79
2,520.11
3,504.08
4,512.42
5,513.78
6,503.97
7,530.17
8,565.52
9,590.26
10,589.17
11,598.1
12,586.94
13,586.77
14,587.96
15,574.03
16,563.03
17,526.36
18,518.73
19,525.52
20,541.22
21,528.59
22,567.24
23,563.25
0,540.44
1,531.48
2,519.83
3,512.46
4,504.49
5,501.69
6,487.56
7,494.25
8,502.25
9,514.6
10,526.43
11,532.65
12,523.47
13,536.35
14,539.6
15,535.55
16,515.82
17,477.85
18,474.23
19,481.35
20,505.19
21,513.54
22,534.75
23,536.25
0,514.35
1,502.52
2,498.21
3,487.61
4,478.62
5,477.61
6,473.46
7,498.01
8,549.15
9,577.43
10,580.38
11,585.38
12,571.15
13,577.16
14,591.85
15,581.37
16,552.72
17,513.47
18,514.86
19,513.3
20,523.03
21,521.25
22,554.86
23,552.4
0,529.36
1,521.38
2,511.57
3,503.42
4,502.54
5,496.74
6,486.54
7,518.64
8,569.56
9,584.48
10,603.06
11,617.1
12,602.37
13,590.06
14,589.87
15,587.23
16,580.09
17,548.23
18,535.06
19,533.27
20,548.39
21,538.48
22,569.16
23,570.54
0,538.29
1,523.06
2,531.19
3,535.64
4,524.4
5,502.63
6,471.85
7,487.4
8,537.53
9,565.1
10,568.81
11,580.36
12,576.26
13,573.06
14,564.75
15,567.11
16,558.93
17,536.88
18,529.99
19,511.85
20,524.34
21,529.54
22,561.48
23,568.31
0,548.7
1,536.55
2,535.46
3,536.92
4,530.27
5,518.33
6,489.68
7,501.67
8,537.54
9,568.63
10,585.66
11,594.13
12,582.65
13,593.79
14,588.8
15,587.43
16,573.5
17,541.52
18,521.81
19,496.62
20,514.29
21,523.02
22,571.22
23,578.61
0,551.93
1,539.6
2,537.54
3,540.11
4,538.91
5,521.07
6,492.06
7,507.65
8,544.66
9,576.43
10,595.21
11,594.01
12,576.73
13,584.12
14,598.75
15,583.95
16,570.46
17,542.17
18,532.59
19,501.99
20,519.83
21,521.35
22,567.91
23,575.51
0,554.91
1,539.62
2,533.44
3,539.99
4,535.21
5,512.61
6,486.53
7,504.41
8,540.77
9,563.44
10,577.2
11,571.67
12,570.88
13,571.77
14,573.66
15,569.08
16,565.88
17,528.13
18,517.47
19,505.43
20,521.53
21,522.58
22,572.55
23,568.69
0,551.3
1,537.95
2,534.52
3,537.31
4,528.73
5,506.94
6,468.25
7,467.87
8,480.65
9,491.51
10,504.72
11,511.12
12,512.6
13,528.04
14,536.71
15,533.89
16,524.56
17,502.24
18,496.68
19,480.42
20,494.72
21,501.87
22,538.43
23,539.69
0,520.66
1,503.4
2,500.83
3,510.01
4,499.12
5,483.37
6,465.28
7,485.99
8,537.77
9,570.53
10,578.26
11,582.57
12,563.1
13,574.06
14,587.66
15,579.82
16,577.06
17,541.57
18,524.64
19,503.33
20,529.66
21,529.77
22,570.43
23,566.24
0,551.05
1,533.49
2,529.73
3,531.28
4,521.15
5,509.79
6,490.14
7,510.64
8,535.17
9,566.75
10,577.11
11,582.67
12,579.59
13,583.3
14,586.55
15,570.02
16,554.47
17,542.35
18,537.37
19,500.23
20,518.92
21,523.75
22,557.69
23,561.46
0,545
1,532.52
2,529.82
3,517.97
4,510.97
5,499.34
6,494.14
7,508.52
8,549.27
9,578.28
10,580.53
11,572.28
12,573.53
13,582.4
14,584.84
15,585.75
16,578.97
17,544.36
18,534.93
19,511.43
20,532.98
21,530.49
22,557.43
23,562.38
0,554.13
1,538.6
2,535.34
3,540.9
4,537.64
5,518.47
6,490.35
7,501.85
8,547.86
9,580.35
10,588.81
11,586.74
12,570.56
13,585.87
14,578.33
15,562.16
16,566.73
17,548.83
18,533.49
19,512.17
20,528.92
21,533.51
22,562.2
23,562.05
0,541.25
1,531.52
2,527.47
3,529.95
4,525.22
5,507.1
6,491.95
7,511.07
8,558.17
9,584.83
10,595.42
11,591.16
12,564.73
13,575.32
14,591.46
15,586.03
16,576.14
17,561.79
18,524.27
19,508.15
20,532.47
21,539.31
22,567.97
23,569.06
0,549.87
1,534.3
2,522.27
3,528.1
4,523.67
5,505.49
6,476.71
7,489.88
8,532.56
9,551.52
10,564.18
11,565.59
12,555.99
13,561.82
14,565.26
15,564.06
16,555.19
17,531.52
18,524.11
19,505.11
20,525.57
21,525.33
22,549.98
23,548.76
0,530.79
1,518.24
2,514.08
3,515.64
4,511.81
5,493.33
6,472.85
7,475.84
8,485.53
9,505.89
10,510.76
11,506.74
12,506.8
13,510.18
14,519.75
15,516.43
16,510.61
17,501.21
18,506.63
19,482.09
20,506.19
21,505.46
22,534.81
23,530.75
0,516.65
1,493.51
2,484.19
3,495.66
4,493.44
5,481.27
6,464.46
7,479.67
8,520.21
9,551.91
10,560.44
11,564.35
12,549.04
13,566.44
14,584.4
15,579.69
16,568.83
17,534.92
18,516.45
19,499.01
20,522.19
21,522.31
22,554.23
23,549.04
0,532.16
1,523.1
2,520.54
3,524.29
4,518.05
5,507.09
6,486.31
7,501.17
8,537.07
9,561.68
10,581.93
11,582.83
12,578.96
13,576.8
14,575.17
15,564.01
16,555.89
17,525.19
18,521.58
19,499.17
20,524.44
21,528.1
22,557.99
23,555.9
0,534.3
1,519.94
2,514.98
3,514.37
4,512.44
5,500.39
6,487.08
7,505.39
8,543.21
9,561.67
10,567.04
11,577.95
12,569.85
13,571.16
14,582.7
15,579.19
16,567.68
17,533.23
18,522.56
19,501.85
20,526.94
21,527.96
22,553.04
23,556.78
0,535.21
1,526.15
2,518.88
3,521.04
4,522.21
5,508.34
6,491.18
7,507.62
8,542.43
9,566.31
10,572.64
11,581.9
12,580.19
13,585.78
14,586.4
15,576.29
16,568.23
17,528.6
18,517.95
19,497.72
20,514.31
21,513.98
22,554.12
23,549.38
0,534.45
1,528.09
2,521.16
3,519.35
4,520.52
5,509.35
6,489.7
7,491.17
8,522
9,547.31
10,558.79
11,571.99
12,530.28
13,522.5
14,565.48
15,573.09
16,551.54
17,524.71
18,518.11
19,500.58
20,526.29
21,528.18
22,555.98
23,555.89
0,537.41
1,529.11
2,521.49
3,521.88
4,518.12
5,504.42
6,483.22
7,496.25
8,525.5
9,540.96
10,543.68
11,563.1
12,563.95
13,571.76
14,570.08
15,549.8
16,545.66
17,526.91
18,517.87
19,496.81
20,515.59
21,518.52
22,556.22
23,548.77
0,502.27
1,482.32
2,492.74
3,506.21
4,504.1
5,486.43
6,464.65
7,469.52
8,475.98
9,487
10,504.72
11,517.72
12,522.14
13,525.58
14,516.68
15,519.84
16,515.28
17,495.6
18,496.47
19,483.67
20,490.97
21,480.73
22,499.74
23,501.8
0,493.48
1,483.18
2,479.61
3,486.25
4,489.34
5,474.22
6,446.6
7,459.99
8,497.42
9,518.11
10,532.99
11,546.11
12,541.34
13,543.47
14,547.73
15,542.61
16,534.24
17,497.11
18,482.95
19,471.82
20,494.65
21,492.39
22,523.35
23,524.68
0,509.75
1,495.95
2,488
3,490.45
4,484.15
5,472.77
6,457.32
7,470.75
8,516.91
9,541.78
10,549.15
11,553.9
12,552.34
13,563.84
14,565.52
15,559.64
16,552.94
17,510.96
18,491.4
19,477.38
20,506.22
21,505.04
22,533.1
23,539.58
0,515.92
1,508.48
2,500.06
3,501.54
4,500.43
5,489.39
6,458.52
7,475.51
8,516.82
9,541.04
10,553.25
11,557.85
12,550.82
13,559.81
14,563.96
15,563.35
16,537.71
17,504.82
18,489.04
19,475.43
20,499.14
21,498.76
22,537.03
23,535.94
0,515.32
1,498.11
2,480.06
3,485.13
4,492.92
5,482.65
6,452.82
7,465.19
8,507.9
9,536.2
10,550.59
11,539.74
12,529.28
13,541.79
14,549.27
15,542.49
16,531
17,498.39
18,478.74
19,466.73
20,489.78
21,490.8
22,528.74
23,528.55
0,511.31
1,498.54
2,492.34
3,492.7
4,487.87
5,471.8
6,452.68
7,465.92
8,492.76
9,512.61
10,533.82
11,544.73
12,524.82
13,531.78
14,541.05
15,539.75
16,529.69
17,497.3
18,486.95
19,473.3
20,493.5
21,489.97
22,523.96
23,526.4
0,512.77
1,499.6
2,489.14
3,494.18
4,490.22
5,480.23
6,451.08
7,456.06
8,491.92
9,520.82
10,528.72
11,531.64
12,526.96
13,538.78
14,536
15,528.35
16,520.03
17,493.65
18,479.65
19,471.92
20,497.08
21,493.85
22,519.27
23,523.21
0,503.93
1,495.46
2,490.03
3,490.59
4,489.56
5,466.35
6,432.24
7,441.88
8,467.67
9,475.44
10,493.49
11,509.3
12,504.2
13,510.1
14,510.84
15,511.16
16,506.02
17,484.07
18,478.34
19,469.63
20,482.88
21,478.68
22,509.61
23,510.14
0,493.78
1,477.66
2,469.53
3,472.73
4,464.07
5,443.63
6,421.2
7,443.85
8,480.52
9,515.22
10,533.98
11,533.87
12,522.92
13,523.22
14,531.49
15,532.05
16,530.85
17,497.34
18,479.62
19,466.13
20,490.19
21,486.64
22,521.24
23,514.53
0,498.03
1,485.03
2,476.84
3,481.75
4,478.35
5,462.31
6,437.51
7,453.23
8,486.06
9,508.26
10,525.2
11,531.57
12,514.65
13,515.7
14,530.62
15,516.54
16,502.14
17,480.6
18,468.41
19,460.73
20,480.28
21,482.04
22,506.98
23,499.68
0,475.45
1,460.1
2,455.64
3,458.33
4,448.89
5,427.55
6,384.09
7,387.84
8,400.43
9,418.23
10,428.82
11,418.52
12,391.06
13,367.68
14,347.06
15,324.96
16,305.8
17,295.98
18,289.85
19,297.05
20,315.5
21,309.83
22,325.14
23,315.89
0,289.07
1,267.02
2,251.07
3,244.73
4,230.97
5,237.92
6,225.71
7,236.5
8,240.59
9,242.81
10,236.8
11,234.46
12,241.03
13,238.8
14,237.14
15,233.07
16,230.15
17,222.02
18,224.27
19,263.56
20,264.72
21,247.24
22,267.98
23,263.18
0,246.77
1,234.58
2,226.55
3,222.41
4,226.07
5,223.11
6,200.42
7,207.14
8,218.74
9,232.28
10,246.05
11,262.82
12,266.9
13,263.43
14,262.94
15,261.43
16,252.58
17,248.67
18,252.85
19,280.53
20,276.95
21,269.5
22,286.76
23,287.7
0,272.63
1,261.4
2,251.45
3,247.16
4,242.92
5,246.41
6,221.28
7,224.4
8,248.71
9,274.1
10,290.69
11,308.36
12,305.32
13,304.17
14,304.11
15,297.26
16,315.07
17,323.45
18,322.85
19,345.65
20,346.86
21,347.83
22,373.38
23,370.82
0,358.96
1,350.55
2,337.5
3,336.44
4,336.96
5,332.51
6,312.04
7,317.66
8,327.54
9,350.56
10,365.89
11,374.12
12,379.54
13,378.19
14,369.57
15,370.73
16,379.74
17,383.87
18,390.39
19,418.3
20,416.55
21,406.86
22,442.99
23,440.46
0,420.94
1,406.75
2,395.89
3,386.72
4,382.65
5,386.11
6,375.53
7,397.91
8,449.28
9,481.89
10,504.14
11,516.92
12,499.4
13,511.11
14,513.29
15,501.47
16,488.27
17,464.88
18,453.79
19,478.65
20,477.87
21,471.46
22,511.11
23,510.46
0,491.17
1,478.95
2,471.21
3,466.87
4,465.11
5,461.51
6,432.65
7,441.92
8,477.83
9,503.97
10,521.81
11,522.58
12,494.37
13,508.93
14,509.76
15,497.16
16,479.11
17,457.43
18,455.48
19,480.09
20,469.76
21,454.07
22,497.75
23,501.35
0,480.53
1,469.19
2,460.83
3,457.87
4,453.96
5,454.44
6,431.02
7,449.67
8,482.65
9,498.22
10,511.26
11,519.82
12,508.28
13,517.53
14,513.96
15,515.88
16,498.92
17,474.33
18,465.02
19,488.61
20,475.59
21,465.78
22,506.7
23,509.78
0,490.61
1,485.4
2,474.76
3,469.03
4,470.88
5,468.09
6,441.04
7,464.8
8,506.26
9,517.75
10,522.42
11,529.39
12,523.93
13,530.15
14,524.75
15,515.54
16,506.14
17,475.03
18,473.53
19,500.21
20,488.6
21,474.59
22,512.12
23,512.83
0,497.96
1,490.77
2,480.52
3,472.77
4,471.45
5,471.24
6,442.59
7,465.84
8,504.91
9,513.17
10,530.09
11,541.82
12,516.92
13,527.47
14,531.28
15,532.81
16,512.96
17,476.05
18,470.64
19,493.71
20,487.64
21,474.23
22,524.16
23,523.44
0,499.7
1,491.23
2,482.65
3,475.38
4,474.27
5,471.67
6,447.52
7,458.5
8,485.95
9,503.7
10,510.67
11,524.36
12,504.52
13,507.21
14,513.3
15,503.28
16,487.88
17,468.88
18,467
19,481.89
20,469.6
21,462.95
22,512.03
23,510.74
0,499.35
1,489.06
2,479.47
3,472.98
4,471.76
5,469.76
6,440.24
7,443.32
8,453.86
9,465.69
10,476.93
11,488.25
12,475.98
13,477.48
14,482.28
15,481.78
16,463.7
17,438.98
18,441.68
19,463.21
20,456.39
21,456.82
22,501.64
23,498.24
0,475.83
1,465.43
2,459.32
3,455.35
4,455.39
5,448.6
6,423.89
7,454.5
8,501.53
9,518.59
10,523.62
11,530.62
12,518.15
13,528.84
14,531.99
15,531.96
16,511.75
17,484.58
18,481.32
19,493.98
20,487.39
21,478.38
22,507.79
23,511.39
0,490.86
1,480.09
2,475.67
3,475.97
4,471.57
5,471.55
6,446.5
7,464.98
8,498.12
9,522.93
10,541.96
11,543.23
12,522.68
13,530.7
14,532.53
15,515.47
16,504.76
17,475.51
18,480.19
19,500.29
20,492.72
21,484.32
22,526.59
23,516.25
0,491.07
1,486.93
2,482.62
3,455.76
4,446.12
5,442.01
6,426.5
7,441.84
8,482.93
9,501.71
10,509.96
11,516.04
12,496.11
13,499.29
14,505.68
15,504.43
16,496.51
17,476.69
18,486.82
19,501.15
20,495.1
21,486.91
22,510.16
23,508.79
0,482.65
1,457.77
2,453.14
3,447.75
4,450.6
5,448.91
6,442.48
7,463.96
8,499.14
9,519.24
10,522.83
11,521.92
12,505.27
13,520.84
14,517.53
15,499.79
16,486.58
17,482.58
18,485.47
19,499.79
20,494.71
21,481.42
22,512.4
23,510.18
0,485.52
1,477.45
2,470.96
3,470.48
4,469.23
5,459.86
6,431.21
7,452.22
8,495.09
9,521.03
10,514.35
11,522.85
12,498.36
13,519.29
14,531.1
15,530.6
16,518.96
17,479.25
18,478.19
19,495.98
20,478.43
21,468.84
22,514.74
23,509.48
0,486.52
1,474.64
2,467.57
3,466.69
4,470.14
5,469.99
6,443.28
7,449.82
8,491.55
9,507.83
10,503.78
11,498.27
12,481.32
13,488.62
14,484.86
15,472.06
16,458.24
17,441.02
18,456.05
19,472.32
20,466.25
21,454.98
22,504.6
23,500.14
0,478.15
1,466.66
2,457.88
3,451.03
4,456.24
5,458.21
6,427.3
7,431.39
8,445.06
9,455.82
10,469.06
11,469.11
12,457.79
13,458.86
14,462.57
15,458.57
16,446.08
17,422.63
18,432.92
19,456.7
20,454.89
21,441.8
22,481.37
23,475.56
0,461.6
1,455.16
2,448.36
3,444.19
4,444.39
5,442.26
6,422.08
7,448.63
8,493.38
9,514.16
10,523.31
11,518.69
12,493.42
13,509.27
14,513.74
15,501.8
16,484.21
17,456.7
18,475.05
19,493.49
20,484.1
21,473.46
22,497.57
23,492.16
0,468.11
1,466.64
2,461.56
3,462.18
4,461.99
5,458.7
6,433.92
7,445.87
8,493.68
9,512.38
10,519.8
11,524.78
12,499.25
13,505.43
14,513.15
15,501.01
16,492.78
17,460.74
18,465.56
19,483.22
20,479.65
21,466
22,509.33
23,501.72
0,474.44
1,477.89
2,473.3
3,470.7
4,469.06
5,467.68
6,447.21
7,463.9
8,497.89
9,515.86
10,517.25
11,520.11
12,506.62
13,522.76
14,510.2
15,500.48
16,492.84
17,463.12
18,474
19,489.21
20,475.17
21,457.77
22,499.68
23,497.59
0,481.97
1,477.79
2,472.7
3,470.79
4,472.03
5,466.33
6,449.34
7,461.59
8,496.3
9,506.41
10,509.82
11,510.51
12,497.02
13,512.63
14,504.18
15,490.64
16,484.41
17,466.26
18,479.23
19,462.48
20,423.09
21,422.76
22,473
23,481.69
0,453.12
1,452.65
2,440.64
3,425.58
4,417.66
5,414.94
6,401.32
7,420.05
8,458.73
9,477.1
10,483.97
11,485.52
12,461.73
13,481.39
14,474.81
15,467.82
16,461.29
17,440.05
18,449.85
19,463.6
20,451
21,436.18
22,483.1
23,484.44
0,454.22
1,441.97
2,434.23
3,426.42
4,428.33
5,425.3
6,412.04
7,425.53
8,463.26
9,475.44
10,484.48
11,493.92
12,478.73
13,482.8
14,469.02
15,456.45
16,437.66
17,420.71
18,434.53
19,436.77
20,427.29
21,425.5
22,465.69
23,472.68
0,458.22
1,441.06
2,430.05
3,426.89
4,430.05
5,426.89
6,404.36
7,396.67
8,417.02
9,435.05
10,441.13
11,429.96
12,415.81
13,425.43
14,433.88
15,434.76
16,421.45
17,398.06
18,424.95
19,447.14
20,441.32
21,433.33
22,466.8
23,463.27
0,438.89
1,423.27
2,412.43
3,418.82
4,421.47
5,420.77
6,404.1
7,417.1
8,449.68
9,471.28
10,479.15
11,475.07
12,454.13
13,464.67
14,474.34
15,473.75
16,447.68
17,424.38
18,444.66
19,446.25
20,444.52
21,440.22
22,469.55
23,462.8
0,450.26
1,445.25
2,438.38
3,433.45
4,431.43
5,432.69
6,418.63
7,422.19
8,452.12
9,467.54
10,476.28
11,475.8
12,444.61
13,452.51
14,459.76
15,460.4
16,458.38
17,427.79
18,443.09
19,450.03
20,436.62
21,426.09
22,475.92
23,467.09
0,448.67
1,439.66
2,437.27
3,433.62
4,427.14
5,435.32
6,421.47
7,437.91
8,461.79
9,473.18
10,482.78
11,484.86
12,461.65
13,474.75
14,477.89
15,478.81
16,470.99
17,436.95
18,450.57
19,453.77
20,444.8
21,441.39
22,478.31
23,465.69
0,432.63
1,426.46
2,424.37
3,425.74
4,431.71
5,430.63
6,418.9
7,429.78
8,463.19
9,479.31
10,485.13
11,474.19
12,449.97
13,457.28
14,456.74
15,455.09
16,448.31
17,427.57
18,450.9
19,451.22
20,438.64
21,437.72
22,480.55
23,477.16
0,452.84
1,446.72
2,436.65
3,435.62
4,436.24
5,432.89
6,333.99
7,330.74
8,446.16
9,477.29
10,484.95
11,491.27
12,463.07
13,465.03
14,464.97
15,460.85
16,452.9
17,427.91
18,449.39
19,454.25
20,443.71
21,431.19
22,479.55
23,479.66
0,451.73
1,439
2,434.36
3,428.8
4,429.83
5,429.78
6,421.82
7,426.65
8,462.98
9,486.02
10,495.74
11,492.17
12,485.6
13,483.97
14,475.48
15,467.45
16,457.17
17,415.57
18,445.47
19,450.73
20,441.58
21,433.74
22,479.08
23,476.36
0,454.94
1,444.19
2,441.57
3,440.35
4,439.67
5,440.26
6,411.24
7,397.32
8,404.23
9,427.59
10,436.24
11,433.59
12,424.58
13,435.07
14,422.98
15,422.4
16,414.56
17,386.7
18,413.17
19,415
20,429.89
21,428.87
22,471.8
23,467.48
0,439.82
1,428.62
2,423.64
3,414.53
4,412.1
5,415.42
6,405.7
7,417.51
8,451.42
9,479.41
10,480.54
11,473.72
12,452.15
13,465.94
14,463.24
15,452.1
16,432.56
17,420.8
18,450.75
19,444.64
20,435.42
21,428.59
22,479.39
23,475.74
0,447.87
1,439.43
2,436.2
3,434.83
4,435.98
5,438.03
6,425.95
7,429.58
8,453.71
9,469.51
10,487.04
11,486.01
12,463.52
13,475.82
14,478.29
15,463
16,448.7
17,430.11
18,449.84
19,455.45
20,451.24
21,440.36
22,479.48
23,480.45
0,459.04
1,453.74
2,446.5
3,442.24
4,443.63
5,442.36
6,426.61
7,438.33
8,472.44
9,490.74
10,500.95
11,496.96
12,466.47
13,472.19
14,460.27
15,456.34
16,433.87
17,431.72
18,459.68
19,459.47
20,444.93
21,437.17
22,476.89
23,473.71
0,456.71
1,449.05
2,441.19
3,435.21
4,432.24
5,432.96
6,431.08
7,436.57
8,465.55
9,479.58
10,489.84
11,487.86
12,455.77
13,470.65
14,462.23
15,445.36
16,435.56
17,428.59
18,451.88
19,416.26
20,396.61
21,363.86
22,364.61
23,414.52
0,423.44
1,401.47
2,386.14
3,406
4,408.78
5,408.78
6,391.7
7,407.57
8,441.67
9,456.33
10,462.15
11,464.15
12,442.81
13,460.35
14,468.72
15,464.16
16,458.17
17,446.36
18,438.14
19,435.86
20,432.79
21,429.78
22,473.46
23,476.42
0,458.37
1,447.75
2,436.47
3,428.44
4,429.77
5,429.23
6,409.1
7,411.53
8,449.4
9,473.19
10,490.33
11,481.17
12,451.33
13,432.48
14,435.28
15,428.53
16,423.02
17,421.34
18,447.71
19,443.13
20,434.23
21,432.4
22,475.39
23,469.16
0,453.36
1,440.34
2,436.66
3,430.04
4,427.1
5,424.57
6,397.43
7,387.69
8,382.24
9,378.52
10,386.38
11,386.65
12,378.08
13,383.81
14,381.86
15,377.59
16,369.58
17,373.42
18,416.16
19,419.82
20,419.87
21,410.8
22,446.57
23,445.81
0,425.99
1,413.71
2,406.9
3,400.89
4,393.92
5,394.02
6,396.74
7,405.73
8,427.88
9,436.76
10,447.73
11,446.31
12,428.95
13,430.23
14,431.65
15,420.02
16,419.07
17,419.1
18,450.87
19,437.23
20,424.65
21,417.5
22,449.59
23,449.99
0,428.84
1,427.12
2,417.32
3,410.98
4,408.64
5,401.76
6,393.44
7,405.74
8,431.5
9,444.91
10,453.56
11,455.73
12,429.35
13,439.85
14,437.52
15,444.37
16,433.61
17,419.72
18,436.43
19,427.45
20,420.16
21,416.17
22,456.98
23,460.47
0,439.84
1,429.11
2,422.88
3,417.73
4,415.98
5,419.17
6,400.94
7,405.43
8,436.7
9,448.62
10,467.33
11,458.71
12,431.48
13,440
14,440.38
15,442.25
16,422.26
17,418.95
18,439.32
19,430.15
20,420.59
21,414.68
22,457.15
23,463.39
0,447.45
1,438.68
2,430.21
3,425.41
4,424.73
5,427.17
6,418.13
7,428.17
8,452.75
9,464.47
10,476.84
11,461.77
12,432.68
13,443.09
14,443.14
15,448.43
16,446.79
17,426.24
18,443.98
19,442.17
20,440.76
21,433.71
22,476.7
23,474.58
0,455.51
1,447.02
2,438.64
3,429.97
4,431.9
5,434.46
6,419.75
7,421.58
8,446.4
9,467.47
10,475.5
11,468.83
12,428.32
13,447.43
14,457.68
15,453.38
16,435.25
17,423.11
18,442.83
19,439.28
20,435.66
21,429.72
22,473.8
23,472.26
0,451.84
1,436.44
2,433.19
3,424.88
4,424.75
5,424.66
6,412.38
7,422.34
8,445.49
9,456.29
10,468.55
11,473.9
12,449.33
13,447.23
14,441.84
15,433.16
16,426.46
17,424.4
18,445.65
19,438.68
20,431.19
21,427.76
22,470.49
23,464.45
0,447.17
1,441.34
2,433.76
3,425.96
4,422.21
5,415.83
6,394.73
7,386.1
8,381.41
9,393.72
10,392.6
11,402.51
12,400.2
13,401.06
14,391.34
15,386.93
16,379.11
17,386.8
18,424.13
19,421.92
20,418.33
21,415.14
22,451.59
23,444.78
0,425.69
1,416.69
2,411.54
3,406.04
4,405.56
5,407.98
6,391.15
7,401.88
8,433.59
9,454.58
10,459.91
11,461.93
12,434.86
13,440.56
14,436.3
15,436.55
16,428.58
17,424.99
18,449.56
19,440.4
20,434.12
21,427.08
22,451.15
23,447.59
0,432.98
1,422.66
2,411.95
3,408.97
4,411.59
5,418.51
6,412.17
7,414.52
8,442.03
9,456.13
10,475.46
11,469.76
12,435.5
13,454.02
14,460.11
15,453.39
16,435.19
17,442.86
18,458.83
19,452.12
20,441.15
21,433.22
22,464.2
23,451.4
0,438.62
1,436.18
2,428.4
3,423.05
4,425.2
5,426.41
6,411.6
7,422.36
8,445.03
9,453.43
10,463.57
11,463.6
12,441.26
13,450.79
14,452.24
15,450.83
16,444.46
17,440.63
18,454.22
19,446.18
20,438.07
21,430.76
22,460.2
23,463.54
0,444.12
1,436.72
2,426.16
3,424.05
4,423.03
5,423.95
6,421.27
7,423.06
8,455.97
9,464.27
10,482.12
11,484.58
12,459.15
13,464.64
14,471.25
15,462.4
16,447.6
17,450
18,466.21
19,458.89
20,447.34
21,439.04
22,468.82
23,464.61
0,449.59
1,442.32
2,432.16
3,429.52
4,430.55
5,426.2
6,417.66
7,430.07
8,460.36
9,477.93
10,470.57
11,483.89
12,456.23
13,466.91
14,477.46
15,480.04
16,463.11
17,463.01
18,467.47
19,456.19
20,446.07
21,439.53
22,469.81
23,461.35
0,454
1,443.7
2,436.98
3,434.56
4,429.97
5,430.99
6,429.12
7,426.28
8,458.83
9,477.1
10,490.19
11,484.94
12,465.56
13,480
14,467.62
15,457.84
16,450.05
17,435.77
18,458.2
19,453.36
20,447.9
21,441.35
22,477.92
23,475.79
0,458.44
1,446.03
2,428.53
3,422.78
4,420.55
5,413.96
6,404.48
7,418.54
8,423.7
9,432.54
10,443.74
11,437.03
12,431.02
13,435.87
14,433.24
15,419.69
16,437.33
17,461.66
18,451.94
19,441.77
20,433.29
21,426.01
22,455.84
23,442.72
0,430.05
1,424.68
2,421.79
3,415.84
4,417.6
5,420.3
6,416.91
7,436.1
8,461.7
9,472.5
10,498.37
11,483.92
12,455.74
13,463.85
14,457.35
15,454.8
16,472.15
17,481.67
18,474.73
19,463.28
20,454
21,448.48
22,478.53
23,470.53
0,454.07
1,443.57
2,440.98
3,435.96
4,442.72
5,445.8
6,433.19
7,451.6
8,479.42
9,487.92
10,498.2
11,486.15
12,458.03
13,471.99
14,474.64
15,481.88
16,492.94
17,494.85
18,477.51
19,467.47
20,461.87
21,450.16
22,490.7
23,483.94
0,452.24
1,444.7
2,442.77
3,432.98
4,439.57
5,441.46
6,440.29
7,455.6
8,481.45
9,484.09
10,488.23
11,482.72
12,459.45
13,473
14,471.3
15,474.74
16,486.24
17,493.08
18,484.07
19,476.18
20,467.96
21,459.05
22,482.8
23,472.74
0,451.95
1,451.52
2,447.31
3,443.72
4,449.21
5,449.54
6,433.48
7,446.84
8,475.88
9,485.67
10,492.94
11,483.92
12,454.51
13,468.56
14,469.12
15,472.62
16,494.83
17,501.18
18,488.76
19,473.97
20,465.48
21,455.74
22,485.12
23,474.49
0,455.8
1,450.05
2,447.05
3,442.79
4,442.34
5,445.81
6,434.71
7,460.97
8,485.55
9,509.26
10,507.23
11,481.37
12,459.51
13,475.86
14,476.59
15,485.36
16,495.42
17,495.54
18,477.22
19,467.93
20,464.26
21,458.13
22,483.07
23,477.55
0,453.67
1,450.59
2,446.9
3,441.62
4,438.3
5,442.91
6,434.29
7,459.66
8,486.22
9,487.67
10,496.47
11,496.99
12,470.33
13,466.62
14,464.43
15,466.93
16,484.43
17,477.61
18,467.53
19,457.9
20,453.06
21,450.17
22,494.45
23,490.8
0,467.95
1,452.73
2,443.16
3,441.43
4,439.2
5,437.76
6,419.13
7,425.86
8,443.98
9,451.07
10,457.8
11,457.41
12,437.21
13,438.53
14,440.2
15,440.67
16,455.31
17,464.93
18,451.15
19,448.26
20,445.16
21,442.88
22,482.28
23,471.09
0,444.45
1,430.69
2,422.67
3,422.38
4,421.9
5,414.24
6,410.46
7,437.6
8,466.77
9,482.5
10,483.53
11,478.42
12,455.68
13,463.44
14,456.53
15,453.11
16,477.42
17,479.31
18,463.02
19,458.65
20,452.3
21,453.25
22,489.46
23,472
0,456.54
1,449.93
2,445.45
3,443.62
4,445.33
5,430.56
6,417
7,450.49
8,476.95
9,475.08
10,482.78
11,473.92
12,447.17
13,466.54
14,470.65
15,474.56
16,496.44
17,500.13
18,489.97
19,484.14
20,476.77
21,461.81
22,488.67
23,473.76
0,451.79
1,446.09
2,434.39
3,423.88
4,422.89
5,429.9
6,428.42
7,458.85
8,487.97
9,501.36
10,500.62
11,496.51
12,477.37
13,466.87
14,473.18
15,477.92
16,493.04
17,486.65
18,463.1
19,451.4
20,443.86
21,440.96
22,468.1
23,479.06
0,454.84
1,451.74
2,444.29
3,438.2
4,432.82
5,436.16
6,428.61
7,445.59
8,479.06
9,488.46
10,499.29
11,494.02
12,467.04
13,476.66
14,476.9
15,485.03
16,492.51
17,496.57
18,474.71
19,463.17
20,454.16
21,451.67
22,484.1
23,476.21
0,442.18
1,435.24
2,433.05
3,431.42
4,428.99
5,438.2
6,439.94
7,460.53
8,490.58
9,511.98
10,513.8
11,481.24
12,457.24
13,475.17
14,479.74
15,474.87
16,482.15
17,479.36
18,468.3
19,459.79
20,452.74
21,444.92
22,481.74
23,475.73
0,455.88
1,447.42
2,439.01
3,431.78
4,431.19
5,432.71
6,417.23
7,440.3
8,475.27
9,499.73
10,503.26
11,492.85
12,457.97
13,464.62
14,465.66
15,469.78
16,483.92
17,462.13
18,445.11
19,438.55
20,432.99
21,425.82
22,469.8
23,490.63
0,450.25
1,438.78
2,433.22
3,426.32
4,423.54
5,423.35
6,411.45
7,425.15
8,447.89
9,465.2
10,476.33
11,474.47
12,453.39
13,445.61
14,438.32
15,433.34
16,442.15
17,441.63
18,435.68
19,429.19
20,425.44
21,427.54
22,467.88
23,469.92
0,436.79
1,423.23
2,413.37
3,405.67
4,403.08
5,398.24
6,373.66
7,369.68
8,384.89
9,402.96
10,396.29
11,378.08
12,338.54
13,318.4
14,315.37
15,287.7
16,275.61
17,288.07
18,284.42
19,280.18
20,274.87
21,272.22
22,293.09
23,279.57
0,248.37
1,220.81
2,208.83
3,209.53
4,209.2
5,220.41
6,211.44
7,209.48
8,195.76
9,190.93
10,192.28
11,202.6
12,187.69
13,181.28
14,185.43
15,188.8
16,217.5
17,235.69
18,231.41
19,220.79
20,219.58
21,224.87
22,253.07
23,256.14
0,229.36
1,215.2
2,206.92
3,203.44
4,203.16
5,204.02
6,179.28
7,186.61
8,199.98
9,211.01
10,209.6
11,205.78
12,197.04
13,194.24
14,198.68
15,189.2
16,221.47
17,240.01
18,237.37
19,226.12
20,224.5
21,230.67
22,266.82
23,253.06
0,249.62
1,236.09
2,231.44
3,232.1
4,231.85
5,234.24
6,206.09
7,196.43
8,196.01
9,219.21
10,225.83
11,229.49
12,225.57
13,213.21
14,205.52
15,210.72
16,244.39
17,264.53
18,262.62
19,258.04
20,257.38
21,256.34
22,295.91
23,295.19
0,275.35
1,264.26
2,262.04
3,263.75
4,265.93
5,265.14
6,239.31
7,252.47
8,274.17
9,297.99
10,304.34
11,304.45
12,295.04
13,293.02
14,281.85
15,275.66
16,325.16
17,352.48
18,343.22
19,333.54
20,338.57
21,336.95
22,375.58
23,375.91
0,363.64
1,354.43
2,349.47
3,343.71
4,344.93
5,343.63
6,311.45
7,323.64
8,353.84
9,372.63
10,380.49
11,376.66
12,367.04
13,370.4
14,362.98
15,353.6
16,380.56
17,391.95
18,387.33
19,379.74
20,380.31
21,377.48
22,418.75
23,420.54
0,401.34
1,396.58
2,391.07
3,382.63
4,382.54
5,385.37
6,357.15
7,364.16
8,376.49
9,391.12
10,403.51
11,405.21
12,379.16
13,391.66
14,394.04
15,384.75
16,417.01
17,430.78
18,419.67
19,410.29
20,402.12
21,398.27
22,432.95
23,422.2
0,396.17
1,387.87
2,382.71
3,381.62
4,383.81
5,388.95
6,385.07
7,408.63
8,438.61
9,452.61
10,465.14
11,462.83
12,444.11
13,447.44
14,444.17
15,450.92
16,470.63
17,463.08
18,447.91
19,440.23
20,438.55
21,437.97
22,478.5
23,473.82
0,449.92
1,443.48
2,439.95
3,439.05
4,438.81
5,442.77
6,433.01
7,452.37
8,479.87
9,492.47
10,495.97
11,490.02
12,462.33
13,465.81
14,463.18
15,454.06
16,477.19
17,474.17
18,459.3
19,447.08
20,442.41
21,440.15
22,481.98
23,478.5
0,450.64
1,448.98
2,442.73
3,434.29
4,435.03
5,439.21
6,425.74
7,448.67
8,483.17
9,499.28
10,496.57
11,488.73
12,464.06
13,480.87
14,479.52
15,474.7
16,497.22
17,484.65
18,466.51
19,455.04
20,446.83
21,442.73
22,485.29
23,481.25
0,456.67
1,441.55
2,437.82
3,436.31
4,441.74
5,440.32
6,431.46
7,447.3
8,478.24
9,489.84
10,497.16
11,495.49
12,467.01
13,469.55
14,467.55
15,467.48
16,482.66
17,489.96
18,466.93
19,454.33
20,449.95
21,444.69
22,483.96
23,481.4
0,455.17
1,454.12
2,446.1
3,443
4,441.9
5,446.65
6,433.47
7,446
8,475.72
9,485.89
10,494.29
11,477.21
12,443.71
13,456.31
14,462.92
15,457.18
16,491.97
17,494.55
18,478.04
19,465.1
20,459.03
21,453.19
22,493.34
23,487.79
0,464.69
1,460.13
2,450.74
3,444.36
4,446.37
5,448.21
6,425.63
7,437.04
8,470.93
9,492.49
10,499.81
11,496.31
12,454.23
13,449.26
14,453.4
15,455.15
16,486.83
17,483.73
18,463.71
19,453.25
20,449.43
21,446.75
22,487.86
23,483.09
0,456.13
1,454.56
2,445.1
3,438.08
4,439.61
5,438.63
6,414.08
7,415.27
8,430.71
9,448.31
10,456.44
11,449.6
12,428.62
13,436.56
14,427.79
15,430.18
16,459.45
17,456.85
18,439.23
19,437.52
20,437.6
21,441.51
22,473.14
23,462.53
0,432.73
1,425.51
2,421.8
3,422.52
4,423.16
5,427.36
6,416.42
7,432.17
8,471.86
9,491.69
10,499.93
11,482.65
12,455.57
13,465.91
14,466.41
15,469.21
16,494.33
17,486.74
18,462.27
19,447.68
20,450.49
21,445.4
22,488.28
23,478.68
0,463.81
1,456.25
2,448.4
3,444.67
4,444.67
5,443.78
6,434.87
7,447.06
8,481.36
9,496.07
10,508.15
11,496.52
12,468.78
13,481.24
14,473.05
15,469.31
16,490
17,475.37
18,461.94
19,455.77
20,448.55
21,441.37
22,478.85
23,478.32
0,462.67
1,456.17
2,447.94
3,442.75
4,441.31
5,444.12
6,437.36
7,453.42
8,476.77
9,493.28
10,499.46
11,485.2
12,457.6
13,469.24
14,467.25
15,471.52
16,505.36
17,494.08
18,471.45
19,467.18
20,458.59
21,452.84
22,487.18
23,482.21
0,463.6
1,452.47
2,447.63
3,443.39
4,445.17
5,450.68
6,439.53
7,457.82
8,487.17
9,496.02
10,493.64
11,485.6
12,472.95
13,475.55
14,464.72
15,465.63
16,494.18
17,487.76
18,465.86
19,463.95
20,459.9
21,457.31
22,486.86
23,484.52
0,461.09
1,456.11
2,450.35
3,450.54
4,450.29
5,445.64
6,440.63
7,453.11
8,482.4
9,497.51
10,502.69
11,487.17
12,463.54
13,479.64
14,472.85
15,474.52
16,492.84
17,484.53
18,463.86
19,457
20,443.15
21,445.99
22,490.82
23,485.6
0,463.82
1,453.87
2,446.28
3,442.92
4,443.34
5,444.78
6,429.05
7,451.94
8,486.13
9,489.66
10,494.91
11,498.36
12,478.31
13,473.85
14,468.69
15,475.41
16,499.94
17,466.16
18,446.23
19,439.11
20,430.46
21,434.51
22,481.91
23,483.29
0,463.08
1,454.51
2,442.61
3,436.68
4,439.4
5,440.89
6,416.38
7,423.15
8,427.94
9,430.2
10,435.51
11,430.65
12,423.54
13,427.52
14,424.32
15,434.42
16,466.14
17,443.06
18,431.42
19,425.63
20,422.09
21,422.1
22,459.39
23,457.08
0,432.18
1,425.33
2,425.43
3,418.15
4,417.8
5,423.76
6,418.67
7,439.37
8,473.07
9,483.62
10,484.71
11,477.84
12,463.22
13,472.73
14,475.08
15,481.61
16,495.53
17,473.45
18,459.37
19,450.32
20,442.66
21,438.04
22,462.45
23,463.26
0,441.47
1,431.47
2,427.5
3,425.24
4,428.44
5,435.92
6,428.41
7,446.29
8,476.77
9,485.95
10,494.14
11,490.56
12,471.39
13,474.06
14,474.74
15,486.48
16,510.23
17,492.43
18,464
19,459.5
20,453.56
21,443.87
22,485.57
23,478.03
0,458.24
1,449.73
2,438.96
3,427.43
4,430.27
5,441.17
6,424.46
7,434.72
8,471.43
9,481.26
10,494.95
11,491.6
12,459.93
13,467.48
14,473.62
15,478.17
16,501.81
17,482.2
18,460.57
19,459.14
20,455.3
21,451.52
22,486.16
23,475.62
0,448.7
1,439.59
2,433.46
3,424.09
4,424.52
5,437.12
6,430.54
7,455.26
8,481.69
9,483.05
10,489.95
11,485.54
12,463.12
13,464.35
14,464.7
15,469.1
16,494.77
17,494.62
18,475.85
19,471.56
20,468.35
21,458.19
22,492.72
23,490.22
0,465.98
1,449.93
2,447.11
3,441.84
4,436.96
5,449
6,427.85
7,440.55
8,483.92
9,511.28
10,521.62
11,508.23
12,475.11
13,502.88
14,500.04
15,504.49
16,515.97
17,494.19
18,471.66
19,465.31
20,460.87
21,454.7
22,481.84
23,480.41
0,457.09
1,448.26
2,437.56
3,419.02
4,407.7
5,418.57
6,393.73
7,410.67
8,465.56
9,484.36
10,491.49
11,518.2
12,504.03
13,504.95
14,500.93
15,494.96
16,509.88
17,507.87
18,499.67
19,461.07
20,479.7
21,478.45
22,501.39
23,504.5
0,488.98
1,478.27
2,469.36
3,464.19
4,465.14
5,464.62
6,432.24
7,423.16
8,437.36
9,463.48
10,483.11
11,480.19
12,480.75
13,487.11
14,488.05
15,485.17
16,505.21
17,485.79
18,470.8
19,466.39
20,465.75
21,460.7
22,500.09
23,493.46
0,460.35
1,445.85
2,428.33
3,420.44
4,417.78
5,426.31
6,417.95
7,435.69
8,475.66
9,501.91
10,509.27
11,523.05
12,495.58
13,487.3
14,484.34
15,494.49
16,517.8
17,504.66
18,475.34
19,488.45
20,478.65
21,466.65
22,500.35
23,510.7
0,453.47
1,441.04
2,426.37
3,422.74
4,422.43
5,424.05
6,406.09
7,414.73
8,455.48
9,479.88
10,518.75
11,534.73
12,513.12
13,522.27
14,522.52
15,529.88
16,535.11
17,502.46
18,467.29
19,441.57
20,446.13
21,436.22
22,473.95
23,471.18
0,437.26
1,419.47
2,423.22
3,406.58
4,422.7
5,425.74
6,424
7,438.52
8,459.35
9,479
10,514.42
11,531.71
12,514.58
13,517.8
14,515.67
15,515.69
16,531.13
17,505.51
18,481.25
19,456.89
20,454.6
21,437.04
22,465.89
23,469.43
0,446.94
1,439.79
2,436.06
3,430.8
4,429.59
5,452.86
6,438.3
7,450.86
8,488.77
9,520.92
10,534.97
11,546.13
12,519.57
13,523.27
14,520.59
15,516.87
16,535.77
17,509.82
18,484.2
19,473.85
20,448.36
21,448.45
22,516.48
23,517.56
0,489.39
1,489.13
2,447.44
3,437.26
4,439.69
5,466.87
6,457.73
7,463.86
8,490.35
9,512.31
10,522.88
11,530.18
12,511.78
13,519.55
14,520.5
15,523.47
16,543.44
17,531.65
18,505.42
19,491.77
20,461.34
21,458.25
22,509.17
23,509.18
0,503.14
1,487.13
2,471.93
3,471.46
4,466.02
5,468.03
6,437.91
7,439.71
8,484.64
9,505.53
10,522.47
11,529.4
12,517.52
13,520.65
14,519.44
15,508.68
16,524.63
17,517.43
18,500.49
19,494.32
20,499.79
21,495.86
22,521.38
23,524.73
0,498.86
1,481.03
2,469.17
3,458.16
4,454.38
5,457.9
6,419.35
7,416.62
8,426.86
9,437.81
10,465.7
11,478.2
12,463.79
13,469.16
14,467.68
15,461.21
16,486.38
17,482.4
18,475.58
19,466.41
20,469.16
21,461.36
22,488.97
23,486.08
0,438.64
1,417.54
2,412.67
3,412.31
4,413.37
5,423.68
6,409.16
7,418.54
8,466.91
9,488.59
10,523.65
11,521.69
12,502.92
13,500.82
14,476.25
15,481.47
16,508.32
17,512.64
18,480.6
19,466.56
20,443.66
21,443.19
22,486.98
23,484.43
0,469.25
1,461.29
2,442.9
3,425.37
4,422.9
5,410.83
6,404.41
7,412.46
8,451.07
9,486.64
10,523.12
11,521.39
12,485.89
13,483.44
14,473.25
15,479.71
16,501.76
17,501.92
18,473.39
19,447.03
20,442.65
21,437.42
22,480.49
23,480.14
0,441.46
1,431.75
2,426.8
3,421.59
4,414.97
5,423.79
6,416.19
7,426.46
8,463.78
9,504.78
10,522.81
11,503.95
12,469.2
13,478.68
14,479.97
15,481.04
16,509.2
17,497.47
18,474.82
19,457.5
20,450
21,444.73
22,483.79
23,477.16
0,448.33
1,424.82
2,417.58
3,414.2
4,414.72
5,420.05
6,397.87
7,419.37
8,467.27
9,512.28
10,515.18
11,508.86
12,475.27
13,485.84
14,474.22
15,464.86
16,485.08
17,482.74
18,457.54
19,446.92
20,445.3
21,436.54
22,481.07
23,477.27
0,437.47
1,426.4
2,420.26
3,412.69
4,413.49
5,422.63
6,417.77
7,433.06
8,467.58
9,507.44
10,512.74
11,506.36
12,447.62
13,458.47
14,466.74
15,475.57
16,491.05
17,498.46
18,477.5
19,463.27
20,458.35
21,457.38
22,528.48
23,517.12
0,458.76
1,445.44
2,443.39
3,435.29
4,433.5
5,426.89
6,408.96
7,419.82
8,460.34
9,490.87
10,527.1
11,517.85
12,493.33
13,483.99
14,466.93
15,461.44
16,491.7
17,489.63
18,464.23
19,454.26
20,449.49
21,444.48
22,508.15
23,508.69
0,464.67
1,445.26
2,437.1
3,427.35
4,429.39
5,434.41
6,412.34
7,410.13
8,415.59
9,434.5
10,472.5
11,477.43
12,466.36
13,441.89
14,436.88
15,425.45
16,460.69
17,458.53
18,447.26
19,433.94
20,430.23
21,427.76
22,493.14
23,484.64
0,430.58
1,411.26
2,395.93
3,406.31
4,410.55
5,422.28
6,411.2
7,421.31
8,470.75
9,524.68
10,523.11
11,529.34
12,470.74
13,476.37
14,472.79
15,467.43
16,496.88
17,487.74
18,460.85
19,449.6
20,446.55
21,440.01
22,496.51
23,496.04
0,456.22
1,448.35
2,440.95
3,433.77
4,432.48
5,442.69
6,429.86
7,441.71
8,480.4
9,531.88
10,545.76
11,544.68
12,485.93
13,487.79
14,489.42
15,484.94
16,509.13
17,496.78
18,475.23
19,469.24
20,457.9
21,451.06
22,518.15
23,519.89
0,467.27
1,462.5
2,456.9
3,451.17
4,449.77
5,454.29
6,436.4
7,445.33
8,482.17
9,527.04
10,529.74
11,527.32
12,471.92
13,468.13
14,472.97
15,482.09
16,507.39
17,500.81
18,474.57
19,466.73
20,462.48
21,461.9
22,519.44
23,515.6
0,464.9
1,464.25
2,456.32
3,447.29
4,443.71
5,455.43
6,434.81
7,443.13
8,479.66
9,533.21
10,544.88
11,542.95
12,489.11
13,489.76
14,495.83
15,497.87
16,523.18
17,508.23
18,482.81
19,465.49
20,463.93
21,454.45
22,520.49
23,510.19
0,485.58
1,452.95
2,449.45
3,439.7
4,438.58
5,443.35
6,430.56
7,447.62
8,482.15
9,532.45
10,547.24
11,557.01
12,505.93
13,496.54
14,486.64
15,485.12
16,505.97
17,484.07
18,457.73
19,440.54
20,431.6
21,430.42
22,479.64
23,477.25
