0.000000000000000000e+00,1.102644879680952927e-05,4.253005417689803558e-05,-1.055519611661281942e-04,-1.480726055658188045e-06,-5.476866649398171027e-05,2.408655050467611858e-06,-1.897779033212949384e+00,6.324541569693864496e-06,3.014071780896299124e-06,2.498346172293691714e-03,2.704254178059750657e-06,1.572441446727245395e+00,-1.554697376552477417e-05,5.877304242452030536e-06,1.732872684345743153e-06,-3.797746158043513454e-05,-5.023708311977964636e-02,3.323250039695985758e-01,5.192793537575624008e-05
-8.833189233156679698e-06,0.000000000000000000e+00,-1.724656203824226353e-04,3.067243243748782322e-03,-3.412549991742286348e-03,-1.541393176479155525e-02,8.673483346054861043e-06,5.619048131451781503e-04,-7.468706323565665883e-06,6.318270591804120428e-06,2.828767433293855049e-06,1.483928338044913919e-02,-2.635621743949073670e-03,-1.243329003121643184e-02,3.761048407797257243e-05,-1.991306754905997067e-07,-1.746864220417799207e-01,-3.292016242391268555e-04,9.916014896013680691e-05,2.723476629703985852e-03
3.918676597417559970e-02,2.824440933743566085e-05,0.000000000000000000e+00,-2.085409266725957861e-02,-5.152868322058418160e-02,-1.626733388027101768e-05,4.966696110747514936e-06,-1.057713200297694112e-02,1.707499189207428714e-06,-1.505563483994443175e-06,8.754177236079685454e-04,8.486112621497454711e-07,-3.837830622233601163e-02,-2.420245894294015265e-06,-9.764509161236389900e-07,2.320744332624802286e-05,-6.700445481760963773e-06,-3.031570668620059417e-03,1.100839375428031564e-01,1.711928489189773472e-06
-2.936151954369342620e-02,-9.625233645282893491e-06,1.806917426687426609e-05,0.000000000000000000e+00,2.268542905660286824e-02,1.055861158338888828e-06,6.227196336361373596e-07,5.796670340252774167e-03,4.002271785645550306e-06,-4.426512835095652854e-06,-1.008839227473426470e-03,-1.029357713677736541e-06,-1.571305918982840444e-02,-6.609451213855643825e-06,-1.118160599783424303e-05,6.247756079449939826e-05,8.193303530912299237e-06,7.131583944118680130e-01,-4.305057625796049336e-02,-1.100009791092093625e-04
-1.330032384584193927e+00,-2.731583784630620126e-05,-1.264476739615272294e-05,5.033475573620882493e-05,0.000000000000000000e+00,9.570540907666291730e-06,-6.480154098709167698e-06,1.835606991051463188e+00,-1.199243037217773145e-05,-9.413124613180667843e-06,-2.432878925647807833e-03,-1.764098019718662869e-06,-9.949161333221882841e-02,-3.121459581589824950e-06,-5.918567081097947380e-06,1.573488101240805292e-04,1.276883515931304114e-05,-1.796613488205413833e-01,-2.985933494645732766e-01,-2.791136905905267085e-05
-2.970094834149200613e-04,-1.191617838157410514e-05,-2.377320350373512969e-02,-1.214900424680742663e-02,-8.027851290606943802e-03,0.000000000000000000e+00,1.037232384315522893e-06,-3.291172961258140295e-02,3.587829003101616898e-06,-1.251788621044191974e-06,-1.272884397247389665e-04,-7.583708805493358240e-02,9.605668494723204609e-03,-5.501786555509036170e-05,-1.708071067720584590e-04,3.538020259529622846e-05,2.725473409070922060e-06,4.239882482836217215e-02,1.075618165552846839e-02,3.818016256156020471e-05
5.038463338273552194e-02,-7.446275246185671270e-03,4.515284435440114486e-02,2.036365431277075810e+00,-3.276938264925027822e-02,1.724597200254269325e+00,0.000000000000000000e+00,4.140807996386913770e-02,2.876078100476173183e-03,-4.365686473960912750e-03,2.041290404827273419e-01,1.978740782283656685e-01,-1.161237105766919964e+00,6.061355274794108516e-02,-5.245412805232579911e-03,-4.280235018877995290e-02,1.159438177826913052e-02,-7.628052596395441809e-02,-1.655247116581575861e+00,2.333199550562850555e-02
-9.924531803595648682e-07,-1.380005246807980424e-05,-4.120086262232591778e-05,1.147349461017022065e-04,1.273208149632498731e-06,1.864816713315065044e-05,-4.440564114471801105e-06,0.000000000000000000e+00,-7.607943140586215236e-06,-4.610233893059811905e-06,-7.024102952898542140e-03,-3.356734177534237418e-06,1.480014654530509288e-02,9.543107217069302095e-06,-1.120266201803943318e-06,-1.764915459667726338e-06,4.664152056488291009e-05,1.159731555118154400e+00,-8.439569193775466882e-01,-7.212443540000057496e-05
-1.177973795950439106e-01,-1.164393530348113714e-02,-4.025334676194525230e-02,1.088581048568733611e-01,1.254666904687191942e-02,5.435604322850479120e-01,6.233884889624841108e-04,8.226091932744936108e-02,0.000000000000000000e+00,-9.629240383390857971e-07,-5.860482318630773069e-01,-3.093676558753116757e-02,9.775009246090010651e-03,-1.352683103461019276e-02,-2.597994183020785330e-04,2.646405998380248203e-02,-1.448387502513392433e-01,-4.723712918059934374e-02,9.660311695991844472e-01,1.801475361038653356e+00
1.144457132350932937e+00,2.834749622242410672e-02,-1.834834220575665142e-02,9.560689349998988118e-02,-7.590565544932301179e-02,5.661559061660541570e-01,-4.593693957512523518e-04,8.391495282589424287e-02,-1.712583054935248317e+00,0.000000000000000000e+00,1.442462940218228074e+00,5.977530182075757592e-01,1.299005669468712154e-01,-9.629116726447690677e-01,3.730853314946880328e-05,4.736701595285924826e-02,2.130498240667373366e-01,1.249621081925975791e-01,-1.184811931550274755e-01,-4.425566060971786175e-02
1.331710933158425370e-05,7.832256103308065098e-01,-3.384155782156506032e-03,3.017592213768252596e-04,-5.972950805420429443e-04,-2.062553961101696448e-02,3.545750930630808817e-06,1.110626124281172133e-04,-2.399156595944695880e-06,1.936662337442829340e-06,0.000000000000000000e+00,1.941585916218374619e-03,-3.320460976528577524e-03,-1.224976724680942874e-04,8.978572677689755643e-06,-8.219477491688831350e-08,-2.776815836718350694e-02,-4.719983122528081942e-05,2.090739959698106887e-05,7.163548403392172581e-04
-7.938204346839056180e-02,1.051599429372634953e-05,1.812385504668567293e+00,-1.544581868277780545e+00,-9.941220843800757656e-01,-6.575571376565836346e-06,2.180039793020505101e-06,1.578186077612048210e-02,7.101998842545809154e-06,3.759079751489147192e-06,4.411518425307403568e-04,0.000000000000000000e+00,1.032476187304750104e+00,1.735179547546206180e-07,9.952492356202213841e-05,-7.313080194434884440e-05,-5.727913322900457516e-06,-9.180303590665123137e-02,1.588818755167501484e-01,7.061407986230783251e-05
1.196755161969598191e-06,3.839322042958892567e-05,3.089838293401925284e-05,-1.326504936920713806e-04,-2.151894837695844664e-06,-3.420798459394247537e-05,-1.370137447831432098e-06,8.475621127207455530e-05,8.046043904946786895e-06,4.795316342232069928e-06,2.312745536898697107e-03,3.281238127095242874e-06,0.000000000000000000e+00,-6.371904184648835567e-06,1.066972011523614761e-05,2.379884361553008532e-06,-3.161442919709378518e-05,-7.626678248956131334e-03,7.226496787706465641e-02,6.222126956625939620e-05
-2.074923826333023580e-02,-3.374814724316221870e-06,-3.027445451861601744e-02,-3.883584876239521561e-02,-1.375000567939509838e-02,-2.471203740480248934e-02,2.776836408364957709e-05,2.007474902306806419e-02,-1.008778456679237934e-05,-1.763378303071272413e-06,-7.446645105664562170e-05,-1.298964912711697006e-01,1.760013284150690333e-02,0.000000000000000000e+00,-1.136373935634107935e-04,5.216540774925781943e-05,1.754552473198778273e-06,-2.090211531624711072e-02,-1.334342476432748281e-02,-7.151897108096244571e-04
1.313235398697284728e-01,3.768125009417515325e-02,-1.718764871625540147e+00,-2.404377253585907037e-02,-1.200564490419177566e-01,-1.965412958646606256e-02,-2.924546336361411036e-04,-1.860011037124399857e+00,-6.762532307346788563e-03,7.048707416989208330e-04,-5.134085091537402695e-02,-1.236670521216753915e-02,-2.355628741688860217e-02,-3.492860642164795359e-02,0.000000000000000000e+00,-6.364149709003896760e-05,-7.875753422392051117e-03,-5.533933048289141343e-03,-1.539978658364830721e+00,1.258724840601987971e-02
1.131319675740984021e+00,8.947199101373745633e-03,2.393981307439640993e-02,4.922371537866360169e-02,1.716343143239773550e-02,7.629478748334678206e-02,-4.165798622105670868e-05,-1.574306780256081950e+00,8.292566848962235060e-05,-2.080266776754990943e-06,-3.163025312747461126e-01,1.797242371914545278e-02,3.685034315600585475e-02,-8.666197060019420473e-03,-3.260311065647586437e-02,0.000000000000000000e+00,5.434286088591577801e-02,9.321230405768199390e-01,4.028742055541062461e-02,2.704134051128154193e-04
2.471185795593279499e-02,-1.613646390362377669e-06,8.912035941265758487e-02,8.134331179623024988e-02,1.633681426026850625e-02,7.962495385048473651e-01,-4.445680913517380262e-05,1.212720643411924204e-02,-2.423632340903258964e-06,-8.652097294586935661e-07,-2.837848317674418475e-05,-5.367975145163302875e-01,-1.614149665597555683e-02,1.276127299409465010e+00,-4.819764649348148855e-04,3.934409399026367327e-05,0.000000000000000000e+00,-3.670998397135272207e-02,-4.456103637341890522e-03,-5.579319663303466958e-04
-1.998070127129381035e-06,-1.152341324903369268e-04,-1.149184961474203348e-04,3.223776994909499649e-06,3.038383024928092979e-06,6.263417888920791432e-05,2.122476891908142704e-06,1.507454613136616217e-06,-4.421266002196944100e-06,-8.714743325394236351e-06,-2.055829472548344194e-02,-7.936014729148510582e-06,-4.145677468839203961e-05,1.615115439096426186e-05,-2.012293518038887896e-06,-2.026005310407086313e-06,1.189390226258579819e-04,0.000000000000000000e+00,-6.717027442969430995e-02,-4.850138753231814093e-06
3.313647437219735536e-06,4.198437602913607236e-04,3.262113176388803382e-05,-1.001152569626018174e-04,-5.044436068912805382e-06,-6.981769133654336379e-05,-1.101152438454100491e-06,-1.670941436326955909e-06,1.890491338862876347e-06,5.697714557439947924e-06,5.569298408066984674e-02,1.827647457275372034e-05,-1.146466584506233843e-05,-5.755081275921752892e-05,9.763597935696921581e-08,5.928775536068187080e-06,-2.999849282123573380e-04,-1.909465069060978237e-05,0.000000000000000000e+00,1.821883806960022945e-05
-1.233859731828246264e-02,-1.042214615445735681e-03,1.097355468378899745e+00,5.336255927877842087e-03,3.920125838151328201e-02,5.178450215847389682e-02,1.230588847862396085e-04,-1.098531297003892127e-02,8.512746240141311205e-07,-8.908170295585104981e-07,6.404757428887131177e-03,2.330640628659536029e-02,3.732203492911567722e-02,-4.074633999976290388e-03,1.008714931027832051e-06,2.011524973384942738e-03,1.095342860972223220e-03,-5.292144194429544424e-01,-1.463752698888649006e-01,0.000000000000000000e+00
