0.000000000000000000e+00,6.898127277202292795e-05,1.011218143776027034e-05,-3.608915132166656825e-06,7.765844429691004525e-02,3.288159401204637788e-06,-1.694930558279739152e-06,-5.006541372200687956e-01,1.214567560858803574e-05,9.152944020472286724e-03,-7.874621500411627117e-06,-1.800981348748509348e-06,-6.074004304024160916e-06,-1.585420849627150464e-05,1.112933808626592747e-05,-3.232650584286678175e-06,-1.923079659842159492e-03,-1.235542391173072296e-05,6.223082822455205942e-04,4.611595080333819041e-06
-3.895964732388695895e-02,0.000000000000000000e+00,3.171409263603872097e-02,2.749016835560946781e-04,-2.078824013764983547e-02,-4.378589753787925920e-02,-6.812197803482339387e-02,7.249688229434128606e-03,-7.263067207436590955e-02,1.166082123123974162e-01,-4.192613738449456340e-02,2.076709311059771190e-04,9.535876025632328279e-03,-3.229322823787103558e-02,2.177682310086775930e-04,-4.252393869083574696e-02,2.059373693872753805e-02,7.063569947556494477e-02,-8.656678230904651938e-01,2.088782378904002757e-02
5.278236500816729793e-01,-1.515399744099060753e-04,0.000000000000000000e+00,-2.809878784017227904e-06,-2.169998751486929001e-02,-4.121008994356634147e-06,2.221479058095443548e-06,2.072554182801535916e-01,-5.225749720991212932e-05,1.763686912894137482e+00,5.908852139288600647e-06,-1.784067128376976008e-06,1.931952313778823038e-04,-3.467127356271415550e-06,-1.346772707609689146e-05,4.571945403791799478e-06,-1.506992185201401491e-04,5.774911973577545599e-04,1.615594067136405521e-04,-5.208896890705055904e-05
2.131833142030376549e-01,5.133260104495995790e-03,-1.061552020442713684e-01,0.000000000000000000e+00,-5.862531985946161095e-01,1.005885566564575229e-02,-9.848212935139127877e-02,1.622909063611227831e-01,-1.064369947626608859e+00,-2.335604230353427457e-02,-4.022001443482914329e-03,-8.447023851276824757e-06,1.667008588999677521e+00,-1.912370845523203577e-03,8.998672195473789159e-04,-1.621812630347579942e-04,-1.973841945237818918e-01,1.478614573644349672e+00,-1.466053409533406571e+00,1.728972526451375336e+00
-1.163976305723624094e-05,-3.502961907873858305e-05,-2.631816281045695760e-06,1.169027204900308092e-06,0.000000000000000000e+00,-3.836410318314165124e-07,8.190152654352633732e-06,3.024351994396212717e-06,-5.887893456163473260e-05,1.884325240438827764e-03,1.970693034042403369e-05,4.008893440460292723e-06,5.445084427291302376e-06,-6.700203466158960453e-06,-2.209623620880174499e-05,8.142697862228986949e-06,1.027199297802574088e-02,3.668586621929925684e-05,7.431299049009965074e-06,-8.008630881739531304e-06
1.681726863684662732e+00,-1.044066540300606083e-04,8.065263612680317884e-02,-1.267733729082842764e-04,-9.621843588512321577e-02,0.000000000000000000e+00,-7.061762474968411030e-03,8.380879028940636521e-01,1.237615083872906085e-04,-2.193282555362902064e-02,-1.176826738605706024e-02,-4.667017065779210938e-06,2.197930366666128732e-03,3.099210379592803877e-02,4.397063212008278654e-06,-2.058826047092801592e-05,4.376270031254985565e-02,-3.348900148819658473e-02,1.799482157950241246e-03,2.231917602240660048e-03
-1.547097195239404588e+00,-1.539544629782785279e-04,-9.560767003950796372e-01,-8.807263403076692754e-06,8.379654291432830915e-02,-1.941435661348411834e-04,0.000000000000000000e+00,1.014896268243057564e+00,1.568006814572919794e-05,-6.950262865667337087e-01,4.610954379383191970e-06,3.033890460391042154e-05,1.436881783024868131e-04,-1.402853818905312799e+00,-5.542848921423482178e-06,3.677358805534436392e-06,-1.084465075179044391e-01,4.975076847058557128e-04,-8.834050631799726938e-01,-2.755578162564886746e-04
-1.090663464686780770e-05,-4.493127339942198928e-04,-2.320422372831254521e-06,6.155824164966183787e-06,1.854928821570301700e+00,-3.249390173598598608e-07,6.897440234104879053e-06,0.000000000000000000e+00,-3.452018636959652831e-05,1.728545549693871752e-03,2.154792361808155476e-05,-2.146737910588281117e-06,1.086755851653631311e-05,1.054415403081709890e-05,-2.934908088084164923e-05,1.152658042517795689e-05,7.008945658728980149e-03,3.276097328630545036e-05,-5.317831157569119505e-04,-8.256347696355970101e-06
-1.012772089597002156e-01,-1.113437516530313420e-04,-3.423106816574691957e-03,-5.156842638742720197e-06,-5.386666657027824878e-02,3.772006827668099305e-02,4.236133043087801642e-02,-9.620576350178461356e-03,0.000000000000000000e+00,9.229442980953402043e-02,9.180282455789612328e-05,1.855713236085382301e-05,4.856208127080176296e-02,1.961428678286067373e-02,-5.421609871839039307e-06,2.942802362432273000e-06,-2.837979229512820403e-02,-1.491668756686352459e+00,-1.047934710706138750e-02,-3.154931844400052365e-02
6.324197408114073937e-04,-5.626155923200981679e-05,3.110214322310511648e-06,-5.406175792588285844e-07,5.907169721625027403e-03,-2.682931258601861657e-06,1.833206222517924644e-06,8.403081605151990763e-03,-2.295327458665119558e-05,0.000000000000000000e+00,6.484330627928858171e-06,-2.381960039196662215e-06,2.686387381949928432e-04,-4.125363765539180605e-06,-1.691815804737151208e-05,4.490503892395913965e-06,-1.951316555863277097e-04,1.749436946970328588e-04,3.787775358081446608e-05,7.028827681861138377e-05
-3.688224296476319553e-02,-1.728482127995867312e-04,-1.450661908582283888e-01,-2.597994765673683482e-03,-6.677608813854611636e-02,-1.397935653036988524e-04,1.293016925269220740e+00,3.147167194232095011e-02,2.227445012523407430e-02,-1.014203229869824752e-01,0.000000000000000000e+00,-1.161842025253767563e-04,1.161174438604853476e+00,-7.035744179066673321e-02,-2.907776424088126532e-06,-3.724299449225920711e-06,2.303965089183831333e-02,-3.141605799043928338e-02,-4.856761565314654527e-02,-1.569843452417373775e-01
-1.720858301936274426e-01,8.583193670252148300e-03,2.823941440013000292e-02,-6.492059815606890938e-01,5.673187800193184582e-01,-1.123303349551036057e+00,-2.087080102335742149e-02,-1.258523238616916506e-01,4.767624087765560958e-02,2.044559788380576060e-02,-2.534687790244016803e-02,0.000000000000000000e+00,-3.073446846028192736e-01,3.117273016708212163e-02,-4.772872749986695196e-04,1.023866727848986302e-02,1.642840281923716728e-01,-5.719175779245389002e-02,8.623588078368574217e-02,-1.357656626843026348e+00
-1.573947082718215318e-01,-2.723894783520364182e-04,3.233681428356148524e-02,3.309494734260454152e-06,-1.190189677371757959e+00,3.972421969924977425e-04,1.137151490227769624e-02,-1.319597565150302798e-01,1.501942395298883071e-05,4.918039466360965561e-02,4.665083174676398770e-06,-1.257626232398223465e-05,0.000000000000000000e+00,-9.740684226774265486e-03,-5.170467075543694335e-06,6.737381860869029460e-06,2.131881965487361641e-01,2.681916313476140346e-04,1.227268818899976410e-01,-1.579891425878845235e+00
-4.100482799478610829e-02,2.194637944735733370e-04,-1.586626089533659689e+00,1.336543654092969824e-05,1.646299315966722188e-01,2.387606794251179165e-04,-3.869671620138070978e-06,-3.161747370451106764e-03,2.060362075062549536e-06,2.508027971402116418e-01,-7.474156107731277920e-06,-2.564334813248692058e-05,-2.926755383314411096e-04,0.000000000000000000e+00,1.412229293253075557e-05,-5.891598968632560940e-06,-4.486681748556516081e-02,-5.226999679379951136e-04,-1.217859009506639945e+00,3.644970759283938655e-04
-7.749769920066318374e-03,-1.118253971436047878e-02,-1.668235782726641969e-01,1.644747899647386324e-02,-1.298379204438944612e+00,1.155687846387580819e+00,-1.287219495355565457e-01,7.750623597978251178e-02,-1.046204174080481719e+00,8.202573604434082455e-02,-1.933410633679423229e+00,9.762375070477696815e-03,8.188005316405475020e-02,-4.922017277562288490e-02,0.000000000000000000e+00,-1.882880937342235050e-04,1.006175439858370685e-01,-4.930744514801516099e-02,-8.067717316010095119e-02,5.053104996745369504e-03
1.002742170953363487e-03,-1.216110072927434338e-04,-7.777262005072538287e-02,-2.874494088193758901e-02,1.311419389977562355e+00,-1.036757698193426225e-01,1.564645361297877457e+00,5.766793656581656324e-02,1.880468564664138809e+00,1.370268575584659532e+00,-4.143198550842919214e-02,1.186006181619347899e-04,8.051391174825237584e-01,-5.382752387048500564e-02,-2.330597925338893928e-02,0.000000000000000000e+00,-6.894307406692962853e-03,-5.212299994803687442e-03,-1.065782240994172181e+00,-1.109862946655451044e-01
-9.087313771078464608e-03,2.668886548613698395e-04,-3.336621685992381681e-02,-2.028517413271355152e-07,-1.055708691026432944e-04,9.011948124022090001e-05,-5.513053091939223993e-06,8.666403601186936645e-04,5.994131192399443364e-06,2.122155173903173681e-03,6.673796395271353044e-06,-3.102630270798711898e-06,3.187540564438678947e-06,-8.975282305159759666e-05,-7.234174734596643397e-07,7.563506821381231482e-06,0.000000000000000000e+00,-6.071335690976606414e-05,3.844228107739849909e-04,1.962393854298104257e-05
-5.281039630811694696e-01,1.357486287452483453e-04,7.220776564684894261e-03,5.151755168519844830e-06,-8.098869540262437772e-02,-1.292201457537278664e-04,2.252413017489979241e-02,3.058512207374388669e-01,-3.658812601892158511e-06,6.840891071951775426e-02,-1.557374981599746189e-04,-2.046032792321628158e-05,2.711903523447145581e-02,7.787425086878310698e-03,8.139031403432694933e-06,-4.403636392369403296e-06,-3.535465605019479096e-02,0.000000000000000000e+00,1.905133304839332076e-02,-1.484707702205176338e-02
1.117294068375812577e-02,-6.371801557270018179e-06,2.324835798468743997e-02,-3.129969365384122071e-06,8.252326702261528757e-01,-3.719895766904415813e-04,2.144424847055903527e-06,2.811201961094578206e-03,-8.199861263530339173e-05,1.349491574894521595e-01,5.462155978797067490e-06,1.020110387653372364e-05,2.156853881801756856e-05,-4.489947732111421175e-06,-1.211309669410520762e-05,5.967805566942097073e-07,-6.559781977556865956e-03,2.910203096246344323e-04,0.000000000000000000e+00,2.619905719947190903e-05
1.329429472842408311e+00,5.311552580791467637e-04,-6.128695728392012654e-02,-1.037977139795032144e-06,4.891359058013945993e-01,4.180184220464733258e-06,-4.465416662596632946e-02,-1.042222649484760844e+00,-2.101738516080420283e-05,-1.688771866055455151e-02,-7.052488189690508946e-06,-4.166359013346720985e-07,-3.446317763278194946e-06,-9.815215313642294825e-03,1.253912260944234358e-05,-1.031681326912892160e-05,1.353156588623587175e-01,-3.589215469711470874e-04,5.495099383945778460e-02,0.000000000000000000e+00
