0.000000000000000000e+00,-9.782093559744056699e-02,1.198253853372914346e+00,8.001194644417106150e-03,3.938255908886301171e-06,-2.473784548011718487e-01,1.235209442893933307e+00,-6.064834948041331053e-06,-1.300715622371537705e-01,-5.597970546887239690e-02,-4.434775211739383494e-02,4.809204879398192717e-02,-4.827132782458776195e-03,-1.564991584938932867e+00,-4.542686695696573906e-06,3.116650733465953227e-05,-4.248876624160513593e-06,-1.104629632454320887e-02,-2.499970738607665277e-02,-9.192171925758568785e-02
6.298271346683037564e-07,0.000000000000000000e+00,8.494600522745976434e-05,-4.464471027132987935e-04,-6.609969164614315495e-06,-1.333018798534435501e-02,1.999474467929951427e-02,7.356274957376340851e-06,-3.941541259592173940e-03,6.569674559559769700e-02,5.261762149849635861e-06,-2.691409090324525799e-02,-2.371606573782492067e-04,-1.101944033436441650e-04,5.826014705417881245e-06,6.877195298358312892e-05,-1.217294634478505166e-05,1.432866968352613846e+00,1.585746759524608862e-03,-4.185218661074407986e-04
5.869166862126906636e-06,4.736453858483700985e-02,0.000000000000000000e+00,-8.113927845079804690e-05,1.612771203723939450e-06,1.271700904800566190e-01,-5.890657148500677565e-04,-3.572546560540179605e-06,4.801693199139392410e-02,-2.075607025332686789e-02,3.624623391397577277e-02,-5.619801737059994251e-02,1.411618132797498593e-04,1.038256914763779903e-04,-1.934715037593681686e-06,9.355586301066504129e-05,-7.374558992578883476e-06,-5.119890592063525148e-03,5.687269740039430088e-02,9.067634028286643000e-01
6.038547932701865406e-04,-1.409516174560164481e-02,-2.956919263158946931e-02,0.000000000000000000e+00,-4.023857911078371208e-04,1.091363454396203359e-02,8.830521359529258651e-02,2.518955904096120690e-05,-3.825848197477688117e-02,1.696106775034509073e-01,5.242372943517203954e-03,7.422631944538407578e-02,-1.233222951494944430e-02,1.747971019256797098e-02,9.535225487300458269e-05,-4.690817080325870858e-05,4.983234389965840450e-06,2.644634096407542934e-02,-1.842441999499099037e+00,1.336806855630140900e+00
1.929511495180309399e+00,-1.610476046554092933e-01,-1.400727341374817136e+00,-2.135536446010502520e-02,0.000000000000000000e+00,3.290468575559065134e-01,7.412584486541778928e-02,-5.101944871486741029e-04,-1.896998982852281523e+00,-1.621825809035721822e-01,3.621561148644353301e-02,-2.128511193177736960e+00,-6.533079610272857218e-03,-1.853495307766483302e+00,-1.104016664998841435e-02,-1.375314062956323191e-04,-2.629163513678761666e-02,7.106851776213723992e-02,1.476209509962999489e+00,2.639561939156576109e-01
-2.945138658046186908e-05,4.280103927201128755e-05,-1.615454438094743317e-05,3.021873240000028105e-06,-5.986714307737450724e-06,0.000000000000000000e+00,4.086263569959835973e-04,-6.888120840542466539e-06,2.386517177617020202e-02,-2.841142539813171219e-04,-2.883060102732148966e-04,4.472699944617908319e-02,-1.156855172205345506e-04,-1.973148980636829641e-04,-3.748940643255593841e-06,-1.704612408720898586e-04,9.558821223137892176e-06,-7.854449028199597116e-01,-3.930272856389471769e-06,-7.548038618243602116e-06
6.929233958841152230e-08,2.420964144502490978e-04,7.393055337257842252e-03,7.601874450034740160e-05,-3.285046721965279026e-06,-8.183541108218506110e-03,0.000000000000000000e+00,-9.386779829909097650e-06,5.615230127905035395e-02,1.793842438878278517e-02,2.309744410393804737e-04,7.653093905429786403e-05,-5.718618920180773557e-06,2.020139073249938022e-05,-4.671984268123097195e-06,-7.252838369664615925e-06,-3.015162930303239008e-07,-5.213194069032356381e-02,-1.109608457617872190e-04,-3.000773608415053390e-02
5.264618390171399431e-02,-8.046239847366526421e-02,-1.948691564693842415e-01,6.722219820422259406e-04,-1.594453187220634671e-02,5.037603599974277424e-02,3.749733015334197339e-02,0.000000000000000000e+00,-1.042393904239143465e+00,-7.114632984244524394e-01,-4.734187043333254463e-02,-8.316229305264066785e-02,3.641305556897884987e-02,-3.368648471814944534e-02,1.637426841324609139e+00,2.520807070101049874e-04,-6.005970700457749500e-02,-1.177821305504789029e+00,-6.783941013760787231e-02,-5.868233784287806287e-01
1.221825777109053490e-06,3.637629283742171982e-03,1.304003726376179451e-04,-6.534489212192684526e-05,-3.647822864827343636e-06,3.529563006579028439e-04,1.365590229121527166e-04,-8.137508358929679275e-06,0.000000000000000000e+00,-1.744809114082389312e-03,3.994471317381176334e-06,-1.446196803254927443e-01,-5.379194565877098988e-05,-9.025574663856783530e-05,-4.633062773817808733e-06,-6.627810954201729388e-06,-9.763972692838907008e-06,-2.935528935029307895e-02,5.871817833710823997e-05,-3.282373132655613812e-05
-1.184617859831260667e-05,1.275191083210253096e-04,-2.580898834394218522e-04,7.511748984782157246e-06,-5.518798671361180297e-06,-1.676910499642323207e-02,9.093756832529095724e-04,-7.849668766587991620e-06,2.130337985484169472e-03,0.000000000000000000e+00,2.657104234895027450e-05,1.554507859553820592e-04,-1.782249232938036554e-04,-2.918887557226690355e-05,1.433221555864616636e-05,8.268318944560509864e-06,4.072068525751842971e-06,-2.896116713567569584e-02,4.224062028169994765e-05,-1.469648740950943444e-04
-1.876339113532354830e-05,1.409475453473309159e+00,1.060086031502982529e-04,-3.742782301863756267e-04,2.394387555493260322e-05,-3.953630157733067918e-02,4.365427085297091114e-02,-4.062731829096444258e-06,1.825475994749522712e+00,-2.359133113154812667e-02,0.000000000000000000e+00,-6.321141234568646849e-01,-3.521280369779278274e-04,-1.004764744171882107e-04,1.736267466589946906e-05,5.913210237784571888e-05,-7.763319924081191203e-06,3.806909921048229339e-02,3.176656704745428605e-03,-1.933314766776050853e-04
7.510998653093015065e-05,-3.211244832368453928e-05,-4.644809398295091096e-05,8.545085580430322736e-06,-4.474576799778917646e-06,2.044527482973901300e-04,-7.812540620209196263e-03,-1.771337848793796965e-05,-4.283543792130140027e-05,3.284517760039730450e-02,-1.647457153194920032e-05,0.000000000000000000e+00,-3.392158567851188966e-04,-7.066681199052737838e-05,-8.894395091663120922e-06,-1.559858686908319192e-04,2.144981909957266453e-05,1.919837780667658977e+00,-6.844881304757244322e-06,9.423177273581995195e-05
1.761000525835054731e-05,-5.051022990127534973e-02,3.128593239787491598e-02,-6.506372592138334743e-04,2.229418472110555882e-05,-1.848401560356477402e-02,-1.293958630648180508e+00,-1.218356159717048914e-06,7.186302715679954156e-02,-6.049286012599121298e-02,-2.840454089461157822e-02,-1.755915958157294732e-02,0.000000000000000000e+00,-1.366116537049322233e-05,-9.887967754446114199e-07,4.483631283414002411e-06,-3.416295273259151166e-05,-6.313081407611446927e-02,2.651226530330852427e-02,-5.686677839510665550e-02
-4.664863428982535254e-06,-7.654497180248132082e-02,2.518630850181979852e-02,3.155155554837585363e-04,-4.860659474248407719e-06,-2.975721014016376176e-02,3.608237451951046282e-03,1.376440562503300491e-05,-7.731261396099670113e-03,-9.568371623651965308e-02,-2.593232633411869659e-02,-1.482611038272810267e-02,-6.051202351300954962e-01,0.000000000000000000e+00,6.485471428119282677e-06,-6.990675712414962106e-05,5.923067780272406324e-06,-1.159996047259409524e-02,3.788130391011423903e-02,1.737766729530074161e-02
-1.657393048553048809e+00,1.225731956811634715e+00,1.163114135359992973e+00,4.481676058788297556e-03,-2.325461695722175204e-04,-2.824062696861894262e-01,-7.566156005641228033e-01,4.513907561232155530e-06,-8.279679397380348971e-02,8.176920244233315538e-02,2.813116144939645236e-02,-4.957639390388589584e-01,1.321671569801148971e+00,2.125319982095386084e-02,0.000000000000000000e+00,2.526622007644196977e-04,4.585575268896233125e-02,-1.302841321783788364e-01,1.893582302085515590e+00,-2.891433797377829240e-01
6.947299243081905828e-03,1.197599434811573993e-01,-3.141783199692699258e-02,1.299566087931987302e-02,-1.870047744485926755e-02,-4.247901924981293403e-02,-9.303636043827639979e-03,2.914599201684400787e-02,-8.556742019144218947e-01,2.047224279168832484e-01,3.336210126660116293e-02,-9.550756717294713039e-02,1.867852986444574093e+00,-1.061928807150397391e-01,-8.162596606151817369e-03,0.000000000000000000e+00,-1.605815367497934465e-01,-2.149717057538515219e-02,-4.976947713868939971e-02,4.082629285197697522e-02
-1.745158214121830698e+00,3.995751931103284221e-02,1.404091506330703565e-01,1.468189373189972891e+00,-2.956434162983134772e-04,-2.114218198581412633e-01,-9.763384972494926206e-02,2.991618715141031171e-05,5.695532371137709826e-02,-3.935247874078680319e-02,-9.746305557757088955e-01,-1.211905145186170235e-01,3.091045063905037416e-02,-5.960598116834707472e-02,8.607713548601514386e-05,-3.784006843240983464e-05,0.000000000000000000e+00,-6.878950293916534509e-02,-9.831172952337541293e-02,-1.426476186741265639e-01
9.992612973872688764e-05,5.075919684349727845e-06,5.473710255893271537e-05,6.574215188959176004e-06,-2.876014438518703642e-06,-8.193342276197057572e-06,-3.672070193381504755e-04,-7.392223729640878815e-06,-6.358063788036716346e-05,-2.039563475902048117e-04,7.279545766319950317e-07,3.841916126567923584e-06,-1.175301700756109513e-04,-5.088881477965934153e-05,-2.458787617606872367e-06,-2.851010042882046180e-05,9.139313298128781682e-06,0.000000000000000000e+00,-2.129940898765170232e-06,2.627775721392167085e-05
-6.377258401524255049e-05,-3.436215921387028582e-03,4.568959581516263135e-05,-4.078457718326156112e-06,4.819070941304570699e-06,-1.863833139376731785e+00,-1.134199569063504276e-02,5.434078438906753128e-06,6.421842587377936395e-02,8.129205272548928329e-02,3.491043395193363374e-03,-1.207710704854180639e+00,4.349464934142177608e-04,1.119296258634550068e-04,4.033524723820458568e-06,9.341969827170171214e-05,-6.273920961918921790e-06,6.269448252533810217e-02,0.000000000000000000e+00,-2.407371670600788605e-04
1.247013872771041143e-05,-1.877133759225987908e-02,8.412554935166571823e-06,5.361198022912905259e-06,3.522123292867829214e-06,-8.611090003603878440e-01,-2.968512327129191330e-04,-1.301159151920194823e-05,3.547382442668720048e-02,-3.583083095485586206e-02,-2.081848567997782173e-02,9.047786881514445489e-02,-1.222993057496679636e-05,2.220414334362375008e-04,-4.981464028927518051e-06,-2.041579822754241436e-05,9.914054955734163954e-07,5.188533426791103187e-02,-3.783607228956009649e-02,0.000000000000000000e+00
