0.000000000000000000e+00,7.102553912005621362e-03,4.667947933095933921e-02,-9.429229845810294108e-03,-2.917638446267114410e-02,-5.174950016221275401e-02,-2.281913470011367323e-02,4.678482743280476530e-03,-2.178528784904387727e-02,6.146165883817167330e-04,-1.052383931112936377e+00,1.456514924183383020e-02,-2.061988339830567174e-03,1.673679180779715642e-02,-3.225552672446767993e-03,-3.327117610233570888e-02,8.049783606470470310e-02,1.181106040719169387e-01,-6.437009754672293194e-02,7.807477803042908171e-01
3.363846068410725199e-04,0.000000000000000000e+00,2.033912592667843494e-02,-7.473892743517640547e-02,5.456721154509930338e-04,-8.733363508539593312e-06,4.239346970875904064e-02,7.427837039081217063e-03,5.104044380353434107e-02,-1.362710205554118481e-04,2.184516598981622870e-02,4.890756179953889560e-02,1.354419233052794880e-03,-3.078328144981462566e-03,2.122045570738390063e-05,1.529726699614208929e-04,1.258008853751144906e+00,9.874363311790126940e-02,-5.798730624451131632e-06,1.165420725664173540e-02
4.357686763512003125e-05,-1.684673561093419369e-05,0.000000000000000000e+00,-1.447930934537930980e+00,-7.501793929157014873e-02,3.037169139852302635e-06,9.351078613155493213e-02,-5.150234634720338156e-02,1.002865492803357850e-02,-8.961509137497825073e-06,-1.924909309960476378e-04,1.270195901441339981e-05,1.022097154274037578e-06,-5.309752999252571604e-01,-5.463016902697848121e-04,-4.553778911564609899e-06,-9.566636667318606513e-04,-8.129499968819731137e-04,1.080595615113311148e-06,-7.184048245628682494e-05
-6.180111748418926076e-05,-5.458272074654324513e-06,-3.946769156382146093e-06,0.000000000000000000e+00,-1.615565897740006696e-04,2.385960859330182871e-06,3.721227787335362747e-02,4.243027920440942125e-03,-2.976336426742748342e-03,4.717983828195215779e-05,2.981833871566197391e-04,2.236360503340972805e-05,5.500317459772308126e-06,-1.685177651462958781e-02,-3.550093742681753595e-06,-1.011462131972340472e-05,-2.951495848169116698e-06,-8.873025214817253925e-05,-8.764938062288951670e-07,1.173694469119301864e-04
-1.234290028494199054e-04,1.264094056602875493e-02,-1.007413937635509571e-04,-5.048236431006847269e-02,0.000000000000000000e+00,4.654317179553224548e-06,-9.763564193883966791e-04,-7.878899571438502392e-04,-3.903834804823980154e-04,4.358689059846820868e-05,-6.134508772419333678e-05,5.304666346604008931e-05,9.331263011738699653e-06,1.027753763732652814e-05,3.015406347062210557e-06,-1.324265064284249616e-04,3.394167129331382426e-03,1.915276304525301287e-03,-7.899290586005358605e-06,-2.922240317496105355e-05
-1.072431182271016414e-04,-7.994414445845722250e-01,-3.504314998971383432e-02,1.450223589711460148e+00,1.170158827002733881e+00,0.000000000000000000e+00,6.089826799599606932e-02,-4.831175627731781885e-02,1.717344875303531970e-01,2.820204856657237968e-05,-7.997815775574462771e-02,1.384798390231651410e+00,-5.983411781810931140e-01,6.530613118563902142e-02,-3.160332184116457221e-02,5.454554663369487466e-02,-7.845994832000404706e-01,-3.557885631489818290e-02,1.656697972095127147e+00,4.631633549614848355e-02
-6.748540296704075292e-06,-3.218817828931630487e-05,8.207509778562771530e-06,4.730563723720493385e-04,-1.264379950383507506e-02,1.332090676819941422e-06,0.000000000000000000e+00,-1.785458011979857984e-01,-3.968460330695200433e-02,5.231325193241764815e-06,3.223488943754349023e-05,-1.655653278365143422e-08,2.596422201628367787e-05,-1.534866504115939279e-06,-4.863668917592864349e-03,-2.365905305556914584e-07,-1.507971920023803980e-04,8.514391874403504090e-05,1.653786836808279759e-06,6.748846674009545410e-06
1.726996634093813654e-05,4.870974679897499549e-04,-2.232102049314066416e-05,-1.628198553545567862e-03,-1.480128314136418960e-02,-4.435864557283952792e-06,-3.134457894460318528e-05,0.000000000000000000e+00,1.496688395640810354e+00,-1.047275481597109703e-05,-8.077731443545399515e-05,9.799946560917760507e-07,-1.219599812496419133e-05,4.695083544392630870e-06,3.668407936923551160e-05,1.278700754309136656e-07,9.379426832353543464e-04,-3.714230828057996092e-04,-6.118108867969596076e-06,-1.784704240459511482e-05
2.472121444112296285e-05,-5.169826672923871769e-05,-5.267344238038540460e-05,-4.601944089797554982e-03,-1.814535101809837403e-02,-4.541022905368841123e-06,-4.844328841169254218e-05,3.497128361562573673e-06,0.000000000000000000e+00,3.392046034056406256e-07,-1.119143227535923657e-04,-7.802938673806547598e-07,-2.482774342005278356e-05,7.284691759812389478e-06,9.803471085457343692e-05,-1.985536538848253763e-05,-1.463618980576675277e-05,-7.398189988627734692e-06,-5.166413202362107882e-06,-2.063228925286431092e-05
1.104886004845415104e-02,3.340261313870965254e-02,2.351589432500873766e-02,-1.478947353803278242e-02,-9.102042230061974104e-03,1.343885351620184021e-01,-1.143685472700815692e-01,8.239076321929272861e-02,7.842936283688727306e-01,0.000000000000000000e+00,8.747881969894949483e-02,-1.405710234350029175e+00,2.397564999310441980e-02,3.045759107606881011e-02,1.166683835998564428e-02,1.667866006270841972e-02,-3.701551482565262896e-02,3.764881131710867690e-02,-9.423163359015690466e-03,2.602924840509579507e-02
-6.472737591689536885e-06,-1.071255175898455647e-04,1.174135906022563680e-02,-2.372148663476200681e-02,-6.183044466346411527e-03,1.640998232826929026e-06,1.036614536049118573e-02,-1.202890102549535045e-02,-1.460278588184132920e-02,6.668397792508606869e-06,0.000000000000000000e+00,-3.588017201572313297e-06,3.064659294643723442e-06,1.518343470417618524e-02,1.101416895469605611e-04,3.414683102054283381e-06,2.382645240780370544e-03,8.886793723526142941e-02,4.860074123258506518e-06,8.411539349422830769e-01
1.091911935539036094e-04,1.055347353508540031e-04,3.988626066636040413e-02,-2.882352118869017932e-02,3.183561002356005698e-03,-1.898488314389101816e-06,-2.508732232697849507e-02,1.296543715518430617e-02,-5.134142873500946447e-02,-4.298236791266951684e-06,-1.433791235702645217e+00,0.000000000000000000e+00,1.438553485531235410e-03,5.332661396062506054e-02,8.731614470852647192e-03,1.402048481141671132e-04,-5.387776653490161660e-03,1.508160406361553074e-01,-3.130836289222393987e-06,1.249523868595560305e+00
3.442763338879772927e-04,2.439720416289981042e-03,2.228079386533878825e-01,5.602254447918231239e-03,9.881916619552522096e-02,-1.081417002626872126e-05,2.702765783770660346e-01,8.753412725946816408e-01,-3.701767225903959679e-02,-1.061841714661143632e-04,1.735613765505718442e+00,8.648003937976156408e-03,0.000000000000000000e+00,1.362404475876721754e-01,2.032113573931142170e-02,5.400283963081034533e-02,-1.146003473394511030e+00,-1.923305055071190539e-01,-3.560561580488036393e-03,1.219149002304874108e+00
-2.369825492093413644e-07,1.501597226604145519e-04,-1.009493953783857645e-05,-8.788038158979299963e-04,2.935372223447380025e-02,1.750137771755477800e-05,-2.870151108207160906e+00,1.440544399982160328e+00,-3.915472180554127601e-02,2.145348634255417331e-06,-2.509426090488431349e-05,-1.921994376152813544e-07,-2.059360708300816967e-05,0.000000000000000000e+00,1.780328302741319285e-03,-2.210789859513617728e-08,3.800886953164994697e-04,-2.498551293181605626e-04,4.662553609868780313e-07,-8.582174232996120367e-06
-1.126636406083104947e-03,-3.141533608117247356e-02,-1.135561165729991745e-02,7.059883506576400403e-02,1.771156356132921772e+00,9.477695091297810848e-06,-5.739544923223233175e-03,-3.566423903444245619e-02,-3.807598410675572254e-04,1.912297261721929154e-05,-3.882356297851205507e-04,4.009678949036393769e-04,1.296802089615078923e-04,8.656872735491906445e-04,0.000000000000000000e+00,-1.135200809822267676e-05,-7.896692003100252988e-04,-1.485642887648472299e-01,3.946339055249659111e-05,-2.239939892313344560e-04
-1.232737795619498478e-04,2.875816007622269965e-02,6.903766021542556697e-02,-6.461187118758571213e-01,-4.555870999451427927e-03,-7.592150507829131811e-06,-2.834751156906772929e-02,2.384568334065817474e-02,2.755956930456725240e-02,3.051261664678561747e-04,1.537224687272814583e+00,2.876792000705685748e-02,9.382444838548775756e-05,5.601721283777866267e-01,-8.363221318564307422e-03,0.000000000000000000e+00,3.270693514853506567e-02,-9.858451811376260643e-02,-3.401397149688234478e-04,-3.624463080207170895e-01
3.401745641502806894e-05,4.143366408415616320e-06,-9.220290521747553925e-03,-1.757820137772978297e+00,6.484109206650878754e-04,-8.370450772510196202e-07,9.429497432562175541e-03,-1.973298647128779448e-03,-2.064008157798022380e-02,-2.294797260161962615e-05,-5.842933291813817709e-03,-5.483502805247661427e-03,-4.608701479447141480e-06,1.192338929856444352e-02,5.235205601017423049e-05,2.005396606277742855e-04,0.000000000000000000e+00,7.581083894408726653e-01,6.048680966375119539e-07,-2.312922175616460851e-03
-1.195729078556917457e-06,1.376308721440233640e-05,-9.244730269888007390e-03,-1.631044208220400193e-02,3.783542789481605939e-03,-4.791467121401105089e-07,7.296682930468478823e-02,7.894517306806125845e-03,-7.837451565263466868e-01,5.948342752248869658e-07,1.267923284820060559e-05,1.941457441756444524e-07,6.728474397532657747e-06,-1.336776394374067367e-02,-3.648226326752324056e-05,1.325400775020746380e-05,7.308839125086397104e-06,0.000000000000000000e+00,1.754413587295999832e-06,4.004543856073183861e-06
-9.823421843940804976e-05,-9.089233255384073784e-01,7.437863900901080239e-02,-1.028823786051212552e-01,-1.662367604982733782e-01,3.804370210302998601e-06,2.789587240423422543e+00,-9.928913275455174547e-01,-1.870471634323182641e+00,5.074045904542023866e-05,5.738640059834998475e-02,-1.699898969853245179e+00,-1.244153375063616895e-03,4.544408544286671070e-02,5.127558822325026938e-02,-1.525587953205610747e-02,1.442393925803372889e+00,1.676445151291003688e+00,0.000000000000000000e+00,3.583643285010318369e-03
-2.425871592215411710e-07,5.739444573388263748e-05,-8.712687657383938467e-02,1.974016886705448615e-02,-5.005349232954538208e-02,-2.718008081104006379e-06,-1.237520400265797321e-01,-2.027409485825609065e-02,-8.428744108264107915e-03,-3.417728591248447856e-07,8.032581349404210869e-06,1.214988210040957028e-07,5.796043635153402818e-06,-6.260096059138152702e-01,7.838827215905414675e-03,5.965010201669507239e-06,-8.475763752588405531e-04,1.437590514606532643e+00,-1.645917522274942257e-07,0.000000000000000000e+00
