0.000000000000000000e+00,1.370747441194702931e-02,1.126497906548881711e-05,-6.788029835340161355e-01,-3.347069644477299044e-02,-8.729095349058751951e-02,1.007535056514324845e-04,-8.609410641957637722e-06,5.427753586893790949e-05,1.168043884617939066e+00,7.848168698155466583e-04,-1.015713790066818945e-04,-1.043919653588576413e-05,-1.690468239586712107e-05,3.436196061769314358e-05,-1.085412244127521852e-02,-1.947189516094197104e-05,4.438836110238486565e-04,-2.251188132864695435e-02,7.091497591163453684e-06
4.024066950205074100e-04,0.000000000000000000e+00,3.040655420838422884e-06,-1.523302413489746598e-04,2.650362507700121384e-05,1.942082357065971099e+00,2.622097525375316485e-04,-2.233198894513455102e-05,2.159027794719492466e-05,-3.644041254859498036e-02,-6.659359161331757093e-06,3.146905997697402313e-05,-1.857389151752042444e-05,-3.064229458719924803e-06,-2.100469638915969384e-06,3.090605734556453599e-03,-4.094495309600598709e-05,-9.645909083200177037e-06,1.093275237367269392e-03,5.432678242267563462e-06
9.161770983731903906e-02,-1.894278947784739930e+00,0.000000000000000000e+00,-2.036556245979621038e-01,-9.201498266770313794e-01,-8.216908386340865400e-02,-7.797787259447852559e-03,-1.901076006158796572e+00,1.196616604471193446e-01,-7.375629037048778147e-02,-1.449314417276524325e-01,-1.101983854698406873e+00,-6.765879541284042231e-02,8.185167773797048796e-02,-9.260774874770144605e-04,-1.015517807362543573e-01,1.317083018601853617e+00,3.709686457829186601e-02,-4.075296211824032400e-02,-8.363858602898455175e-03
-8.191936125057086571e-06,-3.679739324079756013e-02,-1.252576172194874715e-05,0.000000000000000000e+00,-4.528440710305225991e-06,-2.263924926268201521e-03,-8.339730938639045021e-06,-3.189612692758303503e-05,7.853241228927831941e-06,3.125483915396481960e-02,-1.112509151180912648e-03,4.452645781194419783e-06,-7.638954218514015793e-06,1.353414081195492003e-05,-3.125842700818504127e-06,2.662515153740996343e-05,-3.534842059696452488e-05,-2.911734964821666161e-04,8.302450254681403852e-03,2.910874156852871764e-07
-2.454600218625702102e-04,-6.502720815122864373e-02,-6.854610424822382697e-06,-1.344713767025295326e+00,0.000000000000000000e+00,8.607753659084129705e-01,1.546103101366991250e-03,1.728425270397793145e-04,-1.784654160753107455e-02,7.864876776800838742e-02,1.905968743815905642e-02,2.649654760541853005e-03,-1.763491120645027666e-04,-1.181046505785432466e-05,-8.617717031367266856e-06,-2.679605715320748649e-03,4.684228333717843640e-06,-1.803128250770652530e-02,1.177546366086277052e+00,8.550566574561102584e-06
1.113048315148912337e-05,3.070067613464289025e-06,-2.051162198701828032e-06,-1.705893534699187697e-04,6.607570477823454524e-06,0.000000000000000000e+00,-5.725696448757866541e-06,-1.291924624502449603e-07,3.767332464252315383e-06,7.038402766337825689e-05,-2.190037366067709712e-06,2.730081569052300594e-05,-6.695122423738819606e-06,-4.239162228483750461e-06,-6.028753338355175018e-07,1.690553407625305926e-05,5.849498429612298711e-06,-3.453671835018656822e-06,1.162968930017993507e-04,1.652937725124536961e-06
4.422051208808411293e-02,-5.178143673315260820e-03,1.216058685163390329e-05,-2.135574690558361688e-02,3.723081039914477586e-03,3.356945241877337671e-02,0.000000000000000000e+00,-1.353671426700536751e-04,-1.197434466873592562e-05,-3.082360676172407610e-02,-5.611598907392831292e-02,5.116104958783071477e-02,6.441790550647097380e-02,-3.438470590366726753e-06,1.596321512323251035e-05,-8.813264439045049858e-01,4.920919320750005710e-06,8.392854945940136924e-04,-6.952984102341251693e-02,-3.273324312602632347e-06
-8.679028785216308384e-02,-4.301349924719177764e-02,-3.171300694784773277e-06,5.608063105594984776e-02,3.355338514151134932e-02,1.576856659006474093e+00,1.268614118112837419e-02,0.000000000000000000e+00,6.837977041452333871e-02,1.869404586413718983e+00,1.043856518650862153e+00,-1.699958823058615731e-02,3.711988727986809122e-03,1.139287071089727099e-02,6.822170209297706567e-04,9.049544437901145544e-03,-1.295086816403599739e-02,9.880621285650023067e-01,-7.348881891402712918e-02,4.089897844279516415e-04
5.792526116665351610e-02,5.937156836841882279e-02,2.796573925648027092e-05,9.029366583989800743e-01,-6.128748151936758148e-04,-8.949654697036996120e-02,-5.542737150189788187e-01,-1.088854797356986204e-05,0.000000000000000000e+00,-3.980287135588315289e-02,-6.446670594104007834e-02,4.514844746702020850e-02,-2.644166386189532314e-02,-8.927278943499095121e-06,-3.951673776841913011e-06,-6.774774151827867019e-03,1.088247697833555350e-05,-2.221714580188938193e-04,-1.298086925086450405e+00,1.755885872201101705e-06
5.044677925059026791e-06,-1.707493036955110011e-04,-3.498274880942009446e-06,1.813140547327063423e-04,3.239544522053161568e-05,8.134201302492266583e-02,1.180651982439773207e-04,3.063241023948393149e-06,7.308501843716896929e-05,0.000000000000000000e+00,7.027758794897476236e-05,-9.171006583996721417e-05,-1.710322350671755753e-05,2.154974039256241092e-06,6.551061714821226900e-06,-1.597478055523822438e-02,-1.843876596142185464e-05,-1.067220644559996323e-05,3.088982387862901358e-02,2.204462218578784327e-05
2.045085796867271433e-02,-8.970049586318620261e-01,-1.019703232979507490e-05,-2.415074264446925856e-02,-1.846141698198522363e-04,9.182263168390747410e-01,-8.124403098440369231e-05,7.494965867216318856e-06,-6.090168640171533809e-06,-4.940917443711362322e-02,0.000000000000000000e+00,-1.138222432295549202e-02,-9.332286952870583185e-05,6.474066547038082042e-06,7.509263294513957021e-07,-1.360865144391169845e-02,1.086465944778736148e-05,4.217361133873609447e-06,-3.379246347047781818e-04,-1.437745178134441915e-06
-5.478746992893743228e-02,7.343099713473298651e-02,-1.827910773047336512e-05,1.359610922550638312e+00,7.168665452489730860e-03,1.423163051919376643e-02,3.079445271339520396e-05,1.590137816896847189e-04,1.440189828073035194e-04,-4.802814427606896808e-02,-1.847113452506932152e-03,0.000000000000000000e+00,-4.638547903668133188e-06,9.167446715308003036e-06,2.440782885959613679e-05,-8.318531079715141274e-05,-1.902416939164597309e-05,9.099728831674092078e-05,1.055386134427349631e-03,4.903604052475252217e-06
-1.307781428176184035e-01,-2.250279705122770757e-02,1.802642179149493984e-05,-7.544607403324082862e-02,6.138430526907281970e-03,5.045557832425734412e-02,-1.323452539861436072e-05,-7.831686515830382778e-04,-1.993789397188583390e-04,3.683201284265952280e-02,-4.923556067734463637e-02,-1.311248378991523911e+00,0.000000000000000000e+00,-5.365927033457174034e-06,-1.301260557831640519e-05,9.250107876898616688e-05,7.130433585925133322e-06,-6.844006555084269916e-04,4.029428202445500817e-02,2.612603459337115019e-07
-2.200836445469248059e-02,-5.397769684391441614e-02,-5.844768898144447888e-06,-1.536993682508579762e-01,-4.808908503019979075e-02,1.161897263869278440e-01,-1.249967305239967796e+00,4.770873777620240896e-04,-6.421702543414556930e-01,5.760436420856969442e-02,-1.067460792343205844e-01,1.067862525876270285e-01,-1.199999458748474135e+00,0.000000000000000000e+00,-2.193279837567053969e-02,-1.474568952732022264e+00,-3.569653737128808402e-06,2.608117576269372573e-03,-4.389039077868125971e-02,4.102533100480698636e-04
4.782808338910966850e-02,-7.536102396932783942e-02,9.900526275997967307e-04,-6.731508015700826686e-02,-6.745056294979870914e-01,4.243960147130287353e-01,3.744751156655117819e-01,-6.969632552292936989e-03,-1.552873895713255070e+00,7.633942967779405731e-02,-1.403775965252081148e+00,5.145331191281210526e-02,-8.021293127782079535e-02,-2.307812651913265789e-04,0.000000000000000000e+00,-7.553890207752433916e-02,6.994663939125234098e-04,1.278073243203760923e+00,9.126671293129717810e-03,-3.284050218543832500e-06
-1.031079178409055608e-03,3.470789783746319745e-04,5.460702741794110082e-06,1.466925124086471133e-04,-1.246247638489575427e-02,1.018116750251295277e-01,-6.910141554294924049e-06,-8.336530662318014651e-05,2.585194035892302011e-05,-2.021247121080094189e-04,-7.850113818482357120e-04,3.395667950755829056e-02,5.959580125049143695e-02,-1.461528111645904460e-06,-4.766741473183344624e-05,0.000000000000000000e+00,1.969511198962603515e-06,-2.627666115380400402e-05,-2.907378525054518659e-02,9.403606713920265037e-06
-1.298996542049010439e-01,1.305161612751967737e-02,4.623218249427685222e-06,-1.485355243741609543e-02,2.803737790626609216e-02,9.124783470431321875e-02,6.636420741848322868e-02,-1.683323953052817679e-04,6.643975362417148256e-02,7.406863658959519925e-02,1.058091930360244570e-01,8.901494944657667441e-03,2.543377675510828662e-02,-1.700721126397468863e+00,1.521282804623647067e-02,6.645941344404326934e-02,0.000000000000000000e+00,-1.077929692493372060e-02,1.369372627068945025e+00,-2.183542290351039861e-02
1.408476617076863391e-02,6.852454330544066607e-02,-6.230774369286873338e-06,-2.108938885549679898e-02,-3.768435014322446541e-04,1.381001618178915313e-01,-5.216117645693768567e-03,6.093462900119694936e-06,-4.169331094051259567e-02,-3.529559336740134556e-02,1.421897565255850093e+00,2.536517984981059154e-02,-3.801177677620629081e-03,-5.047045886087120348e-04,4.775653361321907653e-06,4.942036591024052961e-02,1.165503466452298686e-03,0.000000000000000000e+00,9.578013448516553563e-03,-5.444678576271844150e-06
-1.768892023446128059e-04,1.263747686587489427e-02,-3.001192475794722814e-06,1.655845068614381077e-03,5.263548997880285185e-06,-4.476260941835530360e-02,-3.495956688265300372e-05,9.724101256144979111e-06,-4.643069051901704825e-06,1.970608147824348677e-04,-2.566194388148670957e-02,2.367075394661022347e-03,7.032441581218684679e-05,1.469143705798425792e-05,3.635682550628960286e-06,-5.615016603709721554e-04,5.681191403983376631e-07,3.193661770121147825e-04,0.000000000000000000e+00,-2.402740352236421018e-06
1.638529389512608236e-01,-4.924797798929394371e-02,-7.142779227530746122e-04,-1.343814329698192478e-01,-1.823847956820132399e-01,-7.490416112022769968e-02,8.130298718721977735e-01,2.322519611910892068e-02,-1.342568713244099321e+00,-4.728447788558587384e-02,-6.170435832613454519e-01,1.130596934303546852e-01,-6.764542409670978862e-02,-2.037407089263265636e-02,-1.845157224137702556e+00,-6.471055093427983962e-02,-7.409269187327871542e-04,7.574286378624545124e-02,-1.365382409650694351e+00,0.000000000000000000e+00
