0.000000000000000000e+00,3.831341439658568493e-03,9.114295974096964237e-05,-6.235372948371675772e-03,-2.303617468557561665e-06,-1.959885442694206392e-01,6.690487322474902854e-05,-1.897788535803542675e+00,2.875533940835395263e-06,6.355267669913566841e-06,1.278238254419683528e-02,4.188299285501351221e-06,1.605514443326737872e+00,-6.371093626742624361e-05,1.231092518591547780e-05,2.825604216272203928e-06,-2.326776926336870943e-05,-3.901509598329214179e-02,5.303529379241532782e-01,8.382180207359979374e-05
-1.519160044152756406e-05,0.000000000000000000e+00,2.138459413349724780e-04,2.310413568206159951e-04,-1.611985916315228362e-05,1.973320706816494852e-04,8.618456582258626764e-05,3.435123871330797440e-05,-1.253640533768751730e-05,1.181047017617675721e-05,3.834253235801554638e-06,5.106826455521240593e-05,8.573504910915075161e-05,-3.177492142895366189e-04,4.926199604834979873e-06,-8.219632872723259265e-06,-3.937050373947481585e-04,-1.852897162248112045e-02,9.517571457579032668e-05,1.815203155476619035e-04
5.275413051307509260e-02,2.361433636805071457e-02,0.000000000000000000e+00,1.170891555539455009e-05,-3.648093327212054149e-04,-6.049486582551596991e-02,6.274726317503920292e-05,-9.012919343279857110e-03,3.664087385335523805e-06,-2.782936197376351117e-06,-6.370214729370382578e-05,1.694331370871715592e-06,-4.140244913500104595e-02,-1.439958766717985839e-04,-1.913149510812672816e-06,4.236356682582598232e-05,-6.025729699349335888e-06,8.090723853867887172e-03,3.552724117853456320e-02,3.070652801362427908e-06
-5.257852555723141474e-04,1.705500788061332929e-02,1.188097750992030133e-02,0.000000000000000000e+00,2.322989686711490753e-04,-1.578789744751396551e-02,1.340520371595488314e-06,3.213639459456185676e-04,1.921045050357061967e-05,-6.791424601637618963e-06,1.454658806070152632e-04,-2.060996868447073638e-06,-8.492637944371161929e-03,-3.025812581008979762e-05,2.435319988984552264e-05,4.078306825616717646e-05,8.119182020538406874e-06,7.274099256619486198e-01,5.334095773130514972e-03,4.522602006457043800e-05
-1.408560473418050130e+00,-7.742192388166063699e-03,-1.282075446649871830e-02,-1.068233205533777874e-02,0.000000000000000000e+00,3.944014068040162246e-02,-8.524253673428128231e-05,1.888754859203275238e+00,-7.932029043744570629e-05,-9.738072510201423171e-06,-5.401095254964256576e-01,-2.746967921685161684e-06,-1.286356972107690622e-01,-3.711642476658671974e-05,-1.393265841324597965e-04,2.219984772875438495e-04,1.036045992290623996e-05,-2.004241789586067579e-01,-2.682946599172958413e-01,-3.087712124654196089e-04
-1.341528654982826474e-06,3.703728581056761615e-03,-5.966733148049518931e-05,-3.413571154889383230e-04,-2.279160100072952222e-06,0.000000000000000000e+00,1.666899659302778502e-06,-1.391656624073478454e-04,7.733860473271847447e-06,-2.529859410710377787e-06,-1.056014899072019175e-04,-8.276544437108013241e-06,1.698071446731563849e-04,-1.049678742571502621e-04,-2.760471309280754237e-06,1.735063552944088316e-05,5.485704533902957536e-06,6.126365798475356256e-02,1.274454454715800988e-04,1.632022357045403993e-05
-9.157782357858024191e-03,4.522117535972772218e-03,-1.811560596990396954e-02,2.008417287575313459e+00,7.699593174853580635e-04,1.850932234834457457e+00,0.000000000000000000e+00,-8.563184554750857824e-03,5.302861098357980474e-05,9.076575936725617133e-06,6.098060080849389275e-02,6.791788812960547483e-02,-1.198402593258328652e+00,6.303742199442374794e-02,-1.071330168541527461e-02,-3.937775667136775293e-02,-1.075239622028406616e-03,-1.299775730215914638e-01,-1.892582834261671954e+00,1.412291242475771647e-04
-1.698105898340074305e-06,4.923447045397495725e-02,-9.038707583847171989e-05,8.528894650897123064e-03,2.188868776231700508e-06,-3.873083377861458176e-02,-7.023324557664523127e-05,0.000000000000000000e+00,7.254320773392164412e-07,-9.394726673744857592e-06,5.487277503032905734e-05,-4.869547385100148063e-06,1.059387596336103243e-02,8.046450510733327288e-05,-2.007779115520413882e-06,-2.742752213125143612e-06,3.170110695922823130e-05,1.170289404011674694e+00,-8.468189794488459876e-01,-1.880639042648735160e-04
-1.463628919771671200e-01,-4.691046177453858657e-02,-6.813013352602434458e-02,1.203402867937980181e-01,2.120689638006426070e-02,5.034215748257134804e-01,-1.132181020777267566e-02,7.980229862106377747e-02,0.000000000000000000e+00,-1.942743852179074082e-06,-6.252619750407905075e-01,-2.399362137248285676e-02,2.966224314112211879e-02,-1.138324387521039149e-03,-2.377913496695477358e-02,3.341180056777026675e-04,1.885889164284781927e-04,-5.191281120814837668e-02,9.607198394759086657e-01,1.803072173737457540e+00
1.054157871350859921e+00,-2.807131007583645033e-02,-5.172973153320659101e-04,7.235449411076114168e-02,-7.439227428486921978e-02,6.275947236632080095e-01,5.242578109371398565e-02,4.270277347627441517e-02,-1.717656263356592161e+00,0.000000000000000000e+00,1.392937892844432701e+00,7.295112879969174458e-01,1.516514567745659570e-01,-9.453162104848361613e-01,-3.612744970755255025e-02,-7.999287915867181464e-04,-1.654160412112304357e-04,1.736978915462990547e-01,-1.730164916217692417e-01,-7.340832664172902700e-02
1.331328872838932753e-07,8.113940084168542732e-01,-2.962196173883116512e-02,2.415866096146798703e-02,-6.800252628558212109e-06,-3.978059126241097199e-02,9.087718381925458111e-05,3.248376839842021663e-02,-4.615120693080010383e-06,3.928252557044986659e-06,0.000000000000000000e+00,1.260742299323547311e-05,-1.894697292572294911e-02,-2.121384540400700347e-04,6.046568700571394728e-04,-3.375920645584812307e-04,-8.221390972454334367e-05,8.413935560736773844e-03,8.828684216895976711e-03,1.726335808679424488e-04
-1.186022916837205787e-01,6.811240800571577436e-03,1.842700935003874996e+00,-1.546891535285419339e+00,-1.136930458375084330e+00,-9.391496389936777878e-02,4.237842496251920110e-05,6.337478995745560173e-02,4.274343306040484514e-05,4.935187082846792528e-06,5.024626885200608739e-02,0.000000000000000000e+00,1.073045839947329050e+00,-8.273533113253850324e-05,2.648257739211179462e-04,-8.894607188331127290e-05,-5.485299343382932236e-06,-1.219436799500645541e-01,6.699191623942584162e-01,3.019136327908378270e-02
1.982606538719622336e-06,1.478519783791287789e-02,3.737409299137128826e-05,-6.835122756387590481e-04,-3.134717089653404898e-06,2.479016268073655493e-02,-2.408731532788088714e-06,3.103272246290367242e-04,-1.137483504512482035e-06,9.344879843747877501e-06,-1.962583843490017799e-04,5.346839211162190963e-06,0.000000000000000000e+00,-7.265953304060740470e-05,1.559353285883469109e-05,3.687971445065496567e-06,-2.590131831062270074e-05,4.238290756098384016e-04,-7.713824665533941527e-05,5.265346874760989948e-05
-5.508876146063820117e-02,-1.444520151728467122e-02,-2.850358490748022833e-02,-5.693498166158190293e-02,-1.931799091108760136e-02,-2.653149601798551749e-02,6.169431781599676867e-05,1.046163342526340578e-02,-6.040569972848158775e-03,-3.668132217443664800e-06,-2.113370129671308939e-02,-1.826648632038974096e-02,1.718985189709695827e-02,0.000000000000000000e+00,-1.843937197262036920e-04,8.498590987950777054e-05,3.230766137951590622e-06,9.083310986395087827e-03,2.331323095548162860e-03,-9.241936887666585276e-03
1.737099291565553649e-01,1.692533221938476717e-01,-1.722718030324477345e+00,2.780391788848241008e-02,-3.119594368916056570e-02,-1.968630846029677528e-01,-4.084032635373741060e-04,-1.860760925520035691e+00,-1.190114375416717607e-04,1.538287507696356471e-05,3.758207982074060483e-03,-4.143274382261252775e-03,-4.693671732246422479e-02,-2.922248214561601332e-02,0.000000000000000000e+00,-9.765380754517272166e-05,-1.791702913616916720e-02,3.713431736079336742e-02,-1.578564890000942356e+00,1.869915183275383530e-02
1.117509399549443838e+00,6.831292684120995884e-02,1.921766852692574634e-02,8.944640542723356069e-02,1.649565274798237002e-02,-1.434870405616633926e-02,-5.946046674753374672e-05,-1.572886122370658057e+00,9.313206661722327195e-03,-3.693536163226041058e-03,-6.652016829236662154e-03,1.517454121534514422e-02,6.996661604044218663e-02,-1.796173207301332564e-02,-3.804775544457084102e-02,0.000000000000000000e+00,5.446077637842652863e-02,9.498628157195057042e-01,6.804571150585442263e-02,-5.092870108613978264e-03
9.951301888157218500e-02,2.030249108823654197e-02,8.146162584907432058e-02,1.044188993170166585e-01,7.544361314913941574e-03,7.642596798452609974e-01,-2.645565675430089358e-03,2.877202543220054587e-02,-2.521326962401870819e-03,-2.318063411203410973e-02,2.102687780673909157e-02,-7.929253611799281787e-01,-4.689928329262030293e-03,1.271745983644810618e+00,-2.052272248810882438e-04,5.801286431320051840e-05,0.000000000000000000e+00,-1.289545609788699254e-01,1.287976750008087978e-02,3.753149893470986154e-02
-3.370870587438012933e-06,-7.340275579117289118e-05,-2.671841725812723611e-04,4.659639085247135881e-06,4.831040320479873529e-06,6.218139482590256950e-05,4.013821538140227574e-06,2.876919110050835116e-06,-6.590964522518172330e-06,-1.662075324410094979e-05,5.432270769552272061e-05,-1.250650335410385949e-05,-4.041549163394275723e-03,1.813405694277431257e-04,-3.817972237418754133e-06,-3.246973496628946521e-06,8.513345287344820100e-05,0.000000000000000000e+00,-2.454339047216230751e-02,-7.934830507705381564e-06
4.978107780384544157e-06,2.586670891503640990e-02,2.182281451880707657e-04,-3.992030733570295364e-04,-7.591744156071333904e-06,3.269118458922555537e-02,-1.533353400140491374e-06,-4.206391420735755560e-06,3.539058047369314508e-06,1.022926474064655977e-05,1.209654471385213093e-04,1.674248356312024733e-05,-2.348112634458604520e-02,-3.354559244645727301e-04,2.868261341770761419e-07,8.840132248333354426e-06,-9.399648229418966494e-05,-2.529220092987172208e-04,0.000000000000000000e+00,1.315926761475960660e-04
-2.169568186322570758e-02,-1.655378134602725204e-02,1.094905236320379061e+00,-2.190603336875490692e-02,-1.887714540524673690e-02,1.190462732967646209e-01,2.089521714750398884e-02,7.541637897712505367e-04,1.861489088483825327e-06,-2.139972827858160898e-06,3.305300513119718842e-02,3.950594823387554300e-05,3.686991294210870129e-02,-3.405368340386877302e-04,7.955590010305657600e-05,2.892255555424771973e-04,9.715992475392565275e-05,-5.461781935972794821e-01,-4.533270955637641597e-02,0.000000000000000000e+00
