0.000000000000000000e+00,0.000000000000000000e+00,0.000000000000000000e+00,0.000000000000000000e+00,0.000000000000000000e+00,0.000000000000000000e+00,0.000000000000000000e+00,0.000000000000000000e+00,0.000000000000000000e+00,0.000000000000000000e+00,-9.982944126998597456e-01,0.000000000000000000e+00,0.000000000000000000e+00,0.000000000000000000e+00,0.000000000000000000e+00,0.000000000000000000e+00,0.000000000000000000e+00,0.000000000000000000e+00,0.000000000000000000e+00,4.203241542380582452e-01
0.000000000000000000e+00,0.000000000000000000e+00,0.000000000000000000e+00,0.000000000000000000e+00,0.000000000000000000e+00,0.000000000000000000e+00,0.000000000000000000e+00,0.000000000000000000e+00,0.000000000000000000e+00,0.000000000000000000e+00,0.000000000000000000e+00,0.000000000000000000e+00,0.000000000000000000e+00,0.000000000000000000e+00,0.000000000000000000e+00,0.000000000000000000e+00,1.256662449540043802e+00,0.000000000000000000e+00,0.000000000000000000e+00,0.000000000000000000e+00
0.000000000000000000e+00,0.000000000000000000e+00,0.000000000000000000e+00,-1.419047618880993511e+00,0.000000000000000000e+00,0.000000000000000000e+00,0.000000000000000000e+00,0.000000000000000000e+00,0.000000000000000000e+00,0.000000000000000000e+00,-6.352478275653538065e-01,0.000000000000000000e+00,0.000000000000000000e+00,0.000000000000000000e+00,0.000000000000000000e+00,0.000000000000000000e+00,0.000000000000000000e+00,0.000000000000000000e+00,0.000000000000000000e+00,-7.406069195124206361e-01
0.000000000000000000e+00,0.000000000000000000e+00,0.000000000000000000e+00,0.000000000000000000e+00,0.000000000000000000e+00,0.000000000000000000e+00,0.000000000000000000e+00,0.000000000000000000e+00,0.000000000000000000e+00,0.000000000000000000e+00,0.000000000000000000e+00,0.000000000000000000e+00,0.000000000000000000e+00,0.000000000000000000e+00,0.000000000000000000e+00,0.000000000000000000e+00,0.000000000000000000e+00,0.000000000000000000e+00,0.000000000000000000e+00,0.000000000000000000e+00
0.000000000000000000e+00,0.000000000000000000e+00,0.000000000000000000e+00,0.000000000000000000e+00,0.000000000000000000e+00,0.000000000000000000e+00,0.000000000000000000e+00,0.000000000000000000e+00,0.000000000000000000e+00,0.000000000000000000e+00,0.000000000000000000e+00,0.000000000000000000e+00,0.000000000000000000e+00,0.000000000000000000e+00,0.000000000000000000e+00,0.000000000000000000e+00,0.000000000000000000e+00,0.000000000000000000e+00,0.000000000000000000e+00,0.000000000000000000e+00
0.000000000000000000e+00,-7.821865670045671237e-01,0.000000000000000000e+00,1.448049424858008472e+00,1.154667187943576145e+00,0.000000000000000000e+00,0.000000000000000000e+00,0.000000000000000000e+00,0.000000000000000000e+00,0.000000000000000000e+00,0.000000000000000000e+00,1.399231678896640130e+00,0.000000000000000000e+00,0.000000000000000000e+00,0.000000000000000000e+00,0.000000000000000000e+00,-7.803075551845558566e-01,0.000000000000000000e+00,1.651324344912194597e+00,0.000000000000000000e+00
0.000000000000000000e+00,0.000000000000000000e+00,0.000000000000000000e+00,0.000000000000000000e+00,0.000000000000000000e+00,0.000000000000000000e+00,0.000000000000000000e+00,0.000000000000000000e+00,0.000000000000000000e+00,0.000000000000000000e+00,0.000000000000000000e+00,0.000000000000000000e+00,0.000000000000000000e+00,0.000000000000000000e+00,0.000000000000000000e+00,0.000000000000000000e+00,0.000000000000000000e+00,0.000000000000000000e+00,0.000000000000000000e+00,0.000000000000000000e+00
0.000000000000000000e+00,0.000000000000000000e+00,0.000000000000000000e+00,0.000000000000000000e+00,0.000000000000000000e+00,0.000000000000000000e+00,0.000000000000000000e+00,0.000000000000000000e+00,1.505714519639319793e+00,0.000000000000000000e+00,0.000000000000000000e+00,0.000000000000000000e+00,0.000000000000000000e+00,0.000000000000000000e+00,0.000000000000000000e+00,0.000000000000000000e+00,0.000000000000000000e+00,0.000000000000000000e+00,0.000000000000000000e+00,0.000000000000000000e+00
0.000000000000000000e+00,0.000000000000000000e+00,0.000000000000000000e+00,0.000000000000000000e+00,0.000000000000000000e+00,0.000000000000000000e+00,0.000000000000000000e+00,0.000000000000000000e+00,0.000000000000000000e+00,0.000000000000000000e+00,0.000000000000000000e+00,0.000000000000000000e+00,0.000000000000000000e+00,0.000000000000000000e+00,0.000000000000000000e+00,0.000000000000000000e+00,0.000000000000000000e+00,0.000000000000000000e+00,0.000000000000000000e+00,0.000000000000000000e+00
0.000000000000000000e+00,0.000000000000000000e+00,0.000000000000000000e+00,0.000000000000000000e+00,0.000000000000000000e+00,0.000000000000000000e+00,0.000000000000000000e+00,0.000000000000000000e+00,7.880944970351376755e-01,0.000000000000000000e+00,0.000000000000000000e+00,-1.407299064641112096e+00,0.000000000000000000e+00,0.000000000000000000e+00,0.000000000000000000e+00,0.000000000000000000e+00,0.000000000000000000e+00,0.000000000000000000e+00,0.000000000000000000e+00,0.000000000000000000e+00
0.000000000000000000e+00,0.000000000000000000e+00,0.000000000000000000e+00,0.000000000000000000e+00,0.000000000000000000e+00,0.000000000000000000e+00,0.000000000000000000e+00,0.000000000000000000e+00,0.000000000000000000e+00,0.000000000000000000e+00,0.000000000000000000e+00,0.000000000000000000e+00,0.000000000000000000e+00,0.000000000000000000e+00,0.000000000000000000e+00,0.000000000000000000e+00,0.000000000000000000e+00,0.000000000000000000e+00,0.000000000000000000e+00,4.375608236304876497e-01
0.000000000000000000e+00,0.000000000000000000e+00,0.000000000000000000e+00,0.000000000000000000e+00,0.000000000000000000e+00,0.000000000000000000e+00,0.000000000000000000e+00,0.000000000000000000e+00,0.000000000000000000e+00,0.000000000000000000e+00,-1.427754836778522662e+00,0.000000000000000000e+00,0.000000000000000000e+00,0.000000000000000000e+00,0.000000000000000000e+00,0.000000000000000000e+00,0.000000000000000000e+00,0.000000000000000000e+00,0.000000000000000000e+00,6.764299201912801207e-01
0.000000000000000000e+00,0.000000000000000000e+00,0.000000000000000000e+00,0.000000000000000000e+00,0.000000000000000000e+00,-8.305936045195180251e-01,0.000000000000000000e+00,8.547486831680097819e-01,0.000000000000000000e+00,0.000000000000000000e+00,8.029385792428941349e-01,0.000000000000000000e+00,0.000000000000000000e+00,-1.558641477234558037e+00,0.000000000000000000e+00,0.000000000000000000e+00,-1.145968024585254819e+00,0.000000000000000000e+00,0.000000000000000000e+00,8.212420228291752444e-01
0.000000000000000000e+00,0.000000000000000000e+00,0.000000000000000000e+00,0.000000000000000000e+00,0.000000000000000000e+00,0.000000000000000000e+00,-2.857177111636779010e+00,1.467420854486128912e+00,0.000000000000000000e+00,0.000000000000000000e+00,-5.247215180058966144e-01,0.000000000000000000e+00,0.000000000000000000e+00,0.000000000000000000e+00,0.000000000000000000e+00,0.000000000000000000e+00,0.000000000000000000e+00,0.000000000000000000e+00,0.000000000000000000e+00,-6.953088727361086407e-01
0.000000000000000000e+00,0.000000000000000000e+00,0.000000000000000000e+00,0.000000000000000000e+00,1.767296426330683179e+00,0.000000000000000000e+00,0.000000000000000000e+00,0.000000000000000000e+00,0.000000000000000000e+00,0.000000000000000000e+00,0.000000000000000000e+00,0.000000000000000000e+00,0.000000000000000000e+00,0.000000000000000000e+00,0.000000000000000000e+00,0.000000000000000000e+00,0.000000000000000000e+00,0.000000000000000000e+00,0.000000000000000000e+00,0.000000000000000000e+00
0.000000000000000000e+00,0.000000000000000000e+00,0.000000000000000000e+00,-6.787453862860424181e-01,0.000000000000000000e+00,0.000000000000000000e+00,0.000000000000000000e+00,0.000000000000000000e+00,0.000000000000000000e+00,0.000000000000000000e+00,1.494374470290382062e+00,0.000000000000000000e+00,0.000000000000000000e+00,0.000000000000000000e+00,0.000000000000000000e+00,0.000000000000000000e+00,0.000000000000000000e+00,0.000000000000000000e+00,0.000000000000000000e+00,0.000000000000000000e+00
0.000000000000000000e+00,0.000000000000000000e+00,0.000000000000000000e+00,-1.769253382327524715e+00,0.000000000000000000e+00,0.000000000000000000e+00,0.000000000000000000e+00,0.000000000000000000e+00,0.000000000000000000e+00,0.000000000000000000e+00,0.000000000000000000e+00,0.000000000000000000e+00,0.000000000000000000e+00,0.000000000000000000e+00,0.000000000000000000e+00,0.000000000000000000e+00,0.000000000000000000e+00,7.091028098521390266e-01,0.000000000000000000e+00,0.000000000000000000e+00
0.000000000000000000e+00,0.000000000000000000e+00,0.000000000000000000e+00,0.000000000000000000e+00,0.000000000000000000e+00,0.000000000000000000e+00,0.000000000000000000e+00,0.000000000000000000e+00,-7.860145954389015088e-01,0.000000000000000000e+00,0.000000000000000000e+00,0.000000000000000000e+00,0.000000000000000000e+00,0.000000000000000000e+00,0.000000000000000000e+00,0.000000000000000000e+00,0.000000000000000000e+00,0.000000000000000000e+00,0.000000000000000000e+00,0.000000000000000000e+00
0.000000000000000000e+00,-9.125149840297104298e-01,0.000000000000000000e+00,0.000000000000000000e+00,0.000000000000000000e+00,0.000000000000000000e+00,2.950571738811755829e+00,-1.042406935360191689e+00,-1.836093007338374328e+00,0.000000000000000000e+00,0.000000000000000000e+00,-1.618587829287128077e+00,0.000000000000000000e+00,0.000000000000000000e+00,0.000000000000000000e+00,0.000000000000000000e+00,1.446409441950429420e+00,1.507146961000100260e+00,0.000000000000000000e+00,0.000000000000000000e+00
0.000000000000000000e+00,0.000000000000000000e+00,0.000000000000000000e+00,0.000000000000000000e+00,0.000000000000000000e+00,0.000000000000000000e+00,0.000000000000000000e+00,0.000000000000000000e+00,0.000000000000000000e+00,0.000000000000000000e+00,0.000000000000000000e+00,0.000000000000000000e+00,0.000000000000000000e+00,0.000000000000000000e+00,0.000000000000000000e+00,0.000000000000000000e+00,0.000000000000000000e+00,1.415458514467232254e+00,0.000000000000000000e+00,0.000000000000000000e+00
