0.000000000000000000e+00,-1.308283141444340962e-06,4.632132292869103784e-07,7.130416405842344258e-06,-2.920971029489264769e-06,6.946038459345156291e-01,-2.844371640621633782e-05,1.030042468846728465e-05,1.848612429004280538e-05,-1.382232505035193848e-01,-1.576495281714566249e-04,4.066029787552578600e-01,9.596855358160748944e-03,-1.787204739262873023e-06,1.433547911237531336e+00,-1.757377387361935273e-01,6.467356280976276350e-01,7.455698070525001210e-07,5.014637644556448970e-07,6.237893116503144600e-08
1.175536793670470675e-01,0.000000000000000000e+00,1.074281716994363034e-01,-2.502209000201998706e-06,-1.346270063706613562e-01,2.993050669594921054e-01,1.409267398644972746e-01,8.855572054812313465e-04,4.051693261991459738e-01,2.587050574182150637e-03,-2.907171891919667212e-05,-3.437740052613836444e-02,2.254205796776355131e-01,3.879096229385910530e-05,5.887234501245630636e-01,-1.816036949628573594e-01,8.463289830818924164e-01,1.205162120394470543e-01,3.743375255346716602e-03,-7.760000409254211307e-02
-5.283461849365541640e-01,-6.156012532483677993e-06,0.000000000000000000e+00,7.594501960802363182e-07,-6.106296378023111587e-07,-4.874817913710506323e-01,-2.347868193130772535e-05,7.864637310515369232e-07,-3.348081105727540030e-01,-2.155988973862885127e-01,-2.222043731475119017e-04,-1.947448442455684547e-01,-2.922039455824839704e-01,-2.736253841830489670e-06,-3.546007342621815273e-01,-3.560663609789042061e-01,-3.119345986907061732e-02,-1.796899217622763950e-06,-3.465517105926780385e-05,-3.013831853784250952e-06
9.967524825611172312e-02,-1.337812639640786061e-01,3.995137108640523516e-01,0.000000000000000000e+00,1.813774574392537642e-01,1.006302208113672714e-02,8.171341304024973273e-02,-1.748672515145290436e-05,2.663853008100338093e-01,-2.619266379724670135e-01,4.324129921985172414e-05,2.581160388561252739e-01,-1.358543399261828710e-01,3.733226260262639237e-05,-2.675587192333829245e-01,-4.924776359390791169e-01,2.211593233399621744e-02,-1.954062109034316042e-01,6.142750603435801621e-02,-5.778377627120987459e-01
-2.437797606376053139e-01,-4.076516673973821582e-06,-2.199835412439024307e-01,-3.193583012599974450e-05,0.000000000000000000e+00,-5.749527386108219812e-02,-6.524355368326309746e-06,3.350012470358470601e-05,-3.511804708686582233e-01,1.595258262226366061e-02,-8.326103211542247541e-04,-2.763769385757496311e-01,2.851366552574534016e-02,5.204112149947921127e-05,-2.041110372185749727e-02,-1.917563896163042569e-01,-3.846108705473699069e-02,-2.359461423112967891e-06,2.036202026110995011e-07,1.942318209717324717e-01
-2.039931919904247961e-07,2.065093972025370841e-06,3.611695471795441928e-07,2.008045843528843796e-06,-1.029929818398340788e-06,0.000000000000000000e+00,-1.146441177079288129e-06,-2.674056345811355794e-06,9.675636716375232574e-07,-2.719737514656596974e-06,1.880929267843406581e-05,-1.109812271180429706e-07,2.804496332658499317e-08,-7.447615099655068644e-08,-9.795102218867937543e-07,2.440367782948803726e-06,-1.545921442085392838e+00,5.973719643230903803e-07,4.230549477243361138e-07,-1.167662657878756043e-06
2.850527675368067990e-02,6.210253170371631283e-06,5.019551770825620048e-03,4.105825300887583904e-05,1.167286170299146192e-01,3.321270796800356861e-01,0.000000000000000000e+00,3.205503667604741626e-05,2.138068312678582938e-01,3.995591336867962973e-01,-3.364187643011648819e-05,1.099494006071979613e-01,2.341477062279141708e-02,2.693617147695252835e-05,-6.471256931698878834e-01,2.275797582841582178e-01,-2.175746236923447041e-01,3.227985087212608718e-06,9.170707807305242907e-06,-6.971736754741508779e-02
-9.906341812948944725e-02,-2.163043437315114934e-02,-1.442164708054495537e-01,1.689819560593103509e-01,-6.522278821133720150e-02,-6.976871502151911486e-02,-8.047205190941203456e-02,0.000000000000000000e+00,8.142524067186253378e-02,-1.931570529302830130e-01,-7.286439163484220716e-02,3.340265670811745635e-01,-1.355065720679907437e-01,3.714438484941670181e-03,2.154576046490458419e-02,7.257612376095043394e-02,-3.194803731318291429e-01,-9.710291154112711542e-02,-5.038724549042121470e-02,1.565408683475794094e-01
5.151787402674882360e-02,7.692762296203829673e-07,1.202573579374110220e-06,7.246156692126767157e-06,-4.532834586720872820e-07,-6.345719326827153894e-02,-3.233200963591067551e-07,1.054384283112153140e-04,0.000000000000000000e+00,-8.286013731146573899e-03,4.240583571205593864e-06,6.080235082565203092e-02,-3.217716955930844812e-04,-3.288822642349359943e-07,1.487679934326654463e-01,2.330746068428695694e-01,-2.979317140536627551e-01,1.385937089269421941e-05,2.087242002108638544e-06,1.564168815835415943e-06
5.298404499716039592e-06,-1.294596109537328003e-05,4.764580614248878042e-06,6.696169274439314141e-06,1.057089293284005279e-04,7.801017053505869547e-02,-4.002889135374341458e-06,3.870925652884618292e-06,-7.560411583866032516e-04,0.000000000000000000e+00,-1.272171608437796897e-05,3.863841273265158867e-06,4.086163010073793950e-07,3.242124348903251099e-08,1.927922963704975963e-06,-2.274009669630479470e-05,-9.524754068984772615e-02,-3.524912604510796590e-05,-1.694439621414872369e-06,1.664715367010698948e-06
3.045403081703345477e-02,-1.231407847391549487e-01,2.995103200594705084e-02,-1.108482939853964178e-01,-2.612703071576564715e-02,5.510097678385167397e-02,-8.465740871512278387e-02,1.387695339416175763e-04,-3.027932978406948639e-01,9.435609233850207611e-03,0.000000000000000000e+00,-1.214887296082044210e-01,-2.160496450374711219e-01,-1.184855556743117655e-01,-3.852244764606042038e-01,-2.834993656687876951e-01,3.440939336774588297e-01,-2.210377581261351587e-01,3.031982192884613569e-02,-2.502592339527745513e-02
3.611222336681417535e-07,5.060719443889218414e-05,2.199680156209031715e-08,7.375134358795823273e-06,-5.698333191354704100e-07,1.821726576061142966e+00,-1.697887581802023554e-06,-4.140789596363583149e-06,3.028800944065673164e-06,-2.840113596325720691e-01,4.646203127784638483e-05,0.000000000000000000e+00,-5.737976154480600027e-02,-6.077073047876737727e-07,1.004378861362838604e+00,-1.385964423735576379e+00,2.923226836784649674e+00,-4.719311885569908847e-06,3.719342581098219883e-05,1.944697386464182774e-06
1.635054019944809302e-04,-6.223231862782707511e-07,-4.951901126067719046e-07,-1.079202364964020009e-05,7.432403032915926553e-06,9.542760355144183082e-01,5.689537182393206377e-04,2.643926035727672772e-06,1.312950620928927600e-02,7.920934180535703639e-01,-1.316113163723068558e-05,3.722874952375223050e-06,0.000000000000000000e+00,-8.787219178610508548e-06,-4.693642191760206139e-01,2.993628174369178385e-01,-4.379281290936328230e-01,-4.086392522603796573e-06,-3.205546792510363847e-03,-1.874222818255994876e-05
-3.233098950317986886e-01,5.828133052996557067e-02,-2.982814815762211968e-01,-7.803459669667482668e-02,-1.678345434124835396e-03,1.271381863316457528e+00,-7.330792175018241430e-02,-2.618712291805304782e-03,-6.806348577947086698e-01,8.497983118605249020e-01,8.020846917567117543e-05,-2.931927369081616108e-01,-1.975344508165962354e-01,0.000000000000000000e+00,4.437671007048566985e-01,-2.100471570956435885e-01,2.865333317799764190e-01,1.657376739914826203e-01,-6.543791064554546795e-03,3.363282717838629310e-01
-5.470751462714167860e-08,-3.890854574855677612e-07,-9.944160826499737316e-08,-8.914289448215938114e-07,1.799427892509561511e-06,-3.129977363236019494e-02,-1.704894769743661050e-07,8.210377450542908658e-07,-3.488975313706625474e-06,3.445920647600420744e-02,-1.209087861957905436e-06,-1.616027643052980295e-07,1.175977623812812160e-07,5.547057679868012378e-07,0.000000000000000000e+00,6.183979865592398317e-01,-5.667847615558864460e-03,3.821833948477646001e-07,-8.257887631917395848e-06,1.813623879068273396e-07
2.974157764886704159e-08,4.211428649067173612e-07,8.508728260248693929e-07,-6.580150127972551736e-07,-3.360982540633273032e-06,-1.766682823515417500e-01,3.848655882983623725e-06,6.773470531369683682e-07,2.690185700302960282e-06,-1.820217767376759443e-01,1.179113970308547938e-05,3.252013974679073121e-07,8.798165268353867180e-06,-3.873741976810480596e-06,2.072029651446880088e-06,0.000000000000000000e+00,9.751844007427099004e-02,2.725316220843374560e-06,1.050292439919284431e-08,3.094371316119597343e-06
-7.784242194947936705e-08,-1.660121056901103545e-07,-1.867769166168371509e-07,-3.063134944262020611e-07,1.648386329943146653e-07,-4.270016080376130887e-07,-8.534049381013941561e-07,2.900967672194270701e-08,-4.764046230549437903e-07,-2.816966828886256091e-09,2.824322728699616680e-06,-5.615512937265401557e-07,-1.520407748550269849e-07,1.539714850866128066e-08,-3.863787475892979141e-05,6.088594037661436065e-06,0.000000000000000000e+00,2.839480245136786611e-07,1.647842518697728295e-07,6.026455483711944115e-07
-5.168016076729923247e-01,3.204081262661421809e-05,-1.475539884429770410e-01,1.857838254764139556e-05,1.714631750538331834e-01,-6.224559979860663228e-01,9.720917357442143691e-02,-3.575790486906778727e-05,-4.010776685801285824e-02,-9.090110669993169135e-02,1.105991226718709550e-05,-7.021186920374708484e-02,9.674614596367334118e-02,-4.495903286892270303e-06,-6.937683059003131314e-01,3.217804113006778599e-01,-1.403921486798109575e+00,0.000000000000000000e+00,-9.689963272396555360e-02,1.225336438769988878e-01
-1.438775596542842539e-01,-1.710576372556318588e-03,-1.180205795093438627e-02,-5.514199906082898554e-05,3.965839657765398152e-01,1.206867392937303718e+00,2.568854018709721965e-01,1.066439644142972711e-04,2.728819796262385022e-01,-4.258924223372315132e-01,-7.007880938639927905e-04,7.327828296586414922e-03,5.232119252264224619e-03,2.002371599379641591e-03,-1.513405606630423839e-01,-1.416790478247771823e+00,-4.503347110694822519e-01,1.192020411422754198e-05,0.000000000000000000e+00,-3.446962584775535854e-01
3.222254229163911132e-01,6.150670078171917536e-06,-1.647711926800012605e-01,2.042342160403818256e-06,8.406356705758210175e-06,4.156894248483339327e-01,3.449342966822364656e-07,3.916738605459242928e-06,1.192069705195301921e-01,1.800450821332512941e-01,-1.003717509235982239e-04,-1.399225429787747943e-01,-6.237963927660922919e-03,-2.356606409240480145e-06,8.521630037546691627e-02,1.030976960246660912e-01,-7.893760472369962256e-03,-1.375932056220166284e-05,-1.676755908626567338e-06,0.000000000000000000e+00
