0.000000000000000000e+00,3.247424705445745760e-07,2.103542239018075548e-06,-3.274877505407447209e-06,-2.986021622774947645e-05,2.725143313250898425e-01,-4.822855665443876207e-06,9.658860541400805699e-06,4.942357644893294906e-06,-2.359446882350042546e-06,-1.145001134556521114e-05,7.120735664312645430e-02,-5.962038092011247277e-06,-9.179430335028029297e-01,-4.947418594276364572e-07,-6.486482648768026049e-01,-2.657220360618556379e-05,-6.348726591810901487e-01,-1.807472731852989971e-05,-4.456235320614260198e-01
-5.104132507378968953e-01,0.000000000000000000e+00,3.321331743798158642e-06,2.361045408962230170e-06,-2.500528803023685542e-04,3.505519555726600150e-02,1.097183364057800319e-05,2.000088271376319668e-05,1.223405162207558705e-05,3.143097239496623322e-06,-1.920840106610290945e-06,-4.624252145209024056e-01,-1.013933899469226102e-01,5.348105684285273803e-02,7.882397683618901855e-06,-2.231264485703302394e-03,-2.241612489556834108e-06,-6.943893077731945473e-02,3.257627056807700471e-05,-1.015637745926838420e-01
-1.532163684934315651e-01,-2.022151008714263010e-01,0.000000000000000000e+00,-8.556538880184101501e-06,3.690315034056968618e-03,-4.187508278201362150e-02,1.728999841248605822e-05,-4.117837599765124337e-06,-4.874382174353347969e-05,4.929861364641944293e-06,1.829308164690677074e-05,-1.592495018180039856e-01,1.904255830052429543e-01,-1.753767392584712204e-01,-1.118834003214874973e-01,-8.710579048495940835e-02,1.813301956794459908e-06,5.428079382553546023e-02,-2.126733229465048330e-05,-1.712235292374632567e-01
1.749071270601286754e-01,-1.677527628521951752e-01,-1.426037029683288881e-01,0.000000000000000000e+00,-1.074406843085642558e-04,-1.359579305637089730e-01,1.591449615440370946e-01,-1.100387592142009489e-06,1.518635910171516881e-03,5.076184798532566788e-06,-1.735171308989109722e-04,3.156250493691063752e-02,4.571338302741706494e-02,-6.426722291312343405e-01,-2.089658843878283712e-01,-4.884387152066366200e-01,-7.128341354503458476e-07,-3.753836213607579797e-01,-1.184870821105350112e-05,-3.574582141382836031e-01
1.019646201590890394e-01,-7.191984118387263758e-03,5.481486243711938773e-05,-9.633993543387085745e-02,0.000000000000000000e+00,-4.892165865499321642e-01,-1.642698062422811578e-01,2.629156666253413936e-05,-9.881769522569230912e-02,6.447725872008351622e-02,-5.627600191161537138e-05,-1.427378885473014614e-01,1.521989670536311734e-01,-1.319139889365082974e-01,-9.568198542302902565e-02,-5.838449308283085587e-03,-3.515140761252313043e-05,8.278376523702699052e-02,5.145525615211682564e-04,-1.042173261186343791e-01
-1.836174403167801350e-06,-4.879940200941908041e-06,3.739353946013194649e-05,2.597073883951013764e-06,-2.226508763491061643e-07,0.000000000000000000e+00,-5.620442475472534896e-05,-2.456653611784166256e-06,3.270723374171335030e-06,-5.147791535642518507e-07,-2.848235268438526883e-06,-4.414592055426947437e-01,6.029947895883803555e-07,7.741425553401433401e-02,-1.131199083217040446e-05,-5.444669269033958203e-02,1.589434054440089786e-06,1.126224012442550866e-04,-1.520087788677552267e-06,1.387063914117006580e-01
2.710633274625262601e-01,2.507861920560581701e-02,-8.676052964974802217e-02,-2.066051527000272017e-05,3.430569610493988924e-05,-6.608827888479723231e-03,0.000000000000000000e+00,-2.271417591840414507e-05,-1.036372409772449781e-04,2.492884904408494735e-07,2.999013189078187053e-04,2.297995673434734265e-01,4.384152772757035979e-03,-9.060728190794951065e-01,-1.633390098849070160e-01,-5.451932769919541899e-01,3.284043671805061558e-05,-7.902664563936674380e-01,3.788350318234383758e-06,-3.962804620592534910e-01
-2.202912821483992145e-01,-1.364587642816682822e-01,3.448336917147144520e-01,4.331380416362642372e-01,-1.210650992574171525e-01,4.925820249877315704e-01,5.753104163121507825e-02,0.000000000000000000e+00,-1.223193949103463596e-03,3.288051037468890381e-01,1.469943002236515345e-05,-1.213239443553792568e-01,1.471896985988182562e-02,4.267537529095252191e-01,-2.776512709297688231e-01,1.377438409514859796e-01,1.060554061128177183e-05,-2.548402891222975933e-02,-1.122426151157054792e-05,1.753128958745979460e-01
-2.389880168984978570e-01,-1.082116420999514883e-01,-1.004777545770384750e-01,-2.667694660390798004e-03,-4.660123108904344083e-06,7.144001657422210938e-02,4.053896707971109403e-02,2.728586543481920784e-03,0.000000000000000000e+00,-7.255789551882066424e-02,1.049603696954036014e-04,-1.958075711088630155e-01,-6.168757909046197058e-02,-4.077093163862723912e-01,-1.537889627735986031e-01,-2.080371906408975402e-01,8.207333816389840163e-06,-2.688849866618462925e-01,7.058593190081728641e-02,-1.393988992500767576e-01
1.793482799294517926e-01,-1.885081952120643001e-01,-1.617883602430324197e-01,-1.992081622559839782e-01,7.129339368072882773e-05,-6.236183328976047102e-01,-2.244334403653275023e-01,-1.714578163495979452e-06,2.581893658595680279e-05,0.000000000000000000e+00,7.897394577661203340e-06,-2.113156550940862022e-01,-2.807610972582359407e-02,-2.633165457857277736e-01,3.068319358231602276e-02,-8.502965519002105010e-02,1.087435953381348375e-05,-1.858836324055653183e-03,-9.510447580532106272e-05,-9.163645237376047414e-02
-9.166603462517312895e-02,7.255866836306565371e-02,1.200096117754858582e-01,4.479061077334544477e-02,-4.758553004661354030e-02,-1.265180717490822782e-01,3.122376562723280444e-02,-9.322748022892263231e-02,-6.701389607500594925e-02,1.566793170569158455e-01,0.000000000000000000e+00,-4.196514479804216297e-02,-2.160518595317137969e-01,-6.597821798739585131e-02,-1.185208994822220252e-01,8.176840658271271323e-02,-3.219696849432798769e-02,-8.223418022237323488e-02,3.979734685956192591e-02,-1.435282613784821248e-01
2.625646307620549738e-06,4.098547821499205068e-07,-1.997724934981252917e-06,4.391720530298768384e-05,-5.369190110143612848e-06,6.731616285307536010e-07,1.756178836321740071e-06,-3.348982230877552979e-06,9.241886956972801342e-06,1.060885450982398425e-07,-1.947219549084905317e-05,0.000000000000000000e+00,-2.893015917539340301e-06,1.264936129682490366e-03,1.019440922558979843e-06,3.419783707863160993e-01,3.459494357119702954e-06,-5.732444565893075264e-06,-7.244840614712619213e-07,2.131696648777972047e-01
-1.251185677925896744e-01,-5.871303044870100662e-06,2.325166373481948704e-06,-3.472257260665611867e-05,1.297313852384819213e-05,1.141477953221083919e-01,-6.538048288243972336e-06,-1.719082493127177633e-04,2.250237881616132349e-05,8.376152791225548178e-05,5.181712989825996334e-06,-1.078451438244035082e-01,0.000000000000000000e+00,-2.257416581983734682e-01,-2.467044244355395368e-06,-2.466939700890672937e-01,1.801929215916378275e-04,-1.291680985321317920e-01,-6.851349142653763002e-04,-1.384752367769660208e-01
-9.962947673212599734e-07,-1.428667157179189136e-06,1.130539622739657085e-06,1.403618828871386311e-06,1.082293231047227662e-05,-2.685651849856881591e-05,-1.486150114397699909e-06,-2.070195847315984600e-07,5.571943980722978032e-07,-1.357805465281144390e-07,-2.786669532036077453e-05,-1.093707277601887410e-03,-2.947788088763083889e-06,0.000000000000000000e+00,2.433446651305477559e-06,1.741567985455195477e-01,-8.809405161652374900e-06,4.926946225703263127e-02,-2.733712444785700573e-06,-1.088107104360472306e-05
3.721865031469688834e-01,-6.889904257169766899e-02,-1.132099435813332021e-05,-1.251201306164513340e-06,-1.107303976489786545e-05,5.327720927758879121e-02,5.334012965418309767e-07,5.237087491769926536e-06,-5.176745835316251036e-06,7.963297608946123709e-05,-1.090196294245468772e-05,-2.222479718252675651e-01,2.488576561284219224e-01,4.597358017147634701e-02,0.000000000000000000e+00,-1.356823138628641782e-02,1.803401457339864830e-06,-1.428292866330944239e-02,8.871258910203235715e-06,3.496667149600724556e-01
-3.826579802235647240e-06,8.461537746678398138e-07,-5.927016499127126930e-06,-1.190879626805544956e-06,5.220527207361705288e-05,-3.748556354931573036e-07,-2.038051619278325311e-08,-1.030922790213322315e-06,-1.179204456664742711e-06,-1.163205457910567124e-06,8.071870137383705234e-06,1.627403307881693648e-08,-1.185840586949099350e-06,8.429688456676118637e-08,3.304817991017367498e-07,0.000000000000000000e+00,6.596280819260774170e-06,1.143683165374628036e-07,7.253544961613935227e-07,1.707204157552895624e-04
3.652552409059558330e-02,2.559353400374660970e-01,-2.416934517381650327e-01,-1.511586112838881335e-01,9.354506997590619766e-02,-1.095690247874379214e-01,-7.064146130324565342e-02,1.471578310245543197e-01,-1.082118804882007262e-01,-2.210545601994605980e-01,3.579067044073938088e-04,1.876985320474512386e-01,2.742201137893400184e-02,-2.068071517299104878e-01,1.235802864717063798e-01,6.376266630368861155e-02,0.000000000000000000e+00,2.178582642946945425e-02,-6.505058761326427963e-02,-1.951453146640056346e-03
-3.663577305694825684e-07,-7.540296838907302100e-07,-1.891122898045826428e-05,4.474770752818363014e-07,1.605440755051381658e-05,1.624244352570956840e-02,-1.562168210699637075e-06,9.869106771545208196e-06,-6.735332112217480936e-06,1.196194891591929944e-07,4.589029668364253377e-05,-7.541121274524126283e-02,-3.521961261273355626e-06,5.481120574208621051e-05,-3.605606165824460435e-06,-3.694692592933443431e-01,3.885171166674109790e-06,0.000000000000000000e+00,-8.851643794448851575e-06,-7.867067944498562851e-03
-9.508015460239270522e-02,7.397503399170586580e-02,3.379746166981139471e-02,-1.550257562294698188e-01,9.908123133875278502e-03,-4.015892496112226651e-01,2.062970923490098918e-01,-1.988435715222221234e-01,-3.701291574144869830e-05,-4.111936865415166675e-02,1.542507030140218699e-04,-2.842423892984907718e-01,9.228736543945527046e-04,2.195725876385315120e-02,2.250694302055442075e-02,2.494798481429692794e-01,3.301513234965542011e-05,-5.813143198532852440e-02,0.000000000000000000e+00,-9.791783164839985842e-02
-2.773525871010060116e-08,-7.799635150614043475e-06,8.764307467119624952e-06,4.019214129303014494e-07,-2.796049988343682241e-05,-7.000784673210948205e-06,3.212521430578673185e-07,6.047411886471750796e-06,6.852251438385149951e-06,4.236249609293233545e-06,-1.390496664001179003e-07,3.071271668572993927e-06,1.857673616161039411e-06,1.225735454926592527e-01,6.491473002331736771e-07,8.669352602178798106e-03,-4.359911800001592416e-06,-1.085301044755092911e-04,7.057470339138554960e-06,0.000000000000000000e+00
