1.477151143006196321e+00
-1.111695346417193253e+00
6.718333503752837998e-03
-1.725321986368382632e+00
-6.928263180060318938e-01
-1.184501822945304372e+00
-1.471681503466153895e+00
1.837062161175113673e-01
-1.214001240883504362e+00
-1.838475409502937197e+00
-7.456512283103493566e-01
-1.513306947252655910e+00
-1.499958548717877260e+00
1.672233140763919490e+00
-1.675460900489664340e+00
1.142240864510135623e+00
-1.006642171366984861e+00
2.023425170097663539e-01
1.661382875060307018e+00
-1.762714150541768721e+00
-1.352827511951760986e+00
7.826118572360218906e-01
1.311486633440026139e+00
-1.544189727733939588e+00
2.733705019841146111e-01
-6.057953798942796730e-01
-8.368453805825337710e-01
-3.579555260333444622e-02
1.155388317346348170e+00
1.743732066313106177e+00
-1.247868710389343327e+00
1.861469368726207829e+00
-1.907426253436228514e-01
1.999417559929177912e+00
-5.433236457683197074e-01
1.620848948324392413e+00
1.240259124035472560e+00
-1.235052553483839244e+00
4.487832274688261514e-01
1.040144760533241453e+00
-1.548423255757414463e+00
1.161390767719160166e+00
-1.742824878173712566e+00
6.234327591112105438e-01
6.908154730867148707e-01
9.427993687592111094e-01
-1.103530284329925504e+00
6.798283513875325035e-01
1.253519901431580319e+00
2.644936337400918269e-01
