3.567184315303513209e-01
-1.893614477129537566e+00
1.719614911323900763e+00
1.959215800457771106e+00
1.837948266023627930e+00
-1.433907900092620924e+00
1.868989632394146838e-02
-4.277367918182735096e-01
9.748123889593411917e-01
-8.720628617990473508e-01
-6.013193886469752059e-01
-1.768809318512921447e+00
1.804019130209913335e+00
1.410129298416606947e+00
-1.155008912021797673e+00
1.631802375443707209e+00
1.915725536087950154e+00
1.347254408353983912e+00
-1.267035881823180166e+00
-6.263913492975792252e-01
1.801789181128254480e+00
7.977329076316710399e-01
-1.791302614481838251e+00
-1.794105930071468347e+00
1.023599002021657434e+00
3.185232794177283999e-01
-1.499244528241543417e+00
-1.163720570922414765e+00
1.504278565269561607e+00
1.998977328678584353e+00
9.996972274450826035e-01
1.814870414518439112e+00
-1.190172511992750870e+00
-4.039653150852120511e-01
1.466303809361453325e+00
1.493309219832346102e-01
1.101126944152680753e+00
1.896657784722107554e+00
-5.409267776781359061e-01
1.648773046089665684e+00
-1.933041226801517798e+00
-1.570814952071379889e+00
4.206597331839549980e-01
-9.408445481566118929e-02
1.302810434581840759e+00
-1.937583908372362274e-01
-1.116459753797002019e+00
1.452888753570395597e+00
-8.285739588747405016e-01
1.465433507194280338e-02
