-8.671079875755252075e-01
-1.886643334446403308e+00
1.935106227223572617e+00
-1.066504872899418643e+00
-7.975990083572539469e-01
-1.539388023007048023e+00
-3.087115935070778860e-01
-1.049191157817165099e+00
-9.451860801626468245e-01
-3.930013521976380986e-01
1.003372168320391999e+00
-8.500558285883865750e-01
9.143434316102716508e-01
1.524507207640710682e-01
-1.203441534377940769e+00
-1.609228647464275852e+00
-1.679558223470912104e+00
-1.803669579067824102e+00
9.645056893301395817e-02
5.863801857931245642e-01
-1.776245376135997311e+00
-5.629061343624286451e-01
1.328323958211829137e+00
1.629902087212201423e+00
1.245743098503182100e+00
8.508482487539437145e-02
-4.706355850228622906e-01
-6.222210491480790751e-01
3.384141784888954341e-01
-1.507853751682730614e+00
8.196806754094634329e-01
6.820468657807321478e-02
-5.272325390283310043e-01
4.724611337963180446e-01
1.572402005652993484e+00
4.839018076060379592e-01
6.138398527826551820e-01
6.371723111138312134e-01
-1.439665820289296239e+00
-2.623888477907385663e-01
-1.351234386422072831e+00
-9.153956170693318128e-01
-1.334802501969797550e+00
-5.495479016484989820e-01
-7.952891098543650727e-01
2.457344559838392506e-01
-3.718931637826994319e-01
-9.151141408819083445e-01
7.241201967672079576e-01
-1.521776942813761746e+00
