1.960996673902194232e+00
1.659991369703411213e+00
-6.223649385284901747e-01
-1.876870170202872945e+00
-2.951997571203031079e-01
1.444859149224725137e+00
4.963957601016963928e-01
-6.210746673841609500e-01
-5.105087183119350058e-02
-1.000818574302169139e+00
1.442963913421299260e+00
-6.795584269552543688e-01
1.204280409728204049e+00
5.442313821010915653e-01
-1.655260626439343241e+00
5.930529377821560644e-01
8.701997328246879881e-01
-3.122353902106529411e-01
1.611742990276594512e+00
-5.484744124534088883e-01
-6.697568296018352463e-01
-8.077450404114872029e-02
-1.542537033146617720e+00
1.900477369131144290e+00
-7.390331949887016805e-01
-2.394308129959492604e-01
1.655446889303511249e+00
1.811452026484896560e+00
1.467212850473625263e+00
-1.209997014601614573e+00
-1.165001546485586736e-01
4.752993668051215259e-01
1.988818686943999214e+00
1.172683459846365128e+00
1.111023771459924703e+00
1.458681559591372245e+00
1.194945475026305992e+00
-8.516089728855562591e-01
-5.385191527584196614e-01
-5.420239850044374919e-01
7.009382407465025722e-01
1.615488009756230081e+00
8.009974007505693550e-01
-7.776882577150345810e-01
1.701348929847460223e+00
-1.123719865280396579e+00
1.520969277739998571e+00
-2.905161897291650419e-01
5.752510323705068984e-01
-1.670584873855313734e+00
