-9.107639883150220328e-01
1.276859717814282646e-02
1.835748670373720248e+00
8.909999141475739570e-01
4.584306687943096037e-02
-3.386240257850348101e-01
1.976751744334393379e+00
1.861557830014282544e+00
-1.626186272643526110e+00
-1.277066141105081876e+00
-1.295563428644075810e+00
3.359032088443880681e-01
1.499637890519323058e-01
1.625407909500001580e+00
9.190442132998777325e-02
-1.500811820175115940e+00
1.306730933937466865e+00
-1.461559610522761510e+00
2.110252811779083082e-01
4.083402374688716030e-01
-1.556422497254826620e+00
1.286893858597188078e+00
-7.154832956745700301e-01
-1.793047994042147320e+00
-1.085591569724330352e+00
-9.642509349927190776e-01
1.626232593749834088e+00
8.686524230050505224e-01
5.613397259179060406e-01
1.369616178033662646e+00
-1.872494715949607258e+00
-2.463137179675110033e-01
1.597209570211964635e+00
1.556167261138805546e+00
1.988031916969069446e+00
-1.249085326461343293e+00
-9.788569021107478285e-01
7.643034844346394685e-01
-2.574255888097805034e-01
1.605259394367171133e-01
-7.950966899905740348e-01
-3.952100368842010880e-01
2.763928910786770388e-01
-4.129727352318774969e-01
-1.869063112656340842e+00
6.166795941613898435e-01
-6.731322124735532597e-01
1.059702234500535578e+00
-9.982646244611750319e-01
-1.653247110539353582e+00
