1.516506847830445981e+00
-1.062279932671230220e+00
1.278281322584831958e+00
9.761514526128189928e-02
1.127346582754900961e+00
-1.742240015965860422e+00
1.421441607874309732e-01
-1.951194199240799954e+00
-6.761359952265886264e-01
1.811638443105508589e+00
-7.745231215254935186e-01
6.170463617085859553e-01
1.051220457587391799e-01
3.031014800671680831e-01
-1.898070016359165724e+00
-1.228683247651658483e+00
-8.871297740936445742e-01
1.301055182191043436e+00
-6.443467007470564667e-01
1.411439027342427988e+00
-4.780386554162996404e-02
-6.174146151780726122e-01
-3.833089237377880210e-01
6.236017744357007508e-01
1.527152346329874177e+00
-1.323933808535282974e+00
-5.572388240883028310e-01
2.586649524473250139e-01
-1.361656138132363303e-01
3.160625196371693590e-01
1.158685824716435775e+00
-1.411041666182009990e+00
1.709504554667695242e+00
-9.847225784189213016e-01
-4.880079847603906451e-01
-2.556961177913388283e-01
1.943842725895829737e+00
7.439635009074350158e-01
-1.339085495116304703e+00
-3.665502922690810905e-02
9.361174950729727051e-01
-4.510880632937519508e-01
1.673101542403316877e+00
1.382872510483643680e+00
3.952390577094457846e-01
9.621867590208337262e-01
-1.844469248683471285e-01
-5.700129085120524408e-01
-4.660160081708637492e-01
-1.232037338140064442e+00
