-1.038616921647909308e+00
1.013886613261517855e+00
7.499386355580828223e-02
-3.906973833062550305e-01
1.630173507956643064e+00
-2.008802270203187135e-01
-2.953338625411805474e-01
-1.689937635276527406e+00
-1.639374106615598237e+00
1.808991931538981301e+00
-5.233247428464031792e-01
8.222238161417494418e-01
-5.890470449348459425e-01
-1.984878966346263596e+00
1.437898456421257798e+00
2.037323584963948164e-01
8.600319079115172904e-01
-1.336510285676772103e+00
-1.890744997147271622e+00
1.621654550077567869e+00
-2.857458601413367383e-01
-1.481970013130870178e+00
4.648114196200028303e-01
1.633447082569596365e+00
-1.532530153438738552e+00
-5.283833338643990629e-01
-3.253454480095707702e-01
-1.986340662574296534e+00
4.904805591436223189e-01
3.538870341127915431e-01
6.425951846623121355e-01
-1.809377403975666265e+00
-1.325111983187294395e+00
2.740311851817232025e-01
9.041095157549206007e-01
1.722343919457740125e+00
1.450395615736186805e+00
-1.953211853086706640e+00
1.651998298136169829e+00
8.179717269053492501e-01
1.022148690923602388e+00
-1.369473105909178035e+00
6.069576484886973766e-01
5.523712951039501107e-01
-1.651194810211853881e+00
-1.324091570507026194e+00
2.271714747624598019e-01
-3.837855041170938897e-01
-1.802377918141021329e+00
-1.445098613592509018e+00
