-1.731289230623093811e+00
-2.860436221626487807e-01
1.048391573306925562e+00
1.345256366312190366e+00
4.648576067610123985e-01
6.659552539838107243e-01
-2.215533297598426543e-01
4.259962451499457181e-01
8.997548848364997909e-01
-1.720292770949065186e+00
-1.678001657957834958e+00
1.362080692020338546e+00
-1.909478978113996028e+00
2.694604405630394162e-01
8.635262783157728883e-01
-1.326954195994242802e+00
-7.937623858969047319e-01
-4.166359186977759421e-01
6.354134438716423361e-01
1.945716075361968667e+00
-1.362314131789185367e+00
-1.950637015654381745e+00
-1.184693615942125522e+00
4.589214485013819456e-01
9.008477564384893554e-01
-7.530612763012207722e-01
-1.521419405946049963e+00
-6.348047627431654405e-01
-1.287522797488241277e+00
-1.609157082899756119e+00
-1.348262207576200300e+00
-1.024602421025195831e+00
-1.050214681394366689e+00
-1.311865226188699385e+00
-6.701881485963663287e-01
-1.289746658661060419e+00
-6.485352174673284509e-01
-3.466594218408025618e-01
-4.213192785035428933e-01
8.892589603539668985e-04
-1.459292893122978718e-01
1.340405376271229798e-01
4.685459051717137946e-01
1.022502683137956669e+00
1.686682689935389501e+00
1.078239947922700726e+00
1.086675224749865887e+00
3.095182786450108026e-01
-1.456525796786109161e+00
-1.316891756889112308e+00
