-1.582547235024977628e+00
-1.656401499869957661e+00
-1.662590534080873539e+00
-3.088298689152546572e-02
-1.215118403461554752e+00
1.043839163277890059e+00
1.490724371754708510e+00
-1.371351111657268973e+00
-9.294128129556931128e-01
1.019140995587752840e-01
-1.488156578410907205e+00
-3.066119745191580037e-01
-9.100205341418998728e-01
-1.935592787977274298e+00
-1.285805770298157569e+00
-3.578573435815219916e-01
1.499512332721403052e+00
-1.063218795279263773e-01
-1.604468142780423268e+00
1.338303987727962330e-01
-1.186481371902169180e+00
-1.683561233392723899e+00
1.557712891138107736e-02
9.784804891693772433e-01
1.020972130836215186e+00
4.921735535965785502e-01
-4.984019262527770167e-01
-1.710720938906667765e+00
1.973179889797771480e+00
-7.925314778642196245e-01
1.807743693556618680e+00
-5.263860839795193591e-01
-1.154389431182412107e+00
1.662380469761450374e+00
-2.588287269635283216e-01
9.353310015777056563e-01
7.845115600169085823e-01
-1.079773194080972942e-01
-3.636651638472820913e-01
-1.445779597549458728e+00
2.941762964156677818e-01
-1.542386856474687651e+00
-8.613610493861583173e-01
1.347875323720474583e+00
-1.478486552184556047e+00
-1.436367382525183700e+00
1.906009277645420941e+00
7.146233239041506202e-01
-1.580100673844776260e+00
1.308612205923418870e+00
