1.262009940061683544e-01
1.885802310173480656e+00
-1.768397437518768101e+00
1.420155129053715548e+00
-4.399462035532741844e-01
-1.379586040917607281e+00
-1.548852695273493563e+00
-3.204086943870247950e-01
-1.825390681968848128e-01
7.748627594443080469e-02
-5.491183523057441285e-01
-7.974938442752139700e-01
1.547709302899531014e+00
1.124092242659884278e+00
-1.605841876367403831e+00
-1.097628002506740863e+00
1.048210792958064630e+00
8.487185690260501403e-02
-1.404407271063206952e+00
-1.382818947685644950e+00
-1.674009851048960051e+00
-4.444331753666377338e-01
-1.530830017098542495e+00
-5.322547874561811554e-02
-5.188413043267385838e-01
-1.594409679474503072e+00
6.344357632022559201e-01
-4.831965998373850546e-01
1.018145823526395155e-01
1.573658624685947416e-02
1.495185642928751335e+00
-3.613642591400769710e-01
1.879637857229037756e+00
1.129771474375061757e+00
-4.556741847130556522e-01
1.270936450822017783e-01
-1.846310840933383268e+00
1.846097331675196074e-01
7.741861251306274561e-01
1.729864226868767840e+00
-9.872069543143751069e-01
-8.876085882515738490e-01
-5.270195488730831102e-01
-1.440448599070389690e+00
-6.972550132767563191e-01
-3.546333503235445939e-01
-7.875151146659171708e-01
-1.518168047181131186e+00
-1.207811466247802556e+00
1.914674606097952037e+00
