-9.510523192374797929e-02
-4.160400947162964380e-01
3.810436423187379962e-02
1.620383767338979819e-01
5.379010722033306102e-02
3.650288443685333339e-01
-3.400738988424222287e-01
6.377511519686884789e-02
-3.567767946977982163e-01
2.514132480104576128e-01
-3.830058305916377304e-01
-3.278538554891237133e-01
4.780117221816010398e-01
-2.353621482237198137e-01
-1.632973547265020864e-01
-2.592049457553149416e-01
-2.707772138776448623e-01
-3.768251154145518811e-02
5.180058967208900356e-02
4.152493665127354738e-02
-4.489654041251389671e-02
2.122689768450920500e-01
3.754594303839569047e-01
3.289551777624675211e-01
4.506264488163714832e-01
3.560619160650185799e-01
2.878673507608324744e-01
-4.278975679990337788e-02
-7.888461865020124364e-02
3.634027308609477647e-02
3.865679053936976750e-01
-4.350842042528346720e-02
3.713395425651148107e-01
-3.850575120936609030e-01
-3.519293696732971322e-01
-1.928394987759716184e-01
-4.206947029647306602e-01
-1.556008954509902065e-01
-4.621116176693313982e-01
3.033756192354065684e-01
3.242444249487137498e-01
-3.057823447716129239e-01
3.025545217100292783e-01
-9.681554916983481363e-02
-2.340073785877436752e-01
-1.586186593167092651e-01
-1.001625998152274599e-01
3.248917030217306490e-01
9.460565788592967262e-02
1.308990552607175450e-01
