-2.741889368120999926e-01
-1.677734969760560357e-01
-9.512287908363781241e-03
1.908601163689577218e-01
-4.660697150905278585e-01
4.755221176704871322e-02
-4.492157731056536374e-01
1.881796910064403860e-03
-1.846940302075106288e-03
-5.677248697411030331e-02
2.406067913819345261e-01
1.557425145193703786e-01
3.409424619954749547e-01
-3.115619455476739130e-01
-2.797446491078341424e-01
-2.415486199261374090e-02
4.597269624687175815e-01
-4.872320517251579330e-01
4.427500331946924161e-01
-4.345515581489055590e-01
-4.617945413789401599e-01
-2.462586245514502004e-01
-4.483053876853160258e-02
5.558339575916815267e-02
-3.743871257733677460e-01
-4.856836503612290690e-01
-1.856754363562306276e-01
1.652415754086800082e-01
4.115658589630162290e-01
-4.210332479529433902e-01
4.537799227763065213e-01
4.476323671461639453e-01
-3.456241359424235826e-01
4.027319597335343726e-01
7.254788016465463230e-02
3.817614467679353307e-02
-3.290197983484878241e-01
-3.949832389853302761e-02
-4.271926450855175750e-01
4.067473619881928348e-01
-5.379730724244324858e-02
1.878479499963453536e-01
3.345806451200520337e-01
-2.329909466507776861e-01
3.834350390929094354e-01
-1.715232863561528820e-01
-9.867454981773204903e-02
-4.576318943728276967e-01
-9.780410916535398069e-02
-3.911913643359036241e-01
