2.893551063894805875e-02
3.215399398303302458e-01
3.175761854114155236e-01
1.775891111401473044e-02
-1.411118687364782964e-01
4.986545428679228786e-01
-2.517745152888366533e-01
1.200358795857747740e-01
-1.929726945639768099e-01
2.835066512599571098e-03
-4.021424994534477104e-01
-4.215696567124533889e-01
2.449024167936982854e-01
-1.162932412293782303e-01
-1.626277559247595317e-01
1.596427010557825987e-01
1.112690299391831950e-01
-3.520809853777778775e-01
1.106317191862637994e-01
4.422787035568797043e-01
-3.835550055833136796e-03
1.399860311797029855e-01
6.450029270524171299e-02
4.977011349672642027e-01
-1.259425991407218115e-01
2.821448947269968865e-01
1.356573736076545078e-01
-3.443503901815240242e-01
-3.828163940873545723e-01
4.687037051687230615e-01
-2.421476002516144144e-01
1.106997353238816650e-01
-4.369183385157211497e-01
1.724528896103075803e-01
4.121747652419656127e-01
4.943739727223319669e-01
3.616129625100232836e-01
3.729725627569446811e-02
4.127588494957001863e-02
4.322396688060701209e-01
4.258344683674181175e-01
2.522373299827928017e-01
-4.615596157042117786e-01
2.199838673445876358e-01
-2.269556942330275273e-02
3.771262915714579389e-01
-3.225909613090575112e-01
-4.470641025510668776e-02
-5.056923178782257722e-04
3.537241611265478092e-01
