-8.265325551011781791e-02
3.237291699898577901e-01
1.478754928391413648e-01
-3.445333404423024382e-01
-4.576559267875452974e-01
3.362532531210019604e-01
3.690437799274284281e-01
1.945591827797095164e-01
1.302626808810001258e-01
-2.371747473766793179e-01
-2.996826977144900761e-01
3.245878778925075370e-01
-3.454519101786638346e-01
-4.561185261933989876e-01
-4.370093533380101647e-01
-4.065979338599167159e-01
1.834738946356233580e-01
7.691615677404495255e-02
1.052027671850733759e-01
2.454502423516635723e-02
-4.011238412861817260e-02
2.066743962556941705e-01
1.244410059068941088e-01
3.908667868138758772e-01
2.019219213066603125e-01
-1.471386339074234328e-01
2.722587877250466359e-01
-2.409530771799882620e-01
-1.490543045451736548e-01
9.398948196903322838e-02
5.048429756263195234e-02
2.111048924114491410e-01
-4.892241558717904670e-01
1.987540757682371151e-01
-2.420874581956267146e-02
2.123284350132859100e-01
4.809205729682501929e-01
-3.039023228142974098e-01
-2.463614720931677216e-01
3.445998355001889113e-02
1.023408669604763954e-01
-2.035666326538154713e-01
2.291992955156549883e-01
2.619281786964451353e-01
1.354099913442839975e-01
-3.623191997732025937e-01
-1.635401689427545824e-01
-4.745186321639716098e-01
-2.001716791620306024e-01
-1.036066831954669532e-01
