-1.768724464025467347e-01
-2.098385348695441799e-01
-1.891691375667247099e-01
6.386387484037292506e-02
-3.549847402388208728e-01
3.045059944875200264e-01
2.085672296693015237e-01
4.341904515874976944e-01
4.805975618068818456e-01
1.749473990896863729e-01
-1.692712010033267100e-01
-3.852631997624980098e-01
1.852428140744022400e-02
-2.197604691841495983e-01
3.692687941730469214e-01
2.096666448873475419e-01
3.157052105293456368e-02
1.267421591326803876e-01
-3.086145278787794100e-01
2.471974169066171179e-02
-4.748628791174981378e-01
2.544946182328309270e-01
4.145991217611966206e-02
-2.536802918347629276e-01
3.378781245740972716e-01
4.573097604984032172e-01
-3.771197306541664851e-01
4.715112848232749787e-02
1.510552636435752438e-01
-9.685942885402210045e-02
3.989756580918654150e-01
2.608096163832612779e-01
1.790367318634848992e-01
-3.599230427542303712e-01
2.482775065159893435e-01
-1.071457249454309535e-01
-3.358357470200665773e-01
-4.806024447272938538e-02
-6.544381481002337075e-02
2.692288463679282096e-02
-4.586266864044984404e-01
1.275577595909478390e-01
2.876663070314788850e-02
-2.207164667677667946e-01
-4.932325271158571889e-01
-8.739035209622103562e-02
3.705426538754741372e-02
1.180730304234971495e-01
3.979004476913533539e-01
2.014283484276737646e-01
