2.244082641129129252e-01
-3.354929393762946521e-01
1.499684816426684053e-01
-3.150029899766322306e-01
2.910207223632144125e-01
-1.128855291951106343e-01
1.504727010482886929e-01
-1.657185304910999690e-01
-2.420266067648056962e-01
4.469528194679917021e-01
1.014678402168075477e-01
-1.725396081374385160e-01
1.214206656980060250e-01
-4.845295712679188460e-01
-3.245766983967934838e-01
-5.040740671807442119e-02
-1.900248269051180161e-01
-2.264187577848819632e-01
3.481866813834069152e-01
4.143164937588417196e-01
3.976282037827176818e-01
-3.526939977051156694e-01
1.092848316846375401e-01
3.851297900511919670e-01
3.503588849358368895e-01
4.745388464209502333e-01
2.919633180461853605e-01
-3.305844270824916942e-01
-3.443152685272966584e-01
4.626989525097018330e-01
8.246010899662048477e-02
-1.623163864092282971e-01
-4.599139438522181766e-01
-3.710272645261246671e-01
-4.973614597262867587e-01
-4.114009841840546855e-01
1.054631247553946549e-01
8.357334488501244607e-02
4.205560075968568512e-01
-2.759867429067461853e-01
1.882616683667120983e-01
3.500018693979082274e-01
8.915734597166735664e-02
-1.891559739464049317e-01
-2.224583288562820282e-01
-1.129777840282365498e-01
1.719455726239352833e-01
1.544767013702459391e-01
-3.674701235089473661e-01
2.120191382398252111e-01
