-2.173356198465389300e-01
5.353355774006041123e-02
3.285198666270902068e-01
-7.645552274341738119e-02
1.068735855157538772e-01
-1.527044630462430774e-01
-2.927871866209441620e-01
-1.108494507941514273e-01
3.021176833397803962e-01
-2.304289580591489806e-01
-1.021721227348705296e-01
4.135206775211071051e-01
3.143770294312675517e-03
3.239146008467885807e-01
-2.204253600654044742e-01
-3.701445071774688289e-01
1.517862901829464262e-01
-3.536626541361694853e-01
-1.035573925440729237e-01
-4.707008790162070522e-01
-3.102620985027058076e-01
-2.727456921786007848e-01
4.554059017384641805e-01
3.459153065893502133e-01
-3.478386280363697791e-01
4.136335351636194479e-01
-3.783665459353688920e-01
4.231429518474659757e-01
2.703414662661985934e-01
-4.237576433878773585e-01
1.222102344013505926e-01
2.038870144257585171e-01
3.101068748871491643e-01
-2.911041925312094492e-01
-2.442856527939530897e-01
-3.440296678639745975e-01
3.951091431550100008e-01
4.029232796942735506e-01
-4.901262340983965071e-01
-1.062885135746811649e-01
2.740653209787514699e-01
-2.753513421620935597e-01
-1.582607816736720796e-01
-4.144364134993323567e-01
-8.806036460109689656e-03
-3.771891238154865267e-01
-2.337949746133038964e-01
5.346810679891056406e-02
-4.861623137554026419e-01
4.653595087527194751e-01
