-1.262407965410980992e-01
-5.802654780448712746e-02
2.778541546143048491e-01
-4.029058778272058827e-01
-1.197862790277672840e-01
-6.132946454131771308e-02
-2.243314184482474438e-01
4.687500762115337505e-02
-4.952157653075314192e-01
3.539474479259044903e-01
3.665393068802758059e-03
9.575380314930781456e-02
3.589675494125628141e-01
6.080404924520987908e-02
3.789998298802453869e-01
1.964577602900774433e-01
-2.306280887224446685e-01
4.194998365212877500e-01
2.372825774305720170e-01
-1.144822538701204540e-01
4.502487746664474155e-02
-8.149590771552173152e-02
3.881259731197815865e-01
-4.557942075399695758e-01
2.615882113177624424e-01
-3.418490619645917494e-01
1.050523764925583858e-01
-4.759962126955030737e-01
9.641741949975835002e-02
8.708249167192394502e-02
3.507621932095734696e-01
-4.410966918030271300e-01
-4.643214869380830612e-01
-4.759965225245272880e-01
2.064719506432839413e-01
3.542815941583284944e-01
4.959584504979795971e-01
-2.345329771655991768e-01
1.568344392358040906e-01
-2.610110738312289014e-01
-8.903288583543356172e-02
-4.759903317009780421e-01
2.710791493240557459e-01
-7.429969072752173886e-03
5.936577226921357919e-02
1.141078379458750902e-01
-5.956730038242818992e-03
-7.799103600820556093e-02
4.366451273433588076e-01
2.390765078239301955e-01
