-4.806347613087725845e-01
-9.203890879025022898e-02
3.349461960480769607e-01
3.108566241899769489e-01
-4.162222467815027693e-01
6.445534701073019068e-02
-1.624057643397905926e-01
2.163059968874071481e-01
3.728385980869596272e-01
-1.371238658618162409e-01
-4.459856845660918889e-01
9.356703333787019794e-02
-2.411808830006562099e-01
2.248648575243382686e-01
-3.816587283724824919e-01
1.870969397749573382e-01
-4.632052544020542895e-01
3.963342636405234876e-01
2.002571002531871036e-01
5.197543621351363718e-02
-1.804101855531519139e-01
4.683078173668375754e-01
1.985284248915952787e-01
-1.012854764540316310e-02
4.365226547735092666e-01
-9.974465011206345988e-02
-3.444126362022127408e-01
6.621963385461238083e-02
4.486091003217712592e-01
-4.578872658946457896e-01
1.237064092982048669e-01
3.666617683370170244e-01
-2.362180621269895919e-01
2.414394701945862254e-01
3.350258781293269372e-01
-1.550575585454323502e-01
-1.000941785030315945e-01
2.823302089211231491e-01
3.495146432759457245e-01
-2.814801884614149818e-01
4.335872494165509128e-01
1.679001131610262654e-01
-2.420695230387270858e-02
3.312607476184488142e-01
3.642167548634922536e-01
4.865490632620204092e-01
-3.142275648296348756e-01
-2.925145868123214532e-01
2.752309385526502394e-01
2.702231442143598894e-01
