-8.357425711657573419e-02
-4.618061848295460514e-01
-1.442086015481530703e-01
2.415436743408383435e-03
2.541559578163167243e-01
-2.850440941568774811e-01
1.812402860565377472e-01
-2.288637317133375149e-01
2.394035822093949495e-01
3.857472635201960598e-01
3.557807196388999005e-01
-3.858306059076220818e-01
1.418795565021756522e-01
3.131312491851161450e-01
1.008339663262590724e-01
2.920376948869829459e-01
-4.808566633826062420e-01
8.599042289758584978e-02
-2.104906975909044409e-01
-1.628788550620110520e-01
-2.743877150996996139e-01
2.664193358284616675e-02
-3.166404531299560343e-02
-8.340029881666777278e-02
5.236203247215265311e-02
3.718639948111838178e-01
-4.272446749875625782e-01
-2.212367592135486838e-01
5.989251030077691329e-02
9.782142237224789039e-02
-1.658038210420065273e-02
1.486225033186634459e-01
-1.902294512418176708e-01
-4.846765394240927227e-01
3.985640595682566900e-01
-2.772368705209991013e-01
1.083080789547404832e-01
-3.252829501640982501e-01
-4.496528890836499759e-01
-2.013109662756822349e-01
-3.195297736875840622e-01
-4.472175644285835139e-01
2.359075969882729051e-02
2.409058406206413538e-01
-7.583856645600905999e-03
2.666995220142172052e-01
2.386190118549111894e-01
-3.164716229074280296e-01
-5.794218162686348705e-02
3.735654178066339925e-01
