4.304206077096872640e-01
-4.670028391576055427e-01
-6.887404894721802506e-01
1.105709739832067662e+00
1.040890706786854025e+00
-5.938721549908678732e-01
1.843918752074658052e+00
-5.339579654337751613e-01
-1.513524890045064186e+00
1.992543182115268152e+00
-1.514731013264916548e+00
-1.315057994384451145e+00
1.590225210932867839e+00
1.649520728852564844e-01
1.222721449735574062e+00
1.279536757809725867e+00
1.475288173000661729e-01
-1.942657187122127205e+00
8.155797541438878362e-01
-1.863421059048229633e+00
