1.156385555155228673e+00
-1.777497068764284816e+00
1.848086922158182155e+00
-1.605860659230981202e+00
-1.884523871362411285e-01
-1.664573573681090046e+00
-9.328145969402421578e-01
-1.176240702793820425e+00
-1.101348374141357667e-01
-1.891341191969705182e+00
-1.351490537529659974e+00
-2.015849155026065986e-01
-9.088327080651126266e-01
-5.915434898141107567e-01
-1.574243823168136824e+00
-1.945212473931680286e+00
-7.316295963175334371e-01
-1.160181469606435201e+00
-6.838529745212871269e-01
1.557168182619798280e+00
