-6.205996714280734849e-01
-1.546525069035092681e+00
1.338342193489895582e+00
-5.143309709241985495e-01
3.082575595302219362e-01
2.678886193759577594e-02
-1.240903662029535504e+00
-7.066180801513510801e-01
-1.769865882691374459e+00
-1.112557471158006184e+00
1.729638421617968547e+00
-5.608282311771257689e-01
-3.329168421398374100e-01
-1.723576372289590264e+00
-9.285277377700258405e-01
-4.144614782677966680e-01
-1.797729200447192532e+00
-1.687552594752173452e+00
-4.951088273305774834e-01
1.100035804808584761e+00
