-4.278016989069191034e-01
1.018809986570292647e+00
1.878833720834749421e+00
6.834575519588508286e-01
-3.693901031734081464e-01
1.213379677928370981e+00
-1.853790611105192720e+00
1.434875489035704277e+00
-9.277778442176418672e-01
1.869432534990457029e+00
1.036671079014274355e+00
-1.631028586711726014e+00
-1.567412786507776268e+00
-1.933194182280093543e+00
-8.724617877477967021e-01
-9.889395060053605135e-01
1.861905115722918058e+00
1.004630082124330137e+00
1.317608833480820696e+00
1.366041902473339231e+00
