-4.286958420713800066e-01
5.906208468691809266e-01
3.737385339943983809e-01
-1.059412524310769488e+00
-1.639079285379296813e+00
9.568827976863092388e-02
1.958825237072474579e-01
-1.786488686073890442e+00
8.401056915210203258e-02
-1.417352174728618852e+00
-1.654682756007700206e+00
1.804122547501425533e+00
1.584984901100551902e+00
-4.987548902360106062e-01
1.664387045074556148e+00
-3.228096892371175031e-01
-1.549081943143439055e+00
1.577953450333867913e+00
-3.428226264366101006e-01
3.051579020788155461e-01
