1.197452799112902255e+00
1.468584030033976973e+00
-4.497149803171343052e-01
2.531139730656217779e-01
5.741497734753662208e-01
1.085455474229099160e+00
7.449620986438310055e-02
5.306788713399361868e-01
-1.015431705791859152e+00
-1.095516568907255905e+00
-1.933500004528452720e+00
-1.948820282974510043e+00
7.746650233513467931e-01
-1.195375204781932155e-01
-4.811652904714449619e-01
4.764441242402432941e-01
-1.230975828914962822e+00
-1.652197786448041494e+00
-1.825833780394992445e+00
6.109826332382688463e-01
