1.808768098786787792e+00
-9.879322726950872102e-01
-4.582327890889374977e-01
-1.991842007114815960e+00
1.880627055307469320e+00
1.857912568220659200e+00
-5.886256994053544744e-01
8.370885622262003167e-02
5.205749346424437540e-01
1.596535863444246583e+00
-1.776082824823443929e-03
1.640811299186159644e+00
6.104289286544739568e-02
1.747864420939230889e+00
1.481015603750632348e+00
-4.068638162473039444e-01
-1.840029918863459457e-01
-8.832732052984342275e-01
9.844347049035029329e-01
-1.631830301589616283e-01
