1.681715879889353893e-01
-9.324048793066550544e-01
-1.595251844702678223e+00
-1.707190392590172134e+00
1.303708331612697613e+00
-2.654799085917822765e-01
-1.549767766281565429e+00
-1.631307378225219651e+00
1.046486042173545350e+00
-1.983240968582069552e+00
-4.646987431908988775e-01
-1.078999715484512567e+00
8.782003382654655077e-01
-5.518647557562164074e-01
7.833951053070946635e-01
1.990956360363884237e+00
1.517540168391141808e+00
-7.541916921760867254e-01
-1.591318750705013940e+00
1.831195614204163657e+00
