1.183232386440338235e+00
3.616719342032785889e-01
-1.120744315935017887e+00
1.999371992178057056e+00
-8.073383862090182106e-01
-1.028960905603917730e+00
7.272372572121490464e-01
1.851704848070424347e+00
2.723741287796022092e-01
6.986508758803826602e-01
-1.755362153965420280e+00
-1.727421975747992278e+00
-1.385713632916627525e-01
1.882381937883470968e+00
-1.042127456430810728e+00
4.512668517430551418e-02
1.839011464645909477e+00
6.534246166743700179e-01
-1.134586821900956721e+00
-7.792674344522119156e-01
