-1.094457776326295040e+00
-4.670886319197826708e-01
4.901718655435498562e-01
-1.721950536558590983e+00
1.581205421554632284e+00
-1.573710848986364930e-01
1.643729279930271847e+00
-6.859612795863023749e-01
1.492123533600361540e+00
8.517766997621647462e-01
1.876103843233293045e+00
-9.658941068741988545e-04
1.003333062149020627e+00
1.366440012853750385e+00
1.081743281415946889e+00
2.217909357304552742e-01
-8.490665631963278948e-01
1.864959989245530192e+00
2.353244950252575407e-02
-1.874258272685914939e+00
