2.628229926898139057e-01
4.492470504630862171e-01
4.790387215255809128e-02
1.249885649919286745e-01
3.042243193383098454e-02
-2.401888601127494249e-01
-3.968101049541156167e-01
-2.534394271208566529e-01
2.777968499170205829e-01
-3.221824484056984295e-01
-5.058200355377762136e-02
1.292547933170864471e-01
3.957344048382587243e-01
-2.511108115509119720e-01
2.469104878572458972e-02
4.368828494187906308e-01
1.225291103317233121e-01
2.826709897279685579e-01
-1.413164741062149510e-01
-4.995376348855068427e-01
