-1.194251480135718468e-01
1.702794175158242052e-01
-5.170425679907142413e-02
-4.450527777664515794e-01
3.990133921787000215e-01
-2.489978055308583738e-02
1.994508360813058712e-01
3.799859094776747437e-02
-3.002961302662257026e-01
-2.782719615618847175e-01
-3.451490206913517822e-01
-4.311912207291102028e-01
-1.522059537615025882e-01
3.610782451604928056e-01
-3.623634009312320936e-01
-5.149777559707691132e-03
3.433961171486649144e-01
-1.834444547474709530e-01
3.737936003354748182e-01
2.330311903305781751e-02
