-4.787043914475161976e-01
2.921942361745277772e-01
-3.875446862916380741e-01
-1.364998180741093803e-01
-1.167653816867899597e-01
-8.408373576042738051e-02
2.497602798384985778e-01
-4.660718145545682534e-01
-4.943817007616060355e-01
-1.397907897974902669e-01
2.084258854052916110e-01
3.742382095466999514e-01
-7.283580461342642476e-02
-1.417243302247873649e-01
1.314269979286785128e-01
-1.546101925230984886e-01
-2.604187354206622951e-01
-4.136865723978978560e-01
-3.351983934006248500e-01
2.046957199227954494e-01
