-3.643657148677574842e-01
-6.415733829113201558e-02
3.019866921038540930e-01
-2.226129110360782759e-01
-4.269654612391846626e-01
1.262273860957726646e-01
-2.152408623951506117e-01
-1.390876164050874886e-01
4.765421459121477188e-01
1.411875608276403904e-01
-8.655445312184195661e-02
6.063717340686036739e-02
-3.797132435101286951e-01
3.175296209573429396e-01
-5.303492144325183677e-02
-2.564091433500723660e-01
-3.998351852895160041e-01
3.346216911882577971e-01
-4.062854874836245855e-01
1.931434278759897039e-01
