4.307278133267375964e-01
3.583444101985445718e-01
3.953096673313742926e-01
8.425670876042656854e-02
3.950925498850812456e-01
1.534819603773331931e-01
-1.781358018720955450e-01
1.598880819447195956e-01
-1.891370243766922199e-01
-4.659388083175746154e-01
-3.606148387275317502e-01
-4.590175378360084046e-02
4.993980580385544155e-01
-2.681387346914264613e-01
-3.204429743430763367e-01
3.762603280370193648e-01
2.585906646615055982e-01
3.573422919128244057e-01
4.769068879203749445e-01
1.203597601488199942e-01
