-3.013406496623071140e-01
4.954486328809045714e-01
3.125842168063808213e-01
-6.711979627816211380e-02
-1.273216367201612798e-01
5.111417006894014570e-02
-1.356711870175972834e-01
-3.785949687000143005e-01
2.482672552078633021e-01
2.854877319107737010e-01
2.401858438791558692e-01
-4.107116562286463601e-01
2.212008119757460367e-01
-2.208368884022801071e-01
4.126247131004204816e-01
-4.712718125962845894e-01
-2.241113499031724965e-01
3.175524875980910711e-01
-2.089875935799619944e-01
-4.946133316754599552e-01
