1.295422620995956287e-02
3.585630295147509417e-01
3.574771557112156328e-01
-2.394603193280069320e-01
-2.534363984283930504e-01
1.257459382292005490e-01
3.330804050892084422e-01
1.388883499019638590e-01
3.308004329222349327e-01
4.097532117036940535e-01
4.275865854852501924e-01
3.014349203853377013e-01
-1.991836236615505129e-01
-3.893283155629019276e-01
4.961175169749459934e-01
-4.656973793534427974e-01
1.101362265318296396e-01
4.691686103650479778e-01
-4.346038396240538004e-01
4.454474240695052156e-01
