1.234392733782739837e-01
-4.703375809531740170e-01
-4.664282131717167879e-02
1.216903643851043881e-01
-2.370178550581580890e-02
4.523319935195007080e-01
4.474516043974630097e-01
1.443917915728039070e-01
1.770704831142674296e-01
3.422683184169230675e-01
-2.323485102683864323e-02
4.678851797654624001e-01
3.069586589552967260e-01
-4.433856608033863722e-01
3.453761817238149012e-01
4.010223407846811305e-01
-1.920775671952361652e-01
-3.355422473657646565e-01
-9.647751766250778349e-02
-4.249717317207299949e-01
