2.767001549828007612e-02
-1.756301185515465324e-01
3.408842129528801834e-01
-8.926590840775694424e-02
-8.936240442363518888e-03
2.299427119106812745e-01
1.995001159141892577e-01
1.735091175237136740e-01
2.984686763090611539e-01
2.266510905689297362e-01
-2.903716655678332259e-01
4.510344880750176699e-01
-2.123791559682037811e-01
-3.150128166360564030e-01
2.230853061531923309e-03
8.067281477007548496e-02
3.804123721532007840e-01
4.330626772058995266e-01
2.859983102652305931e-01
-2.309275972088546958e-01
