3.959060813848420679e-01
-1.816357894304809761e-02
4.654660618751875756e-01
1.807331721824751991e-01
-4.318703010071883730e-01
-1.425926778312535115e-01
2.941821328387310697e-01
4.503723542784627831e-01
-4.284332068578218244e-01
-6.628337235234837976e-02
-1.267693245073236996e-01
-1.805141954000656357e-01
2.751293567178292321e-01
1.990915344884458538e-01
1.693542389932409797e-01
4.683593385611226623e-01
1.248910554985106502e-01
-4.624059340443691379e-01
8.318743841590914290e-02
2.433679045397082463e-01
