1.491001609345232737e-03
1.051838185948263948e+00
-1.465091760369498619e+00
-7.419557187896241857e-01
-1.013393913809665925e-01
-1.557942607986845029e+00
-1.055945835233422780e+00
9.537985595643778680e-01
-1.237560394876030312e+00
1.590933259116677601e+00
-1.972704035286131585e+00
-1.226349257277934424e+00
-1.573917581415395617e+00
-1.742836824851129673e+00
-1.887328594401602277e+00
-1.582417080568949252e+00
-1.114616945880248622e+00
-1.302540348757593058e+00
7.904348609463176523e-01
-1.594907045148231894e+00
-5.444157210364997113e-01
7.404070890776295322e-01
1.863683156464225554e+00
-1.468588794405287334e+00
1.398421038269626493e+00
2.927024616171332028e-01
1.676878654143159952e+00
-1.722566465105442202e+00
3.169726157394685551e-01
4.675992844717620223e-01
-1.699805427934781399e+00
-1.079468996120261703e+00
-1.266807212821748241e+00
4.899122639580673066e-01
1.898824049782339873e+00
-3.405275607410933603e-01
1.802358127702278878e+00
-1.969788959070175594e-01
-1.595284056468749601e+00
8.908123740574995786e-01
1.414944702374042240e+00
9.447648699598536481e-01
1.965726818139562848e+00
-1.911809387847734243e+00
-5.861625354317414605e-01
-1.771714332242717571e+00
-1.293846146836605815e+00
7.166988719646205652e-02
9.577848963491222278e-01
-1.376343704469001228e+00
1.674576204741926144e+00
-9.443775382762438220e-01
-6.805229251353521747e-01
-1.656601177140985204e+00
-3.733618205761124464e-01
8.045976247481996246e-01
-1.253075847510051855e+00
-3.915847233094988944e-01
-1.257449908135192196e+00
3.776290646536701878e-01
2.104988367873557031e-01
3.453282124646683826e-02
-5.944600534066326603e-01
5.267656700974092665e-01
-2.185371758690122235e-01
6.873539975429303617e-01
-3.083247388247909448e-01
-1.118866445007131283e+00
7.805861104921358873e-01
3.851090534477341620e-02
-1.869837527921835107e+00
1.596276564120672425e+00
-1.227518289487697700e+00
-1.573984571838367152e+00
-1.394847177979089192e+00
-9.325769586343741757e-01
1.715568422468556342e+00
-1.377791266704770035e+00
8.944113263412423187e-01
1.416446564178505341e+00
4.180476310624356984e-01
1.834549892641597069e-01
1.883863205538847119e+00
8.459940365660356676e-02
-7.287940348381201083e-01
1.874556748035029585e+00
-1.041826868165366182e+00
-1.720628221626274268e+00
1.966588141322253680e+00
4.768937703260314187e-01
1.410863966468921760e+00
2.912028387806628871e-01
-8.666354619886043054e-01
5.422839339146090509e-02
6.664905944507006907e-01
1.567787146196398584e+00
-1.496323637709693344e+00
1.685788324141963113e+00
-4.299542573064338846e-01
1.249144597955282876e+00
