1.574465607513260146e+00
4.411577916105162700e-01
6.919235030167687484e-01
-9.101256752359381252e-01
-1.237332775904780746e+00
-9.324506343616212334e-01
-6.904995246222362937e-01
-1.029356392743560722e+00
4.873593048283275664e-03
5.553029570292720152e-01
-1.337824444788855427e+00
-1.774885553276161598e+00
1.002126935811169961e+00
1.641208669456608593e+00
-2.525192201242449919e-01
1.159690137483477379e+00
8.990457802420057654e-01
-1.513615287478656146e+00
-1.403747967458477408e+00
3.982779094711452750e-01
5.226261110670327170e-02
-1.454013200916170589e+00
-2.830078713393615608e-01
2.121055636442092940e-01
-2.092152114483218917e-01
-7.086396101459158103e-01
1.961322377770319925e+00
-1.515321013290868990e-01
-1.422747583459796683e+00
-6.459564217207836023e-02
6.912539673024600262e-01
-2.826770330099157569e-01
9.198884720297906270e-01
-1.738751498284844210e+00
1.618014928950273212e+00
1.078901553923120371e+00
1.651263860980263676e+00
1.973320467232051900e+00
4.837654203497594452e-01
3.680398835633140742e-01
-1.600406649298333317e+00
-1.442652550237327080e+00
1.331372497975870317e+00
-5.593137297009298514e-01
-1.746696014548581477e+00
-1.887711536915248178e+00
5.535190882762819342e-01
1.717291977697199989e+00
-1.639490170529162683e+00
1.399335271800541847e+00
-1.500604788334788164e+00
-4.638924119892795517e-01
-9.202732526308978755e-01
1.407877575602889841e+00
1.171849945180195807e+00
-1.552108350562138472e+00
7.087671857612458659e-01
-5.424017304217731983e-01
2.827643072247369993e-01
1.951873483766572992e+00
-3.316593328230719173e-01
-5.459680429205393537e-02
1.728009516572973414e+00
2.188963631594420534e-02
1.189883905088235494e+00
4.938061317607775891e-01
4.739645056830164016e-01
-3.114985639785796678e-01
-1.635809206112805558e+00
-3.073233006589544125e-01
-1.535390592985546476e+00
1.881095494628225673e+00
-7.512012675428318964e-01
-1.608838825300660247e+00
-2.398892376308152663e-01
7.472998667163763820e-01
1.347040850258697908e+00
-1.191400450161440805e+00
1.434268655582436214e+00
-1.291792500065119587e+00
-1.861638837740375862e-03
7.791453832941428459e-01
1.861940115605986268e+00
3.028120044975453062e-01
1.817333745423804547e+00
-4.442095746759733288e-01
1.522897646396305760e+00
1.159168277466772423e+00
2.533426666058589127e-01
-1.436393196161802610e+00
3.741313775025276733e-01
-6.959801220283883261e-01
9.517998455775709132e-01
-1.470113894555067802e+00
1.299081094903167699e+00
-9.630798038800953975e-01
-1.237516132890628118e+00
-5.173800943934256935e-01
1.645554491088306648e+00
-4.226665224955858946e-01
