1.803234950876215770e-01
-1.951472699545226064e+00
2.737902842371751078e-01
1.471284740421604731e+00
4.189508356167648273e-01
-1.703589316995198999e+00
-7.952465567179003436e-01
-3.263381688786197721e-01
-1.050044877438484292e+00
-1.615522813814350922e+00
3.953527281299367147e-01
9.519771060261481566e-01
1.880803769087681765e+00
-1.415133639888511485e+00
-3.976936345736881151e-01
-1.899819290594022103e+00
-1.692559074888381421e+00
1.291167580376385349e+00
-6.052405203034592063e-01
8.682722867470946682e-01
-1.237301056758752793e+00
1.708902639587905004e+00
1.437068170623782670e+00
1.703703474404916207e-02
4.308609997264345459e-01
-1.776956031566899963e+00
-6.252004044907586433e-01
-1.392067032020485318e+00
-1.867045914394847905e+00
-1.330146880525087116e+00
-9.724555600857578419e-01
9.450998105130383742e-01
-5.373791111272616661e-01
1.415761407138297567e+00
1.700244285971790781e+00
1.603426241114910500e+00
1.668663031142556541e-01
-1.438940266168578841e+00
5.787266071357697328e-01
3.301118542466010553e-01
1.050667418509511730e+00
1.133153673531527073e+00
-2.537434185238724993e-01
1.581332380826871997e-02
8.763583667899981222e-01
-1.283382027954870885e+00
-8.241281860233775625e-01
-1.604985540546674194e+00
-1.760607712032856043e+00
1.488656160221248026e+00
-3.622807481627292603e-01
-1.293941818525219833e+00
8.703623301408303092e-02
-1.994704577361495978e+00
-1.629861421137536848e+00
-1.181244876389934362e+00
-8.500630159577999834e-01
-4.664466253842771692e-01
1.780562057287371491e+00
1.061993315171553043e+00
-8.070391183396408152e-02
1.278443737849499051e+00
-1.185526432232157035e+00
-7.136145047655313434e-01
1.278261118086103654e+00
1.420675726838210196e+00
-6.254044994660361567e-01
-2.032818558733477943e-01
1.421779076160384125e+00
-8.676196851127815357e-01
1.183350960242653294e+00
-4.747458668048651909e-01
6.714633822876145963e-01
1.293217407100255567e+00
-4.517081963466216266e-01
-8.334013885690474410e-01
2.762740861383741198e-01
1.474064546148372568e+00
-8.153909837430912688e-01
1.360768407422778381e+00
6.155075911908087782e-01
1.636228654065453370e+00
-9.856065873381845144e-01
-1.265793003753118207e+00
-1.905024594288972750e+00
-4.889445133181311576e-01
9.099912009472115315e-01
9.092601046982800028e-01
6.004981294415063786e-01
4.466561693486252871e-01
-1.502065019594386541e+00
8.610416019552036282e-01
-8.301419990760243728e-01
1.392735729826673818e+00
1.312429173894534618e+00
1.501155593643384023e-01
-7.509835588356845726e-01
1.891432729421986814e-01
-5.297664611836854220e-01
-4.540131798886650749e-01
