-1.033680474243463543e-01
1.514913244918809632e-01
-1.512300071382243427e+00
1.006477616129801245e+00
-7.988119177072965371e-01
5.490771950397563828e-01
1.612949837002732867e+00
-5.256001171589157472e-01
-1.926791456999944252e+00
-1.265426729265245243e+00
-1.581179216337398330e+00
1.155604204094935916e+00
1.122245485308476898e+00
-7.455053897901215976e-01
-1.556003830650860120e+00
1.789081390041003861e+00
-1.652714180320472792e+00
1.666806094623004331e+00
-1.812774039914799573e+00
-1.892843844621758365e+00
-3.760712171811237958e-01
-9.122515528204573343e-01
1.888754990154997593e+00
1.323416262149776923e+00
-8.664564846130105025e-01
1.346597654962817359e+00
1.053696636551427979e+00
-1.252205699080817247e+00
-8.831903698916545586e-01
-1.453187858282970257e+00
1.211222251952039475e+00
-7.923244954152415254e-01
-1.735662857386086166e+00
9.034416828977471781e-01
1.220747623561528883e+00
-1.510299832334375481e+00
7.776100608050198204e-01
1.286833676109138125e-01
1.665000437515339105e+00
-1.897389148806391201e+00
4.098183621307351920e-01
-1.661338637750745750e+00
5.611784001701334290e-01
-7.750581893400734224e-01
5.359405540417156999e-01
1.247445277541021191e+00
1.526384565353343881e+00
1.318665793253945395e+00
9.765001659960081959e-01
-8.383675719249330527e-01
1.206192627017214303e+00
1.271335948509965785e+00
-7.353505658011090240e-01
7.403256793150032600e-01
-9.266181350387117099e-01
-1.848786518969455450e+00
1.727237817935306285e+00
1.305318484868199125e+00
6.897526802810056701e-01
1.829267695247543735e+00
7.651075688124620022e-01
8.839932971443289489e-01
-1.374008175900552242e+00
-5.037658903779127506e-01
-2.202234119700205994e-01
1.580808786153109491e+00
-1.663555914207101250e+00
-1.933840695244646746e+00
1.229094494322775510e+00
1.558392126171436409e+00
1.151436737445155067e-01
-1.249789141636270973e+00
1.245074241980365315e+00
4.697917338137451715e-01
-4.107426413729933223e-01
-1.253475398370137217e+00
-1.033776746077870179e-01
-1.690266641594249108e-01
4.860354300005274020e-01
1.473019413318811033e+00
4.318859233792808894e-01
-6.572209844819103530e-01
-1.428794113328808457e+00
8.606668205707506125e-01
5.008414126682891876e-02
-1.045305104143331221e+00
1.430555934136128027e+00
-1.427608273358257573e+00
-7.393290862392718488e-01
1.337525122922169629e-01
7.839541861292649294e-01
-1.820466402587989307e+00
8.957692138818074135e-01
1.200519198228413575e+00
1.321376628131403219e+00
1.678852592173628810e+00
1.776707129853241529e+00
1.611522264131229232e+00
-2.547142467907517194e-01
-3.241136002931144233e-01
