-5.051244959820029301e-01
1.282398566902842596e+00
-1.515016167253453450e+00
1.644430788602324611e-02
9.765258282037110327e-01
-1.898362728287181334e+00
-5.921176695813787916e-01
-1.499076741861221418e+00
-3.276369677232935373e-01
-1.800986162075519204e+00
-8.778143074411337565e-02
8.899928781844095305e-01
1.483815333473910147e+00
-1.181758782293542254e+00
-1.193911723039487338e+00
1.342449438370329151e+00
1.548640449597205482e+00
1.714617081808928578e+00
1.276434758614415355e+00
-7.897793703656641462e-01
-4.961536642750719039e-02
-1.180903890262506639e+00
5.189637496065238054e-01
1.076761831115235601e+00
-3.739000552574478498e-01
-1.637198882180969317e+00
1.148226606242234382e+00
-3.515053664838916347e-01
-1.348209030816511778e-01
9.419986346301767455e-02
7.193689746987441680e-02
-1.889382875076743851e+00
-1.116920589045863998e+00
-1.878625958129643170e+00
7.764139695130460872e-01
7.665375222889592166e-02
-7.113946372694828213e-01
1.868995333993743735e+00
1.923457270226751614e+00
5.335611121484205022e-01
1.453239641329634679e+00
1.776612619224948286e+00
1.226674833550016608e+00
1.419322467724692061e+00
-4.494153942160146187e-01
-7.571781597047295698e-01
-1.934479630039738218e-01
7.763366261850026540e-01
2.026681800478833395e-01
5.319320188431237995e-01
-1.049555160662992481e+00
9.522520386054029728e-01
-7.722961118107982692e-01
-1.188986439146321406e+00
-1.268718427693622530e+00
8.266086914219883397e-02
1.310718163901212652e+00
-1.431659830950146262e+00
9.649673923556285615e-01
1.508421235837735797e+00
1.903626207942723525e-01
1.455458753535209926e+00
1.957236758485419337e+00
7.223743147454628755e-01
3.542188982359872895e-02
1.464750717175716588e+00
-9.221569665472784116e-01
-1.554641587309086859e-01
7.506143398359528263e-01
-6.766388047863696187e-01
-2.820357756180911224e-01
-1.965413079550852871e-01
-1.029320251652081630e-01
-5.306362721282282813e-01
1.416737737898039473e+00
1.867080442444730703e+00
-1.916990713860356799e+00
-1.160042963569412944e+00
-1.275301141443320407e+00
5.347422603547524744e-02
-3.197723119208393250e-01
2.042363178751505082e-01
1.768605896227269714e+00
7.725078356386427814e-01
-1.756488976110820666e+00
7.634889050226831841e-01
-1.909029629644394710e+00
-3.964260841682225589e-01
1.932068636830817088e+00
1.272336659770566758e+00
5.498254588441300328e-01
1.313799525735326323e+00
-7.755870959049566693e-01
-1.330147327919477984e+00
-1.362698027431180847e+00
-8.320581181578075025e-01
7.800240837745482381e-01
1.626475792908792961e+00
-7.406699389915130105e-01
1.471324750556336713e+00
