-1.694120473464161503e+00
1.495744632429838461e-01
-1.662895097730889837e-01
-1.847653288702451047e+00
6.787347828200553934e-01
-1.472502381322236431e+00
9.005401773195496062e-01
-8.523829893290444382e-01
-6.960111095113759028e-01
8.116746859860453078e-01
-6.860441076364787172e-01
1.240685060036774257e+00
-2.079831583268303419e-01
4.359037601313100474e-01
8.268482690619474162e-01
-3.592459143743491623e-01
1.079562712932130797e+00
5.239459111965727445e-02
7.240663850921200684e-01
-4.592497635975631987e-01
5.937756604329789134e-01
-9.312702719959791153e-01
8.900165607453880412e-01
-1.642551656408531624e+00
1.970426067754782462e+00
-1.708729944516441002e+00
-2.912960926831589248e-01
1.665904568285255127e+00
-6.023493180693226812e-01
3.029214681507603757e-01
-1.283016416344944233e-01
1.482993550490947054e+00
2.358332966220264559e-01
-1.958137831978846055e+00
7.221068781046957596e-01
-1.487985423696068121e+00
-5.540142452382665894e-01
4.412521799631861086e-01
8.186817339577947550e-01
-1.331174645451079996e+00
-4.633089240359637984e-01
-9.232280102759924389e-01
4.525074715291119709e-01
1.032715767799405882e-01
-1.560368035934855069e+00
1.224464198096919532e-02
-1.164530045323905583e+00
-1.527250235473552209e+00
1.992446529509545261e+00
-1.228443172826602758e+00
-1.933991285149248895e+00
1.513556210580669692e+00
6.769752845204322078e-01
4.910800795553948994e-01
5.125356239083203036e-01
8.599206489991479962e-01
-1.931967793037927095e+00
-1.219077475709311464e-01
-1.191713590070179407e+00
-8.253462256069323821e-01
-5.836928833097281277e-01
-5.512333761759746764e-02
-8.585661769542403121e-01
4.315440663935228294e-01
1.629946209436635929e+00
1.293600517058107968e+00
-5.662209721274824581e-01
3.713060024673153769e-01
-1.102924242579287117e+00
-1.675589571080265294e+00
1.539547211856020503e+00
6.060493850328398935e-01
3.074715989091405532e-01
9.442482700517511596e-01
1.525221060472542245e+00
-1.633848241337796825e+00
1.282142281338980450e+00
-3.813641782253944790e-01
8.384085139088837124e-01
-1.127482144836587263e+00
-2.610365664567044774e-01
-2.579239875936254478e-01
-1.534705727100232231e+00
-6.886947996263224070e-01
1.509739995199725460e+00
1.349114653693560761e+00
-1.923904658665055667e+00
-1.311630506351900927e+00
1.042259861937195442e+00
-5.673352957942396912e-01
5.159384476738182457e-02
9.847013058011455655e-02
7.872386146758048042e-01
1.459337234196440125e+00
-1.743151762857570120e+00
-1.025626554940557433e+00
-2.797801778520629945e-01
1.019755763960323414e+00
-5.406915548494013457e-01
1.278056776946503881e+00
