1.563400288986542819e-01
-8.024950726714417115e-01
9.359669337343916595e-01
-2.941855199869363169e-01
1.964476918578100140e+00
-6.136628303979900778e-01
6.154588732327876954e-01
-4.060938987577822346e-02
-6.408372885575839284e-01
-1.233340492166739466e+00
-1.112365382178985840e+00
1.389232562401338633e+00
-1.936694777599169637e+00
-1.336952151768762143e+00
1.804480976815039828e+00
-6.655966698722002306e-01
-1.846446174577860422e+00
5.376350023638756248e-01
6.598525890484587819e-01
2.357805161334427524e-01
-1.247795450204699730e+00
-1.674550954956739446e+00
1.301045498180216420e+00
6.889667325209454241e-01
8.746951558634905588e-01
1.029289027204169482e+00
-8.450585196588034087e-01
-9.375400268544784588e-01
-5.549587709825023474e-01
1.609316747724629959e+00
-9.430613472419953069e-01
-1.743053217125771770e+00
-1.011725795000965711e+00
1.547999337295013156e+00
-1.953713675567300356e+00
-1.285035001199886562e+00
9.684753970909243392e-02
6.508957894054110405e-01
-8.302463153376393734e-02
-7.737257342389538550e-01
1.605102718715278876e+00
-1.466146213179419178e+00
2.395992990452131544e-01
-5.458731188151642044e-01
1.264069377742025768e+00
1.298972568160524865e+00
-1.951505898893036495e+00
-8.657191763377483085e-01
-8.308672395542266997e-01
-7.799359720482335057e-01
-1.633943653505103288e+00
8.625438041713282544e-01
1.689367393243322635e+00
-1.279543206492564256e+00
-6.137545563019086714e-01
1.997479255663772157e+00
-1.327843855848775068e+00
2.480940465406811235e-01
-1.604012016474881452e+00
5.263957939242800421e-01
-1.146145140703457965e+00
1.087576376556526281e+00
2.873585294105724941e-01
-2.928867554780589799e-01
-6.150497818322606669e-01
-6.355872102322277506e-01
-1.628154016626330858e-01
1.734298508973879382e+00
9.080231234856905864e-01
-8.116268239456672084e-01
-4.199457843217984099e-01
1.999266750162436157e+00
1.700495097736406613e+00
-1.197339405502737986e+00
7.765795893477767109e-02
-1.009738953815429330e+00
-1.082116900686377559e+00
-8.618603348056184110e-01
-5.676727885806092111e-01
-3.961179838439590206e-01
1.448384210424624730e+00
-3.947403172855752373e-01
-1.866634664794692533e+00
-5.673798181209859237e-01
3.775204788680337487e-01
-1.180176384273313062e+00
-1.648255034854595902e+00
1.109421696735957141e+00
-1.609625649661616364e+00
8.480878519516599212e-02
-1.798257099696597638e+00
-1.460576716631602601e+00
-1.139088848494009820e+00
-1.045786958977849679e+00
1.292714027914323438e+00
1.760867085355449557e+00
-1.362108845572476579e+00
-4.388826771811777938e-01
-1.171505921091680502e+00
-2.208167271527932130e-01
