-4.811773333269488973e-01
1.209487916948919217e+00
1.051954588117996803e+00
-7.018902295354916276e-01
1.253602510364117961e+00
5.591392258363465650e-01
-1.297395236345752600e+00
-7.524840332945696986e-01
7.703855130462646805e-01
-1.653594640814834094e+00
-4.753416439428290730e-01
-7.651526580225391783e-01
-1.209886301326142277e+00
1.073416756102297143e+00
7.540741128092758316e-01
-3.050078471736190622e-01
1.051828433071090085e+00
-1.616835622445300658e+00
6.043818855870153328e-01
-5.956924483571750528e-01
-3.012591767770587126e-01
1.999366602495589174e+00
-1.437679024771480574e+00
-1.262467490096281786e-01
-1.354265071427932288e+00
1.584931939863741146e+00
-8.574152398517824736e-01
1.077826850671319558e+00
-3.905537532630183328e-01
1.189963592317000440e-01
-1.741051245828417748e+00
1.350900575181865904e+00
5.169974223293962723e-01
1.196065198401390806e+00
9.958189976842128921e-01
-1.247957763427263167e+00
-9.695070742323630419e-01
-5.084464167059397077e-01
-8.961418760197292777e-01
1.515872897688309795e+00
1.429985458428046474e+00
6.622532537413321485e-01
1.196890847006818248e+00
8.008340855409836756e-01
-7.068198110861674266e-01
1.798858540566000919e+00
7.664782826622542622e-01
7.781415947409842104e-01
3.001656448881453443e-01
-7.154596573401477144e-01
1.107628178410785758e+00
1.126877310563778600e+00
-1.459165757927050056e+00
-1.950703568145838229e+00
-9.859712317410496141e-01
4.970244144595517000e-01
1.695653379746024925e+00
-2.325252499288987806e-01
-1.398708418242335938e-01
-1.470064669237606481e+00
-1.707814261152100777e+00
-4.250301598540291437e-01
3.160629396949503622e-01
-3.797328017417775925e-01
2.116784498142334492e-01
-1.749082741628096294e-01
-1.529221331070353074e+00
1.061771895431562474e+00
1.595184250241486801e+00
-9.452582110916911695e-01
1.629815370048048884e+00
-4.151830402442944212e-01
8.798885496186663602e-01
-1.119792102483420759e+00
8.000706995178732406e-01
-1.911065015543360168e+00
-7.474420872649791825e-01
6.805091574506172414e-01
1.958395821166546202e+00
-6.156430684488887195e-01
-1.706988802625629909e+00
1.157599669700091205e+00
-1.221169452175482562e+00
-1.507670127276089289e+00
-1.107426837321034974e-01
1.982369787286263119e+00
1.153020198570610777e+00
-1.516571285558115267e+00
-1.396055205417658485e+00
-9.580165805493670028e-01
1.062563799916259821e+00
-1.842825101627548534e+00
5.577175379991117232e-01
1.586665233017556798e+00
-1.094197592920651996e+00
-2.525363709194259343e-01
6.337771015793456364e-01
-1.955603743402479111e+00
-1.672119652095836351e+00
8.086295715155631392e-01
