-1.601143588425061548e+00
-1.021553620969644971e+00
-9.197884872694310765e-01
-4.085161240207053623e-01
-1.079609068799354255e+00
9.253789871287221303e-03
7.166395563225913534e-02
-6.539641801602025240e-01
8.476235243789078666e-01
-1.542756059438743499e+00
9.328625002556774071e-01
-1.841029482435402986e+00
-8.327293591294164798e-01
1.695239849870311843e+00
5.940921775622056700e-01
-1.440930707685274648e+00
-1.925406674588153066e+00
8.353850472046726594e-01
-9.187241615890062718e-02
-1.392180411427336395e+00
6.564693265712548964e-01
4.037849624527258818e-01
-7.731124782754026370e-01
-1.276079638328285082e+00
-1.644583034918206454e+00
1.742635223372949849e+00
7.809356340107607153e-01
4.767293815890920605e-01
-5.763957150744531965e-01
8.104843324045032382e-01
-7.567027954577287829e-02
-1.478522448580350535e+00
1.680739784307985207e+00
3.333819165021449926e-01
1.039488081781168916e+00
1.095102749050690161e+00
1.140022785828477048e+00
-1.539891387376917553e+00
6.614588063260828932e-02
1.439576832688845176e+00
-9.286708558890759413e-01
-1.026079080105601005e+00
-5.373902839167019607e-01
1.617626036463892802e-02
6.702408586207280194e-01
-8.310480280280754251e-01
1.892954378188869580e+00
6.870674972919901258e-01
1.454368836938090936e+00
1.993514541711479904e+00
7.410930470427321559e-01
1.302008684848798392e+00
1.434226811616956532e+00
1.364748751278063832e+00
1.530739718042075204e+00
1.876457177273717303e+00
-1.773838177540623562e+00
1.808509819968421972e+00
-8.870153513386682675e-01
-1.997472473762762935e+00
1.098424634205740880e+00
1.912177021179125802e+00
7.813729256811940971e-01
-1.631502060990414726e+00
-1.133472641917883550e+00
6.137174002677352469e-01
9.889635060321433357e-02
1.139234318697342818e+00
3.636441385702635642e-01
-1.761467616673173975e+00
1.276133007212242543e+00
-6.166580381498936170e-01
1.051203898271662052e+00
-1.869076923963199466e+00
1.784360419243268936e+00
-1.316253886259872274e+00
9.312785365288269723e-01
-9.140290391393151026e-01
-6.623190456806682391e-02
-9.974740143924649693e-01
6.988560053155308260e-01
2.117367225291939548e-01
-5.464070861565901716e-01
1.504328284960217754e+00
1.206383749025325081e+00
5.488776280314651146e-01
-6.010314041262603268e-01
-7.886562030510471111e-01
1.525903176554915586e+00
-1.533836123229073145e+00
8.525357653442933170e-02
-1.857148253550515271e+00
-1.322342192389315496e+00
-1.048179442213710288e-01
-1.041433022363084326e+00
-1.891580617665667319e+00
1.111649611041437780e+00
-7.045853675976530006e-01
-1.242136262285741477e+00
1.200215166359527963e+00
