-1.563094766132855362e+00
-1.186039015160802901e+00
8.292686162118854121e-01
8.956356263541387364e-02
1.769488177283191632e-01
-1.184805684343835264e+00
1.359516135638577428e+00
-3.805047889065158451e-01
-3.280607475096100067e-01
1.209688592343199698e+00
1.792793474730363990e+00
7.507626003324880948e-01
1.455126706474438869e-01
1.512712332646781732e-02
-1.216163225258526381e-01
7.948336666249344873e-02
9.530828215142386206e-01
-4.939308059190046230e-01
-1.026022346731736867e+00
-1.121947636101472856e+00
-1.677870733382469393e+00
2.360676626251612120e-01
8.610800545460706168e-01
-1.586374249348490473e+00
-2.857023829589744324e-02
-2.838324129822957786e-01
1.996032674999122847e+00
1.522806988583725651e+00
-4.477960947596919539e-01
9.028572914765642388e-01
6.554985111557174449e-01
9.964796978269849781e-01
-5.239141603537511571e-02
1.225838372279797195e+00
6.987647781670638381e-01
4.085905541689256459e-01
1.279917932737905328e+00
-1.204985524751132075e-01
-1.079787407144345845e+00
-7.040270150940672877e-01
6.062100460139596692e-01
-1.058788369885461211e+00
-7.463342782091544336e-01
3.340600303988763287e-01
1.414393065921021986e+00
1.061094817076124297e+00
7.353427924155662154e-01
1.367744176602592177e-02
-4.779441670961515065e-01
-3.793498327309472451e-01
-9.087569672333679627e-01
-1.178722129390524564e+00
1.829238644650933221e+00
-1.715461890550502577e+00
-2.185340550010121952e-01
-5.820352679981914967e-01
-1.654275109514276032e-01
-7.574127981792058151e-01
-7.036738597196166012e-01
9.011233070731319295e-01
-6.916446028858533879e-01
-8.086634380386219512e-01
-1.045079506356898946e+00
1.944903353582349226e+00
1.758597175003633772e+00
-1.696787679942390881e-01
-9.107446468553024310e-01
2.560394854111964769e-01
1.262413452366820454e+00
-1.178130601668258226e+00
1.736551421957456931e+00
-9.582794178965539089e-01
-1.964306525928676272e+00
1.271023065784117279e+00
9.430196923903593209e-01
1.692541152840827845e+00
4.552268563887471586e-01
-5.153631072579578642e-01
-1.045321438764103661e+00
1.693748022131986275e+00
1.679958088012924122e+00
1.713626078287435739e-01
-1.738049117314751868e+00
-9.547014552343773275e-01
1.616389366747300826e+00
1.427806060362977192e-01
8.786297934209961191e-01
-1.335724166589082884e+00
9.029107616713769602e-01
-1.107691041930034981e+00
-1.756399432887917555e+00
2.081033592330974180e-01
-2.114110106646216458e-01
-4.575212993834796293e-01
1.221046237356779418e+00
-1.268084860553759352e+00
-7.317855338706529267e-01
1.765031038451874590e+00
1.419474635014839059e-01
-6.555782995011378844e-01
