-1.266306872406512962e-01
-4.061647664957940274e-01
-2.267101622961786855e-01
-4.512227323627222564e-01
3.311248610963840600e-01
4.705170962532970735e-01
-1.513901392011518521e-01
-3.247177127282754316e-01
3.693519975585579651e-01
4.703885732537196329e-01
3.866103353949852384e-01
2.566870010686130854e-01
-3.314658017150048375e-01
-1.901670392027565715e-02
-2.442568583072365351e-01
-2.033386203572321582e-01
3.338197858115021788e-01
-3.295976042005513973e-01
-2.905321312730284600e-01
-3.255300610034561615e-01
-3.664895061007172883e-01
4.303876256813559120e-01
2.489776516438468867e-02
1.031075627835703612e-01
-3.453185354319204814e-01
-3.595597866259542252e-01
-1.654883876014353605e-01
4.282576074602992833e-01
-4.850808100649640631e-01
3.859617551642646749e-02
4.929502043385862731e-01
-4.001257547035541595e-02
-4.941835364358061478e-01
-2.233764936307155446e-01
4.837765146886449097e-01
-7.042390384890673261e-02
4.414701577509877461e-01
2.403794567406505323e-01
1.802629817069503204e-01
-4.057964885202164362e-01
-3.995950863658899177e-01
-3.257927322102404100e-01
-3.866552860039864647e-01
4.082586157411951522e-01
1.794157055075680240e-01
1.496796093210037704e-01
9.466630292689726112e-02
2.095169199282369554e-01
-1.855560694284390522e-01
2.666352196010073339e-01
4.060615034942059998e-01
-3.219499202016965489e-01
1.429220363636498625e-01
-1.891505669985638072e-02
2.992144378630705592e-01
-4.373428424364689260e-02
3.452441094146835310e-01
-5.632442979161333962e-02
-1.951585241523431380e-01
-7.666404932769188552e-02
4.239034719420562425e-01
6.381557181228070252e-02
1.649910372053500218e-01
-5.853907372905742257e-02
3.123186123009444870e-01
2.578176331650726683e-01
-9.219142128980872819e-02
4.060434131723640316e-01
4.829881604236430093e-01
-3.971285300524696193e-02
2.839272843099549526e-02
-4.318107245284885654e-02
6.272776254564471632e-02
3.553003449500811151e-01
3.972975395235937013e-01
-9.916450395947018492e-03
9.459063511118848133e-02
-1.454408936732084490e-01
-4.674703872406362759e-01
4.806362288872831900e-01
-2.728390244843855728e-01
3.041372442287118005e-01
1.349974852818165427e-01
-9.725482991718059633e-02
-2.374365515192375931e-01
-2.642234391351819811e-01
3.953604473476766135e-01
1.136402077450215931e-01
-2.415565461120662283e-01
-3.602330991969121543e-01
7.877678761413109410e-02
-2.248050578843323599e-01
8.279372062691137124e-02
-4.613462756976559609e-01
2.694411455097601715e-01
3.249155432677659494e-01
-5.436353499412227563e-02
1.399882820059531463e-01
-2.019500603230615088e-01
4.432873015311967757e-01
