-1.285555265848301598e-01
4.646204943039800028e-03
2.433883635101226073e-01
-2.865060676248861737e-01
-2.155897820536629705e-01
1.268681951350206782e-01
-3.997664852756349640e-01
2.574144212753849414e-01
-2.526452156881024980e-01
-1.893528252735506845e-01
-4.104692391042197297e-01
-2.077146235037616862e-01
-4.945684056110432048e-01
-3.004781212849061411e-01
2.229633469195562157e-01
-4.271427258588045284e-02
4.809779618051597261e-01
-2.919360216217670168e-01
-4.545877839506988760e-01
3.486069255583711390e-01
4.536392598142571231e-01
-1.660087912642762564e-01
2.725753704243109032e-01
4.203777516530117220e-01
1.448754781091931010e-01
-3.009669756590079848e-01
-3.033172287513608012e-01
-4.509367072119494502e-01
8.930870185210759704e-02
1.644444297718472559e-01
4.915360719764179098e-01
-5.692518137030710967e-02
1.565565803079275176e-01
-2.293949932444581119e-01
-1.891365573755499074e-02
3.843569114066327508e-01
-2.002793697893401337e-02
-1.139258385022779985e-01
1.972257870988728401e-01
-3.208929748911460988e-01
4.277903319279394712e-01
3.768885520058734562e-01
-7.309565689271257938e-02
-3.216795540501055095e-01
-3.180466861015185387e-02
7.213569144710774150e-02
-1.215328887511626377e-01
-1.396180661962859171e-01
-4.001762422078212200e-01
-3.622986106302977793e-01
1.564448910790722236e-01
5.872740438316259581e-02
-3.758098317636696661e-01
3.111607049623522636e-01
-2.185344092844238029e-01
1.511812538340101542e-01
-2.684586236750530208e-01
-2.500948151349896564e-01
-1.507827838019010214e-01
-2.269643149134610294e-01
-2.782765247983964851e-01
-3.365433299115970778e-01
-4.027620175767560040e-01
-7.604287021122213552e-02
-3.434813239377531024e-01
1.608398987770489619e-01
-3.582563518547832171e-01
-2.733919133273908786e-01
2.347097272520218825e-01
2.403916462666922937e-01
4.282909298168079415e-01
4.783030547810468436e-01
-3.030225312584344799e-02
1.224037007325332604e-01
3.615146569034397572e-01
-3.230320966927449078e-01
-2.878352384083198157e-01
1.775865916587188176e-01
2.811491486300663478e-01
4.401728862486126159e-01
-1.616432734530592885e-02
1.763162439821632788e-01
3.746461891391332788e-01
4.120572729786379229e-01
-4.148531092169797097e-01
4.840595026491103514e-01
3.411091200703678661e-01
-8.137901654355406134e-02
2.913550322302775886e-01
-2.927467503136809146e-01
-2.940958232885751977e-01
-4.127687262094407172e-01
4.896517438387910648e-01
-7.696573995321198680e-02
-4.880481439042201330e-01
1.016415875473952735e-02
2.807606038234459200e-01
2.856490327749593439e-01
2.704431449410202859e-01
2.167635426292213729e-02
