-2.136658444773175125e-01
-3.816292883813665604e-01
-4.502090401166517486e-01
8.274771724400742379e-02
3.856161052206410478e-01
2.602773905152260259e-01
8.889809802306825048e-02
-1.818576420301464269e-01
2.807083500496105888e-01
2.515744282040267565e-01
2.923130613594897564e-01
-4.077645091208562667e-01
4.586649681277662483e-01
-2.420765032811633688e-03
2.593191811875560360e-01
4.469933097228420138e-01
2.463411215995997550e-01
1.123661613513893265e-02
1.602880623327851417e-02
2.243037058131084338e-01
1.015144766882720706e-01
1.078132236755351414e-01
-2.349269800440223488e-01
-3.893749321890882520e-02
4.751436959469335086e-03
-1.491214737020144510e-01
-1.256354424741376041e-01
2.226045868075351430e-01
-2.979274923435518696e-01
2.264171084947074197e-01
-3.243950399138034735e-01
1.440870023911202669e-01
-4.729931687020628717e-01
4.881530090018330048e-01
4.789499886507834203e-01
-2.363492480579781896e-01
9.695472849712183372e-02
2.428352170025604995e-01
4.099754590537773025e-01
-1.777382196614381016e-01
1.375897253586266800e-01
-4.642308021792288519e-01
-3.194608357556222300e-01
2.934280429746520813e-01
-3.902369267097083316e-03
-3.398954190832589317e-01
3.399230621050066681e-01
-2.984268117010202559e-01
3.955633909710298823e-01
-1.873241722495100348e-02
-1.226919096505639795e-01
-4.224204256043717631e-02
-3.468258210008698939e-01
-3.979712305073418444e-01
3.616429368620613927e-01
2.846468772691954641e-01
3.617632976807737544e-01
2.142239108842158846e-02
2.566237093767771427e-01
4.857456095170920030e-02
2.869264020209904009e-01
-1.364576191871335054e-01
-1.284745436167021859e-01
-6.322177658437333481e-02
-4.837151894803901619e-01
4.353109493235499672e-01
4.780160059173258480e-01
3.488314217513962534e-01
-1.076584245872662660e-01
4.290482061058527030e-01
-3.012355541381399604e-01
-1.131842134509803977e-01
3.649294788860429906e-01
-3.491600257683040720e-01
4.140168054057491442e-01
-6.093722972498538670e-02
-2.539225690579448580e-01
-5.134144693109898849e-02
-2.044644413884368905e-01
-2.312266926113788479e-01
1.261931104137803406e-02
-3.414578621822039750e-03
1.890165364767766309e-01
1.402230762388911867e-02
-3.316361945124660648e-01
-3.127020765104644440e-01
4.216096930570553125e-01
-1.974175442772204692e-01
-1.175478861798784358e-02
3.332623412016381126e-01
2.669833284376821325e-02
2.160830832532593115e-01
1.369240791414504388e-01
-3.678073965273273016e-01
3.991126974508785175e-01
2.480339000271225558e-03
-3.728403042096871678e-01
-2.746196845361538186e-01
-4.088446978318899250e-01
2.439763243955300753e-01
