-1.690965537011016595e-01
3.728262119628591442e-01
-4.014430369355433958e-01
-1.574792546726978548e-01
-2.894877867892959866e-01
-4.396864873913282068e-01
-3.208412438775634090e-01
3.449172946551165575e-01
1.903852039184152911e-01
4.285985341679487970e-02
-1.407256457543941686e-01
-2.311116934108827792e-01
4.579352827211828902e-01
3.106715123951249158e-01
-3.628569953950029348e-01
-1.019735183584922211e-01
-4.056245133870807207e-01
1.456611817972728318e-01
-1.037053731862299655e-01
-4.253469379997558697e-01
-4.298042880272539001e-01
-3.143159381078974857e-02
5.550764059180146592e-02
-1.136468381117862192e-01
-4.598497329186916893e-01
-3.383744225196069211e-01
-2.575998602369740098e-01
-4.829900934538556845e-01
-4.558374856063606151e-01
1.512517685834876557e-01
1.746643471829700811e-02
-4.364646092208893657e-01
-4.931501480389911540e-01
-2.284490835470172065e-01
1.775501723108838803e-01
2.042984234023444978e-01
2.632774894070566418e-02
1.135574389064301082e-01
-4.946251635469292030e-01
4.579642610336340791e-01
-4.484986251716168715e-01
-9.304661806076708341e-02
-9.690222749324339802e-02
-6.899218870345236176e-02
-6.981594361383725023e-02
1.648564000612317004e-01
-4.859632254708201593e-01
-9.654203356402368819e-02
-1.075682030544380385e-01
3.568998207514503251e-01
2.917277071286383805e-02
-4.337084846703915808e-01
-4.527478138350682357e-02
-2.816624590569493103e-01
9.979398833621866416e-02
-1.928387222191577655e-01
3.855324121174834584e-01
-1.668713317125575246e-01
2.127112878688636188e-01
1.706809473161066126e-01
-1.871153779306693465e-01
4.544083623481935952e-01
-3.522303941579767450e-01
-2.658014285523854214e-01
-4.783742810317076488e-01
3.154619739743339535e-01
-2.440010489550960004e-01
-2.383911185402890487e-01
-2.614870951434244972e-01
1.046689620811447341e-01
-1.878177731611742063e-01
-3.819682318306955038e-01
3.867981731346175067e-01
3.777222409803137060e-01
-2.045940684622413741e-01
-2.498016898260972951e-01
-4.430307089259244435e-02
3.839462031174699641e-01
2.896460568578038686e-01
-1.629913764060105796e-01
1.771525121154341464e-01
-2.928201293940175809e-01
-3.426779018801627830e-01
-2.240870717124110456e-02
1.283532005891776517e-01
1.374377896655983866e-01
-2.927880768111832399e-01
7.147770134525177621e-02
-2.337698716212327499e-01
4.081498557428301366e-01
4.800825715347009082e-01
-2.571218961838988015e-01
3.850972498674328781e-01
4.702732902938915327e-01
-2.685882740126268597e-01
-4.805390771709885378e-01
-4.535162592126451564e-01
-4.590897021511443077e-01
4.748118375200401919e-01
-4.760871614516094530e-01
