3.633543724413943465e-01
-1.854841561773198366e-01
-1.219151136011644709e-01
-7.284564876082488816e-02
4.332516033144895307e-02
-3.307807930901721649e-01
-3.958169164543076102e-01
-1.306772080660925095e-01
-4.368237584842427079e-02
-2.734054226956256217e-01
-4.162582785291442100e-01
2.153065855718783173e-02
-3.085668725008620106e-01
-2.761069273589887851e-01
-4.171862916113766584e-01
-9.133895942768499587e-02
3.636890699529238269e-01
1.874994830880466479e-01
-1.846381321136991716e-02
1.860693367655572583e-01
-5.780298594648380917e-02
-1.600651361914345872e-01
-4.804910864498920242e-01
-2.281416189279146245e-01
-5.899448535563101004e-02
-3.170502403779827949e-01
4.597625458151948230e-01
-3.146853341110614766e-01
3.807403035616746534e-01
4.649281055064592438e-01
4.357835179328222175e-01
-1.973854695303186579e-01
3.965441929277925270e-01
-2.055707369076947844e-01
3.006707009339302239e-01
8.912616252065008737e-02
1.949499770630985784e-01
4.617686301371873858e-01
-1.610610777309415820e-01
-4.052975209929825517e-01
4.692324112658124990e-01
2.421131525339030865e-01
-3.933803388978197590e-01
5.256227952160796857e-02
-2.348552610951095687e-01
2.918008787066413978e-01
-4.349342981304676892e-01
4.976120762799524089e-01
4.158403338209381017e-01
-3.075495810522347329e-01
6.370082704113211314e-03
3.882241378381854346e-01
-8.197872877771761324e-02
-3.546226332524349267e-02
-1.997243237833276064e-01
-1.330277970021116474e-01
1.797454634821094022e-01
-2.616253841938201985e-01
3.714444472855255031e-01
-2.355324656461719179e-01
-2.242507320345388244e-02
2.730813827111497893e-01
-1.538009376582792909e-01
-1.866794997895893093e-01
-1.904388318030049154e-01
-3.729324690270626741e-01
3.840349372678909523e-01
3.483300095739143565e-01
1.513490778418762339e-01
4.271819183769576256e-02
-5.944432769663976490e-02
4.071465146442828642e-01
1.522351980988694287e-01
-7.710423780375108560e-02
9.744864159813737547e-02
4.724390673472702584e-01
3.738558363408919227e-01
4.444887281671657808e-01
-5.995654006215822562e-03
1.504065175209970961e-01
-3.993832633250353759e-01
-3.214477195110815311e-01
2.440598224163159635e-02
-5.017093254866189511e-02
-2.926997593276974285e-01
1.460598272344793003e-03
-3.076822289637578534e-01
-2.596078085447954820e-01
1.509854986759600060e-01
-2.536352725041668421e-02
-4.244141491386915765e-01
-4.854682211312812967e-01
-6.687993319752338905e-03
3.487608294650628160e-01
-2.695661334846299884e-01
4.987115138062632180e-01
-4.332177469447525686e-01
1.645620710215677240e-01
1.263164008689134921e-01
-1.021411367407096815e-01
