-1.839834451881240396e-01
2.316928989544931872e-01
-3.354077029662667631e-01
3.627420226542465986e-02
-1.650632243703881175e-01
-4.445441689756436388e-01
4.296187012995023036e-02
4.011792041697497258e-01
3.128880436798703313e-01
-7.686238876477502480e-02
3.030986160511220939e-01
-3.633005580026950065e-01
3.424016099939219959e-01
-4.304562657107525725e-01
3.508069613402552411e-01
2.624530534423500372e-01
-2.967569964150464923e-01
9.139987992530240746e-04
-1.512376636192219737e-01
2.167676635694582021e-01
-4.055712084275997498e-01
-4.165567735110390357e-01
-1.817620209970906009e-01
3.085375843000401908e-01
5.242307523014533288e-02
-2.396790571989391161e-01
-2.043648032127498571e-02
3.043287135629045848e-01
4.242463474893447550e-01
-4.913848256632435962e-04
1.129979450745516312e-01
2.559416821492159766e-01
1.552165711082201804e-01
4.090876983541499312e-01
-4.279631045386201871e-01
-1.601410391748858686e-02
3.670400575690607736e-01
3.477464731954588162e-01
2.931769681537895744e-01
-1.953195028581428128e-01
2.611411674410656358e-01
-3.153606180842349893e-01
3.132254955267139707e-01
4.211275382497997599e-01
3.593819237914538389e-01
9.141851694219327307e-03
1.940533654677299991e-01
-3.705498451214779276e-01
3.460726005751603163e-01
1.486740079450366014e-01
8.762036877410084301e-02
1.900822634536951661e-01
3.607366083721418315e-01
-2.073956137696377766e-01
-1.815117316894462318e-01
-3.488918629370666435e-01
-2.886823736711969790e-01
4.326562693527651327e-01
-9.943030335900160388e-02
2.363833617766971651e-01
2.876828128607968882e-01
1.638251673948742937e-01
1.806020476317370393e-01
1.428589530202338809e-01
-1.076314183810987979e-01
4.775038959595800936e-02
-2.475762141665456273e-01
-3.867007145605677598e-01
-3.321705953025257951e-01
3.411310241750209471e-01
-1.451171720235703289e-01
-2.404585263161375108e-01
3.731306611916130889e-01
-1.293158497444222288e-01
-2.146114180839976404e-01
-1.761547675140878733e-01
2.562085211654789862e-01
1.195436209221346635e-01
3.357892790658509874e-01
3.343435899295984504e-01
-1.414969976631826887e-01
3.290953374251281982e-01
-4.102459744497984895e-01
1.296524619943223433e-01
1.741084736820979195e-01
2.874875303737618459e-01
1.451958722762480836e-02
-4.669458951117332335e-01
3.034338679668170391e-01
-3.063842149670678028e-01
-4.767305153045136024e-01
-1.781629287598994749e-01
4.391100825669191909e-01
-4.536564843660529922e-01
1.091803145401581965e-01
1.011007389425653269e-01
1.705822026549672632e-01
-2.379021550367490523e-01
-1.118391599080531540e-01
-3.237887683389444327e-01
