-2.661275468213669670e-01
2.576579510004728402e-01
-1.678572937568082457e-01
-8.454093809669671611e-02
3.984685011191650972e-01
1.244690715832542649e-01
4.180404973702426252e-01
-1.183024439292084118e-01
-3.544887483962217978e-01
-2.797338621713535423e-01
-4.245701578214454708e-01
4.243818601644712141e-01
3.038434967858671953e-02
-9.658641727987915537e-02
3.738436119248365053e-01
4.880916126441379177e-01
2.387519054875077984e-01
-1.236698368174562468e-01
-3.194328097841495628e-01
-1.533568036788788280e-01
-4.344941069545998902e-01
-4.576334598203802839e-01
-3.241669643618434460e-01
-4.694366382721805175e-01
3.893943388304099695e-01
8.368728557255733502e-02
-3.016409024233590586e-02
-2.198125381619641106e-01
-4.969518075134666812e-01
1.076444415990203129e-01
-1.535181651591166485e-02
6.203729577312577792e-02
4.986725300476938516e-01
-1.927457656209218273e-01
-1.298311309009467784e-01
-4.954026842623696636e-01
4.221213655838994550e-01
-5.620030191477287662e-02
7.127061988357241695e-02
-9.072233228716497511e-02
4.966494330133699453e-01
4.431373108087474089e-01
-7.206415689725453877e-02
-2.163721486757674839e-01
-1.361610116257808700e-01
1.454787231099010647e-01
-2.415277335061875030e-01
1.519898056427558819e-01
2.758970440044341554e-01
3.186318220189291450e-01
-2.644547409558587470e-01
-4.774045771647932312e-01
3.250865656124101166e-01
-9.275995090769562079e-02
1.454186228091830513e-01
-4.685613796065023484e-01
4.754672786500518944e-01
-2.060188234578239630e-01
-2.248797311874710658e-01
1.490160656961094787e-01
-3.773733184455940748e-01
2.933929233704229977e-01
-7.917407401778775444e-02
-4.899702164969091944e-01
2.976351062405433456e-01
4.773991051450973133e-01
-4.053640525480395329e-02
-2.194647048418185697e-02
-1.688900488102978992e-01
-9.435542460458412606e-02
-4.068216546942072798e-01
4.755186650508596014e-01
-3.019386582264034224e-01
-8.627083869056884069e-02
3.180464686604715929e-01
8.041591731154096312e-02
4.638761867268772487e-01
-2.324706346700304849e-01
-4.813378144096127631e-01
-2.750549474916952342e-02
1.650955187423506221e-01
8.028714690256000264e-02
2.717011463563714369e-01
7.470440080431084429e-02
3.025639135570835636e-01
2.371864053433552222e-01
-8.754891726486890846e-02
3.935858097843468739e-01
2.244246447838282865e-01
-3.761902943625462514e-01
-1.140616500060320782e-02
-3.417220155419388172e-01
-7.396151449716470427e-02
1.911291163081924038e-01
-1.070168538192899366e-01
-2.223687677934135243e-01
1.146646056680667991e-01
2.312417756381457412e-01
-2.137615342702348098e-02
-4.352698841753674941e-01
