-1.129992176899623502e-01
-1.223215537513921980e-03
-2.604964592217182684e-01
1.535701100888620108e-02
1.284081796837729383e-01
-1.126228784336597011e-01
1.497379430540934919e-02
-4.399948340703767613e-01
-4.746344333363472501e-01
-2.855262193845508056e-01
-4.867542880256194859e-01
2.657748820625160935e-01
8.590530449391620138e-02
1.551723785864868033e-01
1.573407748361312919e-01
4.137818523248584235e-01
4.071583191897487630e-01
-4.126389781080322949e-01
-3.312398953818821434e-01
-1.155708057804110123e-01
3.043910679920484030e-01
-3.637311707041649411e-01
-2.872331419217597492e-01
-2.282345916611689951e-01
2.203658433388219207e-01
-8.749220473481233995e-02
-1.718260297281721805e-01
-4.221972076411584229e-02
8.278698787177818375e-02
-4.316497933505981655e-01
-7.648072109661674389e-04
-6.386823212525138960e-02
-4.801960554939478376e-01
-2.240866115764424960e-01
-1.957724580143556103e-01
2.807061360757192592e-01
-3.296103738486685364e-01
-3.562346985961188928e-01
4.138191022556491072e-01
1.500186312600038097e-02
-3.796463573176015460e-01
1.198426483396268782e-01
4.089783356066465370e-01
3.592913348106874238e-02
-3.254438649206115031e-02
-2.901815977561368332e-01
1.030483801628090390e-02
-6.022263346460721145e-03
-1.365932232180731010e-01
-4.974120579610066262e-01
-5.636631791207080688e-02
-3.154237668509384251e-01
4.560395360432323297e-01
1.457656385924184228e-01
4.814922011789923850e-01
-1.993296834645439386e-01
4.397926101328959447e-01
-8.108068509823551651e-02
3.774283556992034105e-01
2.520708947788652399e-01
-5.672914464032763338e-02
-4.150076693056784505e-01
4.994434494898717380e-01
2.578894257335985207e-01
-9.648060376170186636e-02
-3.245391343330003009e-01
9.134198455539843664e-02
4.804061898755732640e-01
9.529541843951061519e-02
-1.094621329798551868e-01
-2.406041944880554784e-01
-3.743129471601287506e-01
2.859122269000879957e-02
4.139587249905565258e-01
2.190495534684553380e-01
-3.111856964365794509e-01
-1.465435712093796639e-01
2.090807092680201373e-01
-2.658095062215780624e-01
1.791406004584199518e-01
-2.173816733384514865e-02
2.553675398525953044e-01
4.763586521011838881e-01
4.034429828655469175e-01
-8.657061437808610815e-02
-1.880797290920631637e-01
-1.412414616279678015e-02
2.524033520917482454e-01
2.340002296841264817e-01
-1.829619024765196666e-01
-4.408144310589292569e-01
2.057543907142445061e-02
2.214896765011254987e-01
3.657809752033612805e-01
3.752319088151907511e-01
3.648972572810842419e-01
2.117403182127453043e-02
-8.631856656967107355e-02
7.145892064767866980e-02
-2.876174510579355692e-01
