-6.294271753560809479e-02
-3.153315419555724475e-01
3.535769173830314305e-01
-5.061764696735804314e-02
3.854166465866838420e-01
3.303371490109994202e-01
1.318707863814287951e-01
-4.753075335196826900e-01
1.722365074615529457e-01
-1.554349933857144261e-01
-1.586045755613016972e-01
-3.174834079653624519e-01
-1.100809442372198133e-01
1.460145873542549877e-01
2.067321935187037552e-01
-4.262093579768465590e-01
1.717735535441049510e-01
-2.259218510145164505e-01
-2.512739503556186138e-01
1.026798247781224305e-01
-1.372698530220084479e-01
-4.976761639182577523e-01
-4.872432456291655445e-01
-3.546101320285336422e-01
-1.263669097619148918e-01
-1.425938604023195833e-01
4.037939473955638459e-01
3.292988503327282102e-01
2.917955806290811749e-01
-1.611361345543336210e-01
-1.457156882578707346e-01
-4.774207253598411471e-01
1.213848929669114618e-02
3.427385624782062212e-01
-4.556264225276468460e-01
6.044311676209934703e-02
-4.390582645101385184e-01
-1.228666095402908276e-01
-1.797760117780058398e-01
-3.440219493952824115e-01
-7.493345192631362117e-02
2.578204096684654223e-01
-1.234378967174833974e-01
2.181473814918611920e-01
3.694762494577082945e-01
2.546504314691816484e-01
3.315668862968813579e-01
3.124158539036098192e-01
4.775037821169316743e-01
-1.693982947078127577e-01
-2.512948858754240344e-01
-5.008684947835906343e-02
-9.283366696384298677e-03
-4.262862139396905725e-01
-4.503689951762748223e-01
-1.788508029943297606e-01
2.397883788090693358e-03
1.489773515313735919e-01
2.165275915829711906e-01
-3.060224535697844139e-01
1.318780396713560288e-01
4.143080820587718982e-01
1.875784612539133089e-01
3.306030784956537349e-02
3.811047523787126634e-01
-4.961155278761432141e-01
2.189726807956661192e-01
-2.072977351815594727e-01
-2.770114377807163519e-01
2.307168909107710775e-01
1.982515710284071808e-02
4.859448308448307552e-01
1.193491654755172160e-01
2.208967468774490905e-01
4.743959348014709088e-01
-2.065823001993194463e-02
1.544863387208372796e-01
3.138379775088194767e-01
-5.811909434121975693e-02
-4.862175671350944528e-01
-2.196298583350453359e-01
4.120030914496791707e-01
-3.142191427235349055e-01
1.797752488027100082e-01
8.482312219379306573e-02
-2.032212091071355919e-01
2.243982890534690355e-01
-2.148022883067181033e-01
-1.023164292588862878e-03
4.013484035432364205e-01
3.757198263149874595e-02
-1.211897591952412201e-01
-4.098505414596275154e-01
4.817780493551685472e-01
-4.889797527308307190e-01
1.587392862994357889e-01
-2.626367396087722073e-01
4.768203700922652999e-01
8.933933503880520099e-02
-6.593785667517226834e-03
