-2.452468832032643764e-01
-2.954564921659684762e-01
-1.319633449991772789e-01
-5.759500214546364738e-02
-1.995721223480858564e-01
3.157082427220254672e-01
2.377143494651786648e-01
2.736935065595071936e-01
3.280723310870791165e-01
3.936815781629068312e-01
4.750054306136626270e-01
2.431667334009033343e-01
-1.541790651179359983e-01
-2.199903762485017067e-01
-3.910396004554342886e-01
-2.923790558936288919e-01
-9.511737280674692485e-02
3.330205593239424777e-01
-7.183234106911629002e-02
-6.827042360835600121e-02
1.630985761466859918e-01
3.340984881445796528e-02
3.093878956443679717e-01
4.881450268861818875e-01
-2.183282462179471084e-01
-2.848759967321790043e-02
1.506267577006203950e-02
-1.498776265410030062e-01
-1.653859230064409491e-01
-6.559706144369681358e-02
-1.944392917383049868e-01
1.069825262456569614e-01
-4.233309428579767886e-02
-2.333819540604780141e-01
3.506633287086864392e-01
1.263328617902640394e-01
-2.611489495742125300e-02
-4.006755254769598373e-01
4.886030957504196026e-01
-2.818150721392072011e-01
-4.580955092032126252e-01
3.139210402662869770e-01
3.670584316208596043e-01
5.098406569024860335e-02
-2.385786134404375147e-01
1.285241189263414130e-01
1.517774431924145961e-02
4.794456142431811063e-01
-2.584181421800109124e-01
1.253469216047582435e-01
-7.802733845420806169e-02
-3.296679829125281902e-01
-3.539987332028472489e-01
-3.841223342331687718e-01
4.796726902298797945e-02
4.596415411159451292e-01
6.496235826925156331e-03
1.264653060318435829e-01
1.258342352048015256e-01
4.030191169378224414e-01
-4.918056403461118498e-01
3.773627038358494667e-01
1.880576184397166895e-01
2.360272569624288774e-01
2.214281579435296576e-01
-4.653224583075578069e-01
2.387849117089216877e-01
3.131690315673740788e-02
4.386125748394031909e-01
-3.035612117895131190e-01
9.069490078373287911e-02
6.331236989528288284e-02
2.691802598472078367e-01
-4.011934116678976814e-01
-6.938061286221108848e-02
-3.282755291527197361e-01
-8.153242614446065684e-02
2.816199843289819427e-01
-1.000810649477600345e-01
-3.892343021247004486e-01
1.720446167062408271e-01
2.744932481951253278e-01
-4.681025891605172795e-02
-3.138776305585490034e-01
-2.690348029721382206e-01
-9.546657944522296546e-02
-1.930872707571048563e-01
1.078596156186969468e-01
-2.327963920410837106e-01
3.190494038564413160e-01
4.967777278421301457e-01
4.415319576263623258e-01
2.710083023094118637e-01
-3.046482511790775671e-01
6.235175113158730742e-02
-2.188731888887071042e-01
-3.166980718960772379e-01
3.872326962131387162e-01
-3.725329520574416353e-02
-3.725608920496189524e-01
