0.000000000000000000e+00,-3.451553124575457154e-06,-3.041670957620867810e-05,-9.895848105401228167e-06,3.277717699778914806e-05,4.308438866895691888e-06,-1.587168925759607774e-06,2.262366093103151954e-06,6.384550265581268036e-06,-2.221279250258501037e-07
-1.077667747848665425e-01,0.000000000000000000e+00,-3.871061696247846129e-06,-6.640186023441341234e-01,3.042515423518077355e-06,-4.054695934259504586e-01,-3.836518904232200100e-07,2.034761000690998856e-06,6.652854503429173061e-06,1.361053964560321461e-06
-2.517947494759948390e-01,7.936223250356497783e-01,0.000000000000000000e+00,1.058744770829165738e+00,4.069476939837685103e-02,3.827131781579490299e-01,-4.716641923973352024e-01,-5.834821754467561794e-01,-1.320845118375065796e-01,-8.264419100768716220e-01
-1.623698937980292967e-01,-3.916890127797501009e-06,2.525702331002133150e-05,0.000000000000000000e+00,-3.916203335840862110e-06,-3.805576271975859570e-01,-1.373102230944889257e-05,-4.820118995538247297e-07,3.081814427737250561e-04,-7.063663967188382742e-06
-3.302602553743658187e-01,-6.256792769861800885e-01,-4.351290938103824502e-05,-1.242924661454362756e+00,0.000000000000000000e+00,4.002209986139236841e-01,1.033069207287407032e-05,6.241791165875976155e-01,-1.640726737456577045e-04,4.393423800930218448e-06
1.260026576897502970e+00,-1.970779827387136862e-06,-8.527013382109149831e-06,-4.829356550273278259e-06,1.522805932019366537e-05,0.000000000000000000e+00,6.595238225409749688e-07,1.071725597934225505e-06,7.133873571490978449e-05,9.970443048956667553e-08
-2.979532264132828123e-01,-1.409315821173129146e+00,-2.157360663043728088e-05,-7.403177882874939497e-01,-6.302682170681550566e-02,2.669515206690389886e-01,0.000000000000000000e+00,-3.861807119482634776e-01,-5.281088194698801974e-05,1.615646750576094970e+00
2.498256301134717527e-01,1.493948071854675375e+00,-7.342925939402000779e-06,8.087328762128598303e-01,1.152679472761486412e-05,1.933858064932316490e+00,-4.255764334729073006e-06,0.000000000000000000e+00,1.306793459187466366e-04,3.209012211513595503e-08
1.192442116102047533e+00,1.507158123448598674e-02,-8.024626456840100452e-05,-1.110084338046309071e-02,5.173069855214051938e-02,2.257327581077128720e-02,-1.326502545874182759e-01,2.670921224811950712e-02,0.000000000000000000e+00,-7.188877441315001671e-02
1.813029102237143086e-02,1.763655128523410331e+00,-1.804927588133775629e-05,-2.108412628335272210e-01,1.116322691686816970e+00,-8.589119510334919383e-01,4.796141154589372846e-06,-6.951861643187893236e-01,-8.188635216480055767e-05,0.000000000000000000e+00
