0.000000000000000000e+00,5.471163265463596659e-06,1.656105911290247201e+00,1.501421832913204524e+00,-4.387843524778131665e-02,2.673775431506730804e-02,-1.461599839254861255e-01,1.726157808079609168e-06,1.279306889445596396e-01,1.114304339436866798e-02
1.593046545441864525e+00,0.000000000000000000e+00,-3.303478000542559023e-02,2.595224503125492799e-02,6.989495333231634522e-01,1.205039561276596838e-02,-1.369539023221410634e+00,-8.473861343546995606e-05,1.550709907239418150e+00,-5.453276317333588530e-02
3.920113088640153620e-06,6.191288056942023665e-06,0.000000000000000000e+00,9.850647852209918343e-01,3.388720986521875922e-05,1.119359196544156276e-05,-1.455831253419365146e-02,1.771067793809866231e-07,3.890800507611036352e-07,1.491203580533673190e-05
6.057554369665041349e-06,1.105218583224987228e-05,5.155816158564086038e-06,0.000000000000000000e+00,1.550377092220459052e-04,2.765478703176116326e-05,8.670245777069124360e-03,1.089390959788105739e-06,-9.725864688336915975e-07,3.927107692547338047e-05
-1.113772636736759525e-04,1.100422674218948238e-05,-3.046948301839697004e-02,-6.372464530317645259e-03,0.000000000000000000e+00,-2.055813913874528220e-03,-4.197606251491958762e-02,-2.247069435005327742e-05,-1.894910756908482763e-02,5.273223778565059305e-01
8.415245415460681500e-05,9.442529186581838374e-06,1.191518762938712506e+00,5.054144476423687582e-01,-7.971512113316703285e-05,0.000000000000000000e+00,1.945062777053907510e-02,1.455275790526733282e-06,8.814893407649293522e-06,2.351616478198925719e-04
4.875596749850941158e-05,6.946020658399332248e-06,-1.511896186234540362e-04,2.775115957315998916e-03,-2.359630096009091016e-05,3.666035351917451557e-04,0.000000000000000000e+00,-2.112293876574411478e-06,1.277279866435110378e-05,-8.168131459096450442e-06
7.677060735231813204e-01,-2.607386326986846359e-02,-1.419437520470575809e+00,1.413428852174293926e+00,-8.923877499574564554e-02,6.352771386140624310e-01,-4.085031662034209754e-01,0.000000000000000000e+00,-1.434223839192672045e-01,-1.498504369145356729e-01
5.960534463490818613e-05,6.261125312767568118e-06,1.159071868493255497e-02,-8.888252847421875824e-01,-4.839429565013375623e-04,1.601166310543136184e+00,-1.839275169191878501e-02,-4.357863317448751328e-06,0.000000000000000000e+00,-1.974991672110182561e+00
-6.312896118954025582e-05,-7.129000104827420969e-06,8.804745773000960396e-01,2.953839770312949309e-02,1.341663058276876264e-05,4.864181219091168185e-02,-1.490624083966962665e+00,-1.984491332478188763e-06,-7.609636788252771566e-06,0.000000000000000000e+00
