0.000000000000000000e+00,-6.723366218097659441e-06,-1.367900970007112083e+00,-3.049660962638200967e-05,4.118847953574006349e-02,-1.500410019977804765e-06,-1.697774486913994352e-06,6.646247544809109620e-01,-1.684756080247365451e-01,-3.670575409245313558e-06
-1.868808187626304629e-01,0.000000000000000000e+00,-4.839547015748933978e-01,2.445658437560949139e-05,1.699878268834365214e+00,3.155827074829975487e-06,-6.420544508251024851e-06,-9.696099258520937680e-02,2.342560949680109472e-01,3.477983124972050533e-06
-3.741491217734704833e-06,-1.210303650148181198e-06,0.000000000000000000e+00,-1.434128837657366873e-05,3.606628426293589929e-02,2.734521229313946478e-06,-1.980047507094129244e-06,-2.753132276806624645e-02,1.294057232849816774e+00,3.044287137266010745e-06
-1.379240967623396874e-01,8.312840638022697681e-02,-1.785215539558044351e-01,0.000000000000000000e+00,-5.480696117467404038e-02,-2.606412876526853495e-06,4.688841393037510019e-02,-1.750481988079250151e+00,-1.328667497714795864e+00,-7.795895212645009842e-06
-2.382878700796231541e-05,7.703425783101014446e-07,3.356770147891763312e-04,-2.324282342514027988e-05,0.000000000000000000e+00,9.991213361648654256e-06,-6.877941860078395919e-06,1.953228855821210974e+00,8.419813241482954069e-02,3.098979682092384280e-06
-2.099985488794262611e+00,-2.861750950301060192e-01,-6.970917848744345724e-01,-1.372961292009987844e+00,-1.086070347423322979e-01,0.000000000000000000e+00,-7.120943792999029354e-01,-1.401022600360704307e-01,3.994699653456624255e-01,1.230969917839774830e-05
-1.578681024457464499e-01,-7.329305542038258015e-01,-1.806496598930700248e+00,1.176839743695645701e-04,-9.380821443731179876e-01,-5.814363743902872805e-06,0.000000000000000000e+00,-8.536851267049738734e-02,-1.859778534559244578e+00,-2.480529257331554049e-06
7.873033913252669436e-06,9.168760609079562585e-07,1.661623775280895998e-04,-3.086691532871999044e-06,2.266299420461415082e-06,3.223090238743675506e-06,-1.031005403691331868e-05,0.000000000000000000e+00,4.840921372448306892e-01,4.240558637166880196e-06
-6.580257270738520958e-06,4.641475654931781492e-06,4.997833407016649687e-06,-5.864855305515170869e-06,1.226739559312406413e-05,8.388779484794217645e-06,-4.903695472180391590e-06,4.973569798893962002e-06,0.000000000000000000e+00,7.137904920129223285e-06
-1.770447303292338459e+00,-7.171733640628208395e-01,-7.308081918773173813e-01,2.843421147265962068e-01,-1.479836290687375433e+00,4.385479234432279605e-01,-2.597179664479358330e+00,8.154861426523098977e-01,5.075460754337430824e-01,0.000000000000000000e+00
