7.693414903909578939e-02
-7.945159965373127520e-02
-1.976224649127179323e+00
-1.342759645892623865e-01
-1.630241786645623581e+00
1.298939303595962880e+00
-5.858856125694389405e-01
-1.414157549626332333e+00
-1.728621660982728070e+00
-9.808449448505238699e-01
-3.863179682356010503e-02
-1.323799814098430616e+00
8.312446870023171286e-01
-7.526460988269736418e-01
1.999732957351779472e+00
-7.598186469718597458e-01
2.329654533580116649e-01
9.394184638844338409e-02
-1.899520828091413538e+00
-1.329320566800049619e-01
