-7.842880060403274456e-01
1.332043298140999532e+00
-5.254228401220348843e-01
1.227785689504192757e+00
1.646183629018280747e-01
-6.141410449823414552e-01
1.387650261848008437e+00
-1.986441857103099728e+00
-8.692309867587222350e-01
-1.616600112364339203e-01
1.948572941787446222e+00
-1.195866773757274792e-01
-1.010962555076108771e+00
4.547215154471722087e-01
-1.664406617366669394e+00
-2.177806328689020354e-01
-1.548468422827935509e+00
-1.324550488257477898e+00
-1.561810874602063137e+00
1.010587336852494467e+00
