5.151130002799786389e-01
-5.200866469618148358e-01
1.768237366316645076e+00
-2.299641327876003061e-01
5.369318229593740277e-01
6.620617704400735271e-01
5.775886654882054216e-01
6.685982299965900211e-01
9.010276869632170005e-01
-1.007909914496106119e+00
-4.951646826805298218e-01
-1.510310244042730066e+00
-1.019288631808616508e+00
-1.730954695447835867e+00
-4.804746975696443378e-01
-1.040803980737825540e+00
1.302586654534613420e+00
8.371153670664268631e-01
1.477604737434463633e+00
-4.630794825369033418e-01
