9.446488873708829281e-01
-1.610482274732993879e+00
4.770146655814371250e-01
1.088274374370042707e+00
-1.395126988783687683e+00
-1.445601907654321394e-01
-5.540439749631360655e-01
4.853425576051946244e-01
2.650487991464625104e-01
-3.751780343863697631e-01
-8.330151437765000999e-01
1.588308558260199899e+00
1.530402267984521281e+00
-8.645434593888290387e-01
6.605923569866307687e-01
1.678422168915937984e+00
1.197198056211086215e+00
3.353258730930397391e-01
-1.299446431534421187e+00
1.525243798090359260e+00
