1.625809568948479278e+00
-3.894499372453985586e-02
7.349110731322410217e-01
4.666086850845960754e-01
-3.613761695073574032e-01
1.179091438594026986e+00
-5.751203379083245082e-01
1.326269073776300988e+00
-1.928013520931632918e+00
-6.917557083250645000e-01
1.226109987030081783e-01
7.412767786592633357e-02
-6.087056677068654054e-01
5.476175244279102294e-01
-4.450777549575417602e-01
2.881081306905883821e-01
1.488228866678505291e+00
1.447699414999404244e+00
-7.904673188339246259e-01
-1.441486113582908679e+00
