-1.772154161841810183e+00
6.549555609613779694e-01
1.922635337722500282e+00
-1.745396594917973054e+00
1.343510394444347611e+00
1.028787984347845352e-01
1.862301765931247743e+00
1.216640859985974377e+00
1.040264631226874403e+00
-1.208487340925623599e+00
1.731861754133206865e+00
1.233662087565288168e-01
1.723555195377599603e+00
-1.644810819387306999e+00
-1.525054345396128053e+00
-1.167500558234335184e+00
1.035300960840224160e+00
-3.316376662887572380e-01
-1.516902723645490170e+00
1.884677499954428903e+00
