1.309398098971885194e+00
1.856698184266226903e+00
1.140805578587493319e+00
1.497185283474932405e+00
-1.026148832010980172e-01
4.348733781021896228e-01
-1.309614860261549829e-01
7.878943705110055262e-01
2.087089152398045044e-01
1.435088757099402201e+00
7.342708181557151548e-01
1.085079700790215096e+00
4.547937400745003522e-01
-1.346354276355607116e+00
8.931878802796657801e-01
5.393662649345376536e-02
1.778307296323208497e+00
-4.427981144641908173e-01
-1.059340137190113218e+00
-6.233026028796921914e-01
