-1.025678009756492592e+00
-1.299640286142254020e+00
-1.583834433494756944e+00
-1.807697938255371728e+00
1.301812927463440683e+00
1.715686219637630572e+00
5.987881308240137201e-01
-1.200713897974601263e+00
-2.936623154637483246e-01
-1.222964794211184980e+00
-1.477387107549997136e+00
6.594649609216860497e-01
-1.655760504157354873e+00
1.470503499385487078e+00
1.476302819970774394e+00
4.206321047428547288e-01
-1.109421584015431339e+00
-1.791345302598705835e+00
1.787758652313877761e-01
1.535607945243988581e-01
