1.797454942781767429e+00
-1.446005703263995468e+00
1.775323385263598119e+00
-1.553583868794607969e+00
1.549762629626623145e+00
6.504639756248664639e-02
7.979009533233574203e-01
2.551763843444025959e-01
1.668488516991016635e+00
9.297862513455621425e-01
1.763118712728565463e+00
-1.924647050687458005e+00
-7.222605581914240958e-01
1.415914857560490958e+00
-1.782419669600126877e+00
1.926211114839293526e+00
1.649552698754749080e+00
1.070273993033639570e+00
3.213487252969517982e-01
-1.060867936571613601e+00
