-1.314206610848771994e+00
1.650816599665135165e+00
1.837667588965955279e+00
8.531132417521276601e-01
-7.963435815426067599e-01
7.684777865143384012e-01
-1.251680101676297951e+00
1.542038589548079930e+00
1.651710147318223854e-01
7.516667345534182587e-01
9.300963500695158537e-01
6.978046484977085129e-02
1.725023601183625299e+00
-4.380628413356708606e-01
1.166304551517000743e+00
-1.520980972937481912e+00
-1.765975499898617240e+00
1.736346783600987820e+00
-2.619951637612292217e-01
-1.551363252263757708e-01
