0.000000000000000000e+00,-1.001245865930541656e+00,0.000000000000000000e+00,-1.851316907150701851e+00,0.000000000000000000e+00,0.000000000000000000e+00,-1.854875984340446093e+00,1.063791938587343555e+00,1.468619127926489520e+00,-8.121624824121373987e-01,1.235898197806182930e+00,1.083218781275456122e+00,0.000000000000000000e+00,0.000000000000000000e+00,0.000000000000000000e+00,-1.884793395850134612e+00,0.000000000000000000e+00,0.000000000000000000e+00,-1.964563940788608853e+00,0.000000000000000000e+00
0.000000000000000000e+00,0.000000000000000000e+00,6.943067293706890464e-01,0.000000000000000000e+00,0.000000000000000000e+00,0.000000000000000000e+00,0.000000000000000000e+00,1.593760730233724443e+00,0.000000000000000000e+00,0.000000000000000000e+00,0.000000000000000000e+00,0.000000000000000000e+00,0.000000000000000000e+00,0.000000000000000000e+00,0.000000000000000000e+00,0.000000000000000000e+00,0.000000000000000000e+00,0.000000000000000000e+00,0.000000000000000000e+00,1.852954980593240375e+00
0.000000000000000000e+00,0.000000000000000000e+00,0.000000000000000000e+00,0.000000000000000000e+00,0.000000000000000000e+00,0.000000000000000000e+00,0.000000000000000000e+00,-1.363368920022443920e+00,0.000000000000000000e+00,0.000000000000000000e+00,0.000000000000000000e+00,0.000000000000000000e+00,0.000000000000000000e+00,0.000000000000000000e+00,0.000000000000000000e+00,0.000000000000000000e+00,1.722030288018482569e+00,0.000000000000000000e+00,0.000000000000000000e+00,1.685501718963696494e+00
0.000000000000000000e+00,0.000000000000000000e+00,0.000000000000000000e+00,0.000000000000000000e+00,0.000000000000000000e+00,0.000000000000000000e+00,0.000000000000000000e+00,0.000000000000000000e+00,0.000000000000000000e+00,0.000000000000000000e+00,0.000000000000000000e+00,0.000000000000000000e+00,0.000000000000000000e+00,0.000000000000000000e+00,0.000000000000000000e+00,0.000000000000000000e+00,0.000000000000000000e+00,0.000000000000000000e+00,0.000000000000000000e+00,0.000000000000000000e+00
0.000000000000000000e+00,0.000000000000000000e+00,0.000000000000000000e+00,0.000000000000000000e+00,0.000000000000000000e+00,0.000000000000000000e+00,0.000000000000000000e+00,0.000000000000000000e+00,0.000000000000000000e+00,7.413709822311846942e-01,0.000000000000000000e+00,0.000000000000000000e+00,0.000000000000000000e+00,0.000000000000000000e+00,-5.230307282355211029e-01,0.000000000000000000e+00,-9.718514188449742797e-01,1.970471915192724577e+00,-5.149863590173517913e-01,0.000000000000000000e+00
0.000000000000000000e+00,0.000000000000000000e+00,0.000000000000000000e+00,0.000000000000000000e+00,0.000000000000000000e+00,0.000000000000000000e+00,0.000000000000000000e+00,0.000000000000000000e+00,0.000000000000000000e+00,0.000000000000000000e+00,0.000000000000000000e+00,0.000000000000000000e+00,0.000000000000000000e+00,0.000000000000000000e+00,0.000000000000000000e+00,0.000000000000000000e+00,0.000000000000000000e+00,0.000000000000000000e+00,0.000000000000000000e+00,-1.396258515487373675e+00
0.000000000000000000e+00,-1.892291340699464808e+00,-9.388597806636682641e-01,1.217632933486152202e+00,0.000000000000000000e+00,0.000000000000000000e+00,0.000000000000000000e+00,0.000000000000000000e+00,0.000000000000000000e+00,0.000000000000000000e+00,0.000000000000000000e+00,-1.775087769853239017e+00,0.000000000000000000e+00,0.000000000000000000e+00,0.000000000000000000e+00,0.000000000000000000e+00,0.000000000000000000e+00,0.000000000000000000e+00,-1.749157387324695945e+00,0.000000000000000000e+00
0.000000000000000000e+00,0.000000000000000000e+00,0.000000000000000000e+00,5.574898355191802990e-01,0.000000000000000000e+00,0.000000000000000000e+00,0.000000000000000000e+00,0.000000000000000000e+00,0.000000000000000000e+00,0.000000000000000000e+00,0.000000000000000000e+00,0.000000000000000000e+00,0.000000000000000000e+00,0.000000000000000000e+00,0.000000000000000000e+00,0.000000000000000000e+00,0.000000000000000000e+00,0.000000000000000000e+00,0.000000000000000000e+00,0.000000000000000000e+00
0.000000000000000000e+00,1.081505960987753978e+00,-9.984416970457883345e-01,0.000000000000000000e+00,0.000000000000000000e+00,1.396681077247431624e+00,0.000000000000000000e+00,1.086780178906803451e+00,0.000000000000000000e+00,-1.075513543198799882e+00,-1.204151539537615223e+00,9.459062963196928076e-01,0.000000000000000000e+00,0.000000000000000000e+00,0.000000000000000000e+00,0.000000000000000000e+00,-1.340077821484390475e+00,0.000000000000000000e+00,0.000000000000000000e+00,0.000000000000000000e+00
0.000000000000000000e+00,-1.037838999972009679e+00,-1.112639462317910999e+00,1.466443407516727859e+00,0.000000000000000000e+00,0.000000000000000000e+00,0.000000000000000000e+00,0.000000000000000000e+00,0.000000000000000000e+00,0.000000000000000000e+00,-1.864620659502300271e+00,0.000000000000000000e+00,0.000000000000000000e+00,0.000000000000000000e+00,1.309436595673548531e+00,0.000000000000000000e+00,1.106014935298775370e+00,6.521873454263726888e-01,1.460022179958459843e+00,8.169921477894402928e-01
0.000000000000000000e+00,0.000000000000000000e+00,0.000000000000000000e+00,0.000000000000000000e+00,0.000000000000000000e+00,0.000000000000000000e+00,0.000000000000000000e+00,0.000000000000000000e+00,0.000000000000000000e+00,0.000000000000000000e+00,0.000000000000000000e+00,0.000000000000000000e+00,0.000000000000000000e+00,0.000000000000000000e+00,0.000000000000000000e+00,0.000000000000000000e+00,7.989694580249044886e-01,0.000000000000000000e+00,0.000000000000000000e+00,-5.119318637109204762e-01
0.000000000000000000e+00,1.594030959540356340e+00,-1.494906903982166302e+00,6.764131465198223170e-01,0.000000000000000000e+00,0.000000000000000000e+00,0.000000000000000000e+00,0.000000000000000000e+00,0.000000000000000000e+00,-1.076667538396665513e+00,-1.797796522321789103e+00,0.000000000000000000e+00,-1.749887822691488459e+00,0.000000000000000000e+00,0.000000000000000000e+00,0.000000000000000000e+00,0.000000000000000000e+00,1.455276605200708451e+00,0.000000000000000000e+00,-8.518001802670087663e-01
0.000000000000000000e+00,0.000000000000000000e+00,0.000000000000000000e+00,-7.764151680698148095e-01,0.000000000000000000e+00,0.000000000000000000e+00,0.000000000000000000e+00,0.000000000000000000e+00,0.000000000000000000e+00,0.000000000000000000e+00,0.000000000000000000e+00,0.000000000000000000e+00,0.000000000000000000e+00,0.000000000000000000e+00,0.000000000000000000e+00,0.000000000000000000e+00,0.000000000000000000e+00,0.000000000000000000e+00,0.000000000000000000e+00,0.000000000000000000e+00
0.000000000000000000e+00,0.000000000000000000e+00,-1.776473287833707948e+00,0.000000000000000000e+00,0.000000000000000000e+00,1.502876924348963472e+00,0.000000000000000000e+00,-1.389383158831289045e+00,0.000000000000000000e+00,0.000000000000000000e+00,0.000000000000000000e+00,0.000000000000000000e+00,0.000000000000000000e+00,0.000000000000000000e+00,8.307920971031023116e-01,0.000000000000000000e+00,0.000000000000000000e+00,0.000000000000000000e+00,0.000000000000000000e+00,5.498104958213236859e-01
0.000000000000000000e+00,0.000000000000000000e+00,0.000000000000000000e+00,0.000000000000000000e+00,0.000000000000000000e+00,0.000000000000000000e+00,0.000000000000000000e+00,1.094636346258428983e+00,0.000000000000000000e+00,0.000000000000000000e+00,0.000000000000000000e+00,0.000000000000000000e+00,-1.561845481563564730e+00,0.000000000000000000e+00,0.000000000000000000e+00,0.000000000000000000e+00,1.625567750038016124e+00,0.000000000000000000e+00,0.000000000000000000e+00,5.094116553201801789e-01
0.000000000000000000e+00,1.801607624278244391e+00,0.000000000000000000e+00,0.000000000000000000e+00,0.000000000000000000e+00,0.000000000000000000e+00,0.000000000000000000e+00,7.810435628451498635e-01,-8.226971758042571636e-01,6.721825768254030553e-01,0.000000000000000000e+00,0.000000000000000000e+00,1.778838619280370237e+00,1.811401214159274353e+00,0.000000000000000000e+00,0.000000000000000000e+00,0.000000000000000000e+00,7.529848485626633448e-01,0.000000000000000000e+00,0.000000000000000000e+00
0.000000000000000000e+00,0.000000000000000000e+00,0.000000000000000000e+00,0.000000000000000000e+00,0.000000000000000000e+00,0.000000000000000000e+00,0.000000000000000000e+00,0.000000000000000000e+00,0.000000000000000000e+00,0.000000000000000000e+00,0.000000000000000000e+00,0.000000000000000000e+00,0.000000000000000000e+00,0.000000000000000000e+00,0.000000000000000000e+00,0.000000000000000000e+00,0.000000000000000000e+00,0.000000000000000000e+00,0.000000000000000000e+00,0.000000000000000000e+00
0.000000000000000000e+00,0.000000000000000000e+00,0.000000000000000000e+00,0.000000000000000000e+00,0.000000000000000000e+00,0.000000000000000000e+00,0.000000000000000000e+00,0.000000000000000000e+00,0.000000000000000000e+00,0.000000000000000000e+00,0.000000000000000000e+00,0.000000000000000000e+00,0.000000000000000000e+00,0.000000000000000000e+00,0.000000000000000000e+00,0.000000000000000000e+00,0.000000000000000000e+00,0.000000000000000000e+00,0.000000000000000000e+00,0.000000000000000000e+00
0.000000000000000000e+00,1.846123328764956550e+00,1.918130712726063614e+00,0.000000000000000000e+00,0.000000000000000000e+00,1.324038712786129945e+00,0.000000000000000000e+00,1.532643619979076721e+00,0.000000000000000000e+00,0.000000000000000000e+00,1.422957124735369616e+00,0.000000000000000000e+00,-1.051699839591761387e+00,0.000000000000000000e+00,0.000000000000000000e+00,0.000000000000000000e+00,0.000000000000000000e+00,7.543518289439009594e-01,0.000000000000000000e+00,-1.748188394181980243e+00
0.000000000000000000e+00,0.000000000000000000e+00,0.000000000000000000e+00,0.000000000000000000e+00,0.000000000000000000e+00,0.000000000000000000e+00,0.000000000000000000e+00,0.000000000000000000e+00,0.000000000000000000e+00,0.000000000000000000e+00,0.000000000000000000e+00,0.000000000000000000e+00,0.000000000000000000e+00,0.000000000000000000e+00,0.000000000000000000e+00,0.000000000000000000e+00,0.000000000000000000e+00,0.000000000000000000e+00,0.000000000000000000e+00,0.000000000000000000e+00
