0.000000000000000000e+00,1.492451765439273714e+00,0.000000000000000000e+00,0.000000000000000000e+00,0.000000000000000000e+00,0.000000000000000000e+00,1.703060104492746918e+00,0.000000000000000000e+00,0.000000000000000000e+00,0.000000000000000000e+00,0.000000000000000000e+00,0.000000000000000000e+00,0.000000000000000000e+00,0.000000000000000000e+00,0.000000000000000000e+00,0.000000000000000000e+00,0.000000000000000000e+00,0.000000000000000000e+00,6.013630098254882927e-01,6.074011669934946678e-01
0.000000000000000000e+00,0.000000000000000000e+00,0.000000000000000000e+00,0.000000000000000000e+00,0.000000000000000000e+00,0.000000000000000000e+00,0.000000000000000000e+00,0.000000000000000000e+00,0.000000000000000000e+00,0.000000000000000000e+00,0.000000000000000000e+00,0.000000000000000000e+00,0.000000000000000000e+00,-1.906577379826164931e+00,0.000000000000000000e+00,0.000000000000000000e+00,0.000000000000000000e+00,0.000000000000000000e+00,0.000000000000000000e+00,0.000000000000000000e+00
0.000000000000000000e+00,0.000000000000000000e+00,0.000000000000000000e+00,0.000000000000000000e+00,0.000000000000000000e+00,0.000000000000000000e+00,0.000000000000000000e+00,0.000000000000000000e+00,0.000000000000000000e+00,0.000000000000000000e+00,0.000000000000000000e+00,0.000000000000000000e+00,0.000000000000000000e+00,1.582656601565195054e+00,0.000000000000000000e+00,0.000000000000000000e+00,0.000000000000000000e+00,0.000000000000000000e+00,-8.492111302106639670e-01,1.134628730014082931e+00
0.000000000000000000e+00,0.000000000000000000e+00,0.000000000000000000e+00,0.000000000000000000e+00,0.000000000000000000e+00,0.000000000000000000e+00,0.000000000000000000e+00,0.000000000000000000e+00,0.000000000000000000e+00,0.000000000000000000e+00,0.000000000000000000e+00,0.000000000000000000e+00,0.000000000000000000e+00,0.000000000000000000e+00,0.000000000000000000e+00,0.000000000000000000e+00,0.000000000000000000e+00,0.000000000000000000e+00,0.000000000000000000e+00,0.000000000000000000e+00
-1.289601416230366393e+00,0.000000000000000000e+00,1.975224305020603532e+00,7.372729111992462059e-01,0.000000000000000000e+00,0.000000000000000000e+00,1.517869211686358133e+00,0.000000000000000000e+00,0.000000000000000000e+00,0.000000000000000000e+00,0.000000000000000000e+00,-1.834423402093541489e+00,0.000000000000000000e+00,1.118363196673080928e+00,0.000000000000000000e+00,0.000000000000000000e+00,0.000000000000000000e+00,0.000000000000000000e+00,0.000000000000000000e+00,0.000000000000000000e+00
1.013147293334805354e+00,0.000000000000000000e+00,-1.583246660924909399e+00,6.916254460861941400e-01,0.000000000000000000e+00,0.000000000000000000e+00,0.000000000000000000e+00,0.000000000000000000e+00,0.000000000000000000e+00,0.000000000000000000e+00,0.000000000000000000e+00,1.181533084069455120e+00,0.000000000000000000e+00,0.000000000000000000e+00,0.000000000000000000e+00,0.000000000000000000e+00,0.000000000000000000e+00,0.000000000000000000e+00,-1.023127140234841193e+00,0.000000000000000000e+00
0.000000000000000000e+00,0.000000000000000000e+00,0.000000000000000000e+00,7.566708735004032960e-01,0.000000000000000000e+00,0.000000000000000000e+00,0.000000000000000000e+00,0.000000000000000000e+00,0.000000000000000000e+00,0.000000000000000000e+00,0.000000000000000000e+00,0.000000000000000000e+00,0.000000000000000000e+00,1.773055735801218891e+00,0.000000000000000000e+00,0.000000000000000000e+00,0.000000000000000000e+00,0.000000000000000000e+00,0.000000000000000000e+00,9.940572738441633138e-01
0.000000000000000000e+00,-1.797956627106136462e+00,0.000000000000000000e+00,-1.676581290027568727e+00,0.000000000000000000e+00,-6.196505784994852384e-01,-9.125034129348927880e-01,0.000000000000000000e+00,0.000000000000000000e+00,0.000000000000000000e+00,-9.775514022293785299e-01,0.000000000000000000e+00,0.000000000000000000e+00,0.000000000000000000e+00,0.000000000000000000e+00,0.000000000000000000e+00,-1.022878182596965058e+00,0.000000000000000000e+00,0.000000000000000000e+00,0.000000000000000000e+00
0.000000000000000000e+00,0.000000000000000000e+00,0.000000000000000000e+00,0.000000000000000000e+00,0.000000000000000000e+00,0.000000000000000000e+00,-7.074786075689409870e-01,0.000000000000000000e+00,0.000000000000000000e+00,0.000000000000000000e+00,-5.696340050794954646e-01,1.135263765778511180e+00,1.787383764812772391e+00,0.000000000000000000e+00,0.000000000000000000e+00,0.000000000000000000e+00,-8.374134450634456162e-01,-5.513872024935337901e-01,0.000000000000000000e+00,0.000000000000000000e+00
0.000000000000000000e+00,0.000000000000000000e+00,0.000000000000000000e+00,0.000000000000000000e+00,0.000000000000000000e+00,0.000000000000000000e+00,0.000000000000000000e+00,-5.593153274255537877e-01,0.000000000000000000e+00,0.000000000000000000e+00,-1.122926489944358730e+00,0.000000000000000000e+00,0.000000000000000000e+00,0.000000000000000000e+00,0.000000000000000000e+00,1.364042805488332011e+00,0.000000000000000000e+00,0.000000000000000000e+00,0.000000000000000000e+00,1.463811753067246313e+00
-9.875091152468826738e-01,1.806187952978510980e+00,1.005256834186656123e+00,0.000000000000000000e+00,0.000000000000000000e+00,1.241579768832705488e+00,0.000000000000000000e+00,0.000000000000000000e+00,0.000000000000000000e+00,0.000000000000000000e+00,0.000000000000000000e+00,0.000000000000000000e+00,0.000000000000000000e+00,0.000000000000000000e+00,0.000000000000000000e+00,0.000000000000000000e+00,7.963806754774609420e-01,0.000000000000000000e+00,-9.370304261565718384e-01,0.000000000000000000e+00
0.000000000000000000e+00,-6.506839316663022288e-01,0.000000000000000000e+00,-1.444777521814070820e+00,0.000000000000000000e+00,0.000000000000000000e+00,0.000000000000000000e+00,0.000000000000000000e+00,0.000000000000000000e+00,0.000000000000000000e+00,0.000000000000000000e+00,0.000000000000000000e+00,0.000000000000000000e+00,0.000000000000000000e+00,0.000000000000000000e+00,0.000000000000000000e+00,0.000000000000000000e+00,0.000000000000000000e+00,0.000000000000000000e+00,0.000000000000000000e+00
1.158039810488276089e+00,-1.376741579249739722e+00,8.681232440508563908e-01,0.000000000000000000e+00,9.150468602000458862e-01,9.461044325928886778e-01,-1.228158926618320601e+00,-9.115005607930279918e-01,0.000000000000000000e+00,0.000000000000000000e+00,0.000000000000000000e+00,-1.991592681979933221e+00,0.000000000000000000e+00,1.785071360856032907e+00,0.000000000000000000e+00,0.000000000000000000e+00,-1.241822609836915392e+00,0.000000000000000000e+00,0.000000000000000000e+00,1.564259147815132645e+00
0.000000000000000000e+00,0.000000000000000000e+00,0.000000000000000000e+00,0.000000000000000000e+00,0.000000000000000000e+00,0.000000000000000000e+00,0.000000000000000000e+00,0.000000000000000000e+00,0.000000000000000000e+00,0.000000000000000000e+00,0.000000000000000000e+00,0.000000000000000000e+00,0.000000000000000000e+00,0.000000000000000000e+00,0.000000000000000000e+00,0.000000000000000000e+00,0.000000000000000000e+00,0.000000000000000000e+00,0.000000000000000000e+00,0.000000000000000000e+00
0.000000000000000000e+00,6.384237248613187088e-01,0.000000000000000000e+00,1.767074995232967627e+00,0.000000000000000000e+00,0.000000000000000000e+00,0.000000000000000000e+00,0.000000000000000000e+00,0.000000000000000000e+00,0.000000000000000000e+00,0.000000000000000000e+00,0.000000000000000000e+00,0.000000000000000000e+00,0.000000000000000000e+00,0.000000000000000000e+00,0.000000000000000000e+00,-1.575938282134526691e+00,0.000000000000000000e+00,0.000000000000000000e+00,0.000000000000000000e+00
-1.533433726818976384e+00,0.000000000000000000e+00,1.866091107851934883e+00,0.000000000000000000e+00,0.000000000000000000e+00,1.503681627329192860e+00,-6.862187477953645143e-01,0.000000000000000000e+00,0.000000000000000000e+00,0.000000000000000000e+00,0.000000000000000000e+00,0.000000000000000000e+00,0.000000000000000000e+00,0.000000000000000000e+00,-1.980242735221510397e+00,0.000000000000000000e+00,0.000000000000000000e+00,0.000000000000000000e+00,6.030488714903736724e-01,0.000000000000000000e+00
0.000000000000000000e+00,0.000000000000000000e+00,0.000000000000000000e+00,0.000000000000000000e+00,0.000000000000000000e+00,0.000000000000000000e+00,0.000000000000000000e+00,0.000000000000000000e+00,0.000000000000000000e+00,0.000000000000000000e+00,0.000000000000000000e+00,-6.832143204113390045e-01,0.000000000000000000e+00,0.000000000000000000e+00,0.000000000000000000e+00,0.000000000000000000e+00,0.000000000000000000e+00,0.000000000000000000e+00,0.000000000000000000e+00,1.720805126219697723e+00
-1.434197959982078885e+00,0.000000000000000000e+00,0.000000000000000000e+00,0.000000000000000000e+00,1.705090567097103049e+00,5.862320732251812272e-01,0.000000000000000000e+00,-1.594012112415448934e+00,0.000000000000000000e+00,-1.356039259072644443e+00,0.000000000000000000e+00,0.000000000000000000e+00,5.821631663525601574e-01,1.060734069053799189e+00,1.745209390759106194e+00,0.000000000000000000e+00,0.000000000000000000e+00,0.000000000000000000e+00,1.054569098728408205e+00,-5.913741648644705862e-01
0.000000000000000000e+00,0.000000000000000000e+00,0.000000000000000000e+00,-1.923964881768628121e+00,0.000000000000000000e+00,0.000000000000000000e+00,0.000000000000000000e+00,0.000000000000000000e+00,0.000000000000000000e+00,0.000000000000000000e+00,0.000000000000000000e+00,0.000000000000000000e+00,0.000000000000000000e+00,0.000000000000000000e+00,0.000000000000000000e+00,0.000000000000000000e+00,0.000000000000000000e+00,0.000000000000000000e+00,0.000000000000000000e+00,0.000000000000000000e+00
0.000000000000000000e+00,0.000000000000000000e+00,0.000000000000000000e+00,0.000000000000000000e+00,0.000000000000000000e+00,0.000000000000000000e+00,0.000000000000000000e+00,0.000000000000000000e+00,0.000000000000000000e+00,0.000000000000000000e+00,0.000000000000000000e+00,-7.190681886300014369e-01,0.000000000000000000e+00,0.000000000000000000e+00,0.000000000000000000e+00,0.000000000000000000e+00,0.000000000000000000e+00,0.000000000000000000e+00,0.000000000000000000e+00,0.000000000000000000e+00
