4.602251797767575869e-02
-5.626167808397297687e-02
3.039674197377950637e-01
1.567007435957081807e-01
-3.867340578342592927e-02
4.039515305692051861e-01
-4.257462062519170587e-01
-3.388123476769420162e-01
2.594619471227619378e-01
-1.903533396064548411e-01
2.916137982057765976e-01
-1.016625530067917227e-01
-1.677540006716796706e-01
-4.307122905858452588e-01
4.848895443422640561e-01
-2.812563143597923698e-01
-2.653741183139114446e-01
-3.983675162655330171e-01
9.160812055327727244e-02
4.406848688008265791e-01
