-4.880042314517600843e-01
-2.497301977271481066e-01
3.336608606205099248e-01
-4.869550898359376045e-01
-2.190730983536967047e-01
-3.539130976867713718e-01
-1.964737887896025326e-01
3.726800125790944440e-01
-1.313816251327838414e-01
4.867116522872296791e-01
-2.581742534347748474e-01
-4.248787904078030753e-01
-2.739925137544655387e-01
-1.190846645918710589e-01
2.186172679904582195e-01
3.861452989649765133e-01
9.201578081555972233e-03
7.555527833274511273e-03
3.281829689705678677e-01
-2.995383865395375711e-01
