4.588689813677211404e-01
-4.172857604638424700e-02
-2.324735312954312461e-01
-3.038926933571515221e-01
-2.619386171257980234e-01
-2.295816107071225742e-01
-3.389593878984404896e-01
-3.588261897416236135e-01
4.825446584515843407e-01
-2.699105278414496434e-01
8.534667298436449112e-02
3.584907737279596773e-03
-4.290768088099581323e-01
-2.351402608525160476e-01
-1.769227516380387222e-01
-4.082173329851042087e-01
3.284421915279862603e-01
-9.635006387131439531e-03
1.729436421140069235e-01
-3.101123500183385895e-01
