3.568446768855039197e-01
2.343347901882225637e-01
-4.820942778963274167e-01
-2.226017125757770998e-01
-3.477452650830491487e-01
3.774425251882644883e-01
4.112388676727937176e-01
-4.293444013009189986e-01
1.386020367019060728e-01
-3.606844065429175572e-01
1.657932370774201081e-01
3.985856621015676504e-01
-5.981081107223074067e-02
-7.850818486751620640e-03
-3.073623424568393547e-01
4.229411000148872724e-01
6.468696241852922579e-02
-1.856481848424240688e-01
3.989959633690931540e-02
-1.669152758384638835e-01
