4.421476149175944670e-01
-4.942033184508412003e-01
2.134238674692082727e-01
-3.608333152614642270e-01
9.314765709935968196e-02
4.043846408525261227e-01
2.049190529530988680e-01
-1.351396306118327617e-01
6.978353227991151986e-02
1.459057069028776299e-01
-1.682324187977680685e-01
-3.370368820879960925e-01
-3.908828405073608847e-01
-2.669423912364919937e-01
-4.121039175625340611e-02
-4.833154939404484818e-01
-4.976591966295952352e-01
-4.909524486290363088e-01
-3.853388384661065036e-01
-2.913677201024273966e-01
