2.351387587714203198e-01
4.469710532138563286e-01
4.624017020628556907e-02
4.347552353554992033e-01
4.534367996954875579e-01
-3.073396415824829475e-01
-2.880325830467193038e-01
1.267223612625596463e-01
4.782761978783924839e-01
1.069796393982462845e-01
1.323671642822183969e-01
-1.144424240047161589e-01
-2.802381419195529855e-01
2.841513543787106411e-01
-1.029643664416213245e-02
-3.632588023148342060e-01
4.940828150313694156e-01
9.053374581514861408e-02
7.166638903826516582e-02
4.076811018969204170e-01
