-3.156614070050119958e-01
4.065279982122494973e-01
1.513272513425891752e-01
-9.177893740959652824e-02
-4.465314375103710542e-01
1.991263224998787162e-01
4.393287302534409910e-03
2.091220832541569319e-01
3.577672707923681417e-01
4.259347233204875405e-01
3.965645320336238511e-01
4.448111008081392370e-01
-1.288424114617149341e-01
-8.406103085132055064e-02
-1.470934542696028524e-01
4.765953142101692075e-01
1.193238855661499231e-01
-2.137680738180887108e-01
-5.361488132584335542e-02
3.552440017523055271e-01
