4.254723714433983339e-02
4.660883464198759540e-01
-2.381042655973485411e-01
4.728531534908443357e-01
-1.760596032167532909e-01
-3.384500590899373051e-01
4.450973053163100879e-01
-4.861501363148346133e-01
-3.315609841708415662e-01
2.916511934060398437e-01
-2.272547648513824070e-01
1.668972034258893178e-01
1.577474737464451549e-01
4.996977126517949674e-01
-4.412906031030794374e-02
-4.062615143351224756e-01
2.297599652588966368e-02
1.625118879387672521e-01
-3.623267315286393675e-02
3.860044250286938095e-01
