-1.554293801080307569e-01
2.536487046898774356e-01
9.465403561238838748e-02
1.486274944182385260e-01
-1.036319271801557917e-01
1.012220267294346998e-01
-1.071471053255186323e-01
1.576193562705422435e-01
-1.064469905400911021e-02
-1.585327945277955619e-01
2.483831656375912189e-02
2.842671889680952191e-01
-1.411700128240495067e-01
-3.720611839229482909e-01
-4.792080993609426631e-02
1.390887305634812554e-01
-3.706040738768240361e-01
3.090435563460091073e-01
-1.332939282540771542e-01
1.691470886986463640e-01
