-1.484224330521051183e-01
-1.501427221088469377e-01
-3.355941886610943614e-01
-7.587300121471973746e-02
1.290347138058013376e-01
4.954944115688052486e-01
4.688236899178079842e-01
2.292852694367886190e-01
1.241128875529898812e-01
3.023013817795446867e-01
1.519731778440103209e-02
-9.682193117389314985e-02
-5.258912328611631271e-02
1.932006254351109620e-01
3.098936835514575217e-01
-3.964265530630622925e-01
-7.080988669690480020e-02
-1.026038392586648973e-01
1.204630739734882106e-01
-2.745598190865646826e-01
