0.000000000000000000e+00,0.000000000000000000e+00,0.000000000000000000e+00,0.000000000000000000e+00,0.000000000000000000e+00,0.000000000000000000e+00,0.000000000000000000e+00,0.000000000000000000e+00,0.000000000000000000e+00,0.000000000000000000e+00,0.000000000000000000e+00,-7.607342820845213183e-01,0.000000000000000000e+00,0.000000000000000000e+00,-8.276706222380236788e-01,9.681895767723653901e-01,0.000000000000000000e+00,0.000000000000000000e+00,0.000000000000000000e+00,0.000000000000000000e+00
0.000000000000000000e+00,0.000000000000000000e+00,0.000000000000000000e+00,0.000000000000000000e+00,0.000000000000000000e+00,0.000000000000000000e+00,0.000000000000000000e+00,0.000000000000000000e+00,0.000000000000000000e+00,0.000000000000000000e+00,0.000000000000000000e+00,0.000000000000000000e+00,0.000000000000000000e+00,0.000000000000000000e+00,0.000000000000000000e+00,0.000000000000000000e+00,0.000000000000000000e+00,0.000000000000000000e+00,0.000000000000000000e+00,0.000000000000000000e+00
-9.164623399508275980e-01,-6.382453342281101394e-01,0.000000000000000000e+00,0.000000000000000000e+00,0.000000000000000000e+00,-6.316426958424220528e-01,9.259382620811515974e-01,-6.857247783733316782e-01,0.000000000000000000e+00,-5.708353912771236827e-01,-9.902326716322871203e-01,0.000000000000000000e+00,5.513121778682650298e-01,0.000000000000000000e+00,0.000000000000000000e+00,0.000000000000000000e+00,0.000000000000000000e+00,6.055173105861779703e-01,0.000000000000000000e+00,8.516438762029803211e-01
6.796843374671488469e-01,0.000000000000000000e+00,5.368891589403491649e-01,0.000000000000000000e+00,0.000000000000000000e+00,0.000000000000000000e+00,0.000000000000000000e+00,-5.692148033920190198e-01,0.000000000000000000e+00,0.000000000000000000e+00,8.559484726019401801e-01,-8.939534853265933556e-01,-7.309868265017575029e-01,0.000000000000000000e+00,0.000000000000000000e+00,-9.592878052245910059e-01,0.000000000000000000e+00,-8.826402062531812920e-01,-7.750652902987322790e-01,0.000000000000000000e+00
0.000000000000000000e+00,6.494831371713952750e-01,0.000000000000000000e+00,0.000000000000000000e+00,0.000000000000000000e+00,0.000000000000000000e+00,0.000000000000000000e+00,0.000000000000000000e+00,0.000000000000000000e+00,0.000000000000000000e+00,0.000000000000000000e+00,0.000000000000000000e+00,0.000000000000000000e+00,0.000000000000000000e+00,0.000000000000000000e+00,0.000000000000000000e+00,0.000000000000000000e+00,0.000000000000000000e+00,7.323704303822158312e-01,0.000000000000000000e+00
0.000000000000000000e+00,0.000000000000000000e+00,0.000000000000000000e+00,0.000000000000000000e+00,0.000000000000000000e+00,0.000000000000000000e+00,0.000000000000000000e+00,-5.147742069404033227e-01,0.000000000000000000e+00,-8.900799194511521684e-01,0.000000000000000000e+00,0.000000000000000000e+00,-6.414103237328436791e-01,0.000000000000000000e+00,0.000000000000000000e+00,0.000000000000000000e+00,0.000000000000000000e+00,0.000000000000000000e+00,0.000000000000000000e+00,0.000000000000000000e+00
0.000000000000000000e+00,0.000000000000000000e+00,0.000000000000000000e+00,0.000000000000000000e+00,8.914581951500277768e-01,0.000000000000000000e+00,0.000000000000000000e+00,0.000000000000000000e+00,8.444313706450452539e-01,8.006325557694361494e-01,0.000000000000000000e+00,7.317268963478986699e-01,0.000000000000000000e+00,0.000000000000000000e+00,0.000000000000000000e+00,0.000000000000000000e+00,0.000000000000000000e+00,0.000000000000000000e+00,-6.057374753725486283e-01,0.000000000000000000e+00
0.000000000000000000e+00,0.000000000000000000e+00,0.000000000000000000e+00,0.000000000000000000e+00,0.000000000000000000e+00,0.000000000000000000e+00,0.000000000000000000e+00,0.000000000000000000e+00,-8.355690446253880577e-01,7.327504821520689493e-01,0.000000000000000000e+00,5.188443213461143566e-01,8.697901443849707093e-01,0.000000000000000000e+00,0.000000000000000000e+00,0.000000000000000000e+00,0.000000000000000000e+00,0.000000000000000000e+00,-8.008156783831004155e-01,-8.698889962766308548e-01
0.000000000000000000e+00,0.000000000000000000e+00,0.000000000000000000e+00,0.000000000000000000e+00,9.936664656357190317e-01,0.000000000000000000e+00,0.000000000000000000e+00,0.000000000000000000e+00,0.000000000000000000e+00,0.000000000000000000e+00,0.000000000000000000e+00,0.000000000000000000e+00,0.000000000000000000e+00,0.000000000000000000e+00,0.000000000000000000e+00,0.000000000000000000e+00,0.000000000000000000e+00,0.000000000000000000e+00,0.000000000000000000e+00,0.000000000000000000e+00
0.000000000000000000e+00,0.000000000000000000e+00,0.000000000000000000e+00,0.000000000000000000e+00,0.000000000000000000e+00,0.000000000000000000e+00,0.000000000000000000e+00,0.000000000000000000e+00,0.000000000000000000e+00,0.000000000000000000e+00,0.000000000000000000e+00,0.000000000000000000e+00,0.000000000000000000e+00,0.000000000000000000e+00,8.749442410194994135e-01,0.000000000000000000e+00,0.000000000000000000e+00,0.000000000000000000e+00,0.000000000000000000e+00,0.000000000000000000e+00
0.000000000000000000e+00,-7.791337455853484251e-01,0.000000000000000000e+00,0.000000000000000000e+00,-9.828307318465780984e-01,0.000000000000000000e+00,0.000000000000000000e+00,-8.193639766432410099e-01,7.061796983975050512e-01,8.497779233020607004e-01,0.000000000000000000e+00,0.000000000000000000e+00,0.000000000000000000e+00,0.000000000000000000e+00,0.000000000000000000e+00,0.000000000000000000e+00,0.000000000000000000e+00,0.000000000000000000e+00,0.000000000000000000e+00,0.000000000000000000e+00
0.000000000000000000e+00,6.711355006445364202e-01,0.000000000000000000e+00,0.000000000000000000e+00,-7.820504032349355761e-01,0.000000000000000000e+00,0.000000000000000000e+00,0.000000000000000000e+00,0.000000000000000000e+00,0.000000000000000000e+00,0.000000000000000000e+00,0.000000000000000000e+00,0.000000000000000000e+00,0.000000000000000000e+00,0.000000000000000000e+00,0.000000000000000000e+00,0.000000000000000000e+00,0.000000000000000000e+00,0.000000000000000000e+00,0.000000000000000000e+00
0.000000000000000000e+00,0.000000000000000000e+00,0.000000000000000000e+00,0.000000000000000000e+00,9.093730015338978845e-01,0.000000000000000000e+00,0.000000000000000000e+00,0.000000000000000000e+00,7.654448415053896060e-01,0.000000000000000000e+00,0.000000000000000000e+00,0.000000000000000000e+00,0.000000000000000000e+00,0.000000000000000000e+00,-5.355003653343555214e-01,0.000000000000000000e+00,0.000000000000000000e+00,0.000000000000000000e+00,0.000000000000000000e+00,0.000000000000000000e+00
-7.187084305267232853e-01,0.000000000000000000e+00,0.000000000000000000e+00,0.000000000000000000e+00,-9.563986007348665996e-01,0.000000000000000000e+00,0.000000000000000000e+00,-8.911584219883299518e-01,0.000000000000000000e+00,0.000000000000000000e+00,0.000000000000000000e+00,-6.580138382577989109e-01,0.000000000000000000e+00,0.000000000000000000e+00,0.000000000000000000e+00,0.000000000000000000e+00,0.000000000000000000e+00,-5.469819427761286601e-01,5.083728956562658663e-01,0.000000000000000000e+00
0.000000000000000000e+00,0.000000000000000000e+00,0.000000000000000000e+00,0.000000000000000000e+00,-6.451692619249033145e-01,0.000000000000000000e+00,0.000000000000000000e+00,0.000000000000000000e+00,0.000000000000000000e+00,0.000000000000000000e+00,0.000000000000000000e+00,0.000000000000000000e+00,0.000000000000000000e+00,0.000000000000000000e+00,0.000000000000000000e+00,0.000000000000000000e+00,0.000000000000000000e+00,0.000000000000000000e+00,9.961269073274210406e-01,0.000000000000000000e+00
0.000000000000000000e+00,-6.312223238071492659e-01,0.000000000000000000e+00,0.000000000000000000e+00,0.000000000000000000e+00,0.000000000000000000e+00,0.000000000000000000e+00,0.000000000000000000e+00,0.000000000000000000e+00,0.000000000000000000e+00,9.406029640724882235e-01,-6.735649121074953616e-01,9.845091809403285765e-01,0.000000000000000000e+00,0.000000000000000000e+00,0.000000000000000000e+00,0.000000000000000000e+00,0.000000000000000000e+00,0.000000000000000000e+00,0.000000000000000000e+00
0.000000000000000000e+00,7.291972008240179548e-01,0.000000000000000000e+00,0.000000000000000000e+00,-5.136605290024484072e-01,-7.468402829807911925e-01,-5.475398824579056356e-01,0.000000000000000000e+00,0.000000000000000000e+00,0.000000000000000000e+00,0.000000000000000000e+00,7.598297186688010019e-01,0.000000000000000000e+00,6.536166575821220626e-01,-7.532531793587429192e-01,0.000000000000000000e+00,0.000000000000000000e+00,5.565974557654711496e-01,0.000000000000000000e+00,9.899749183345035730e-01
0.000000000000000000e+00,7.064151273217069704e-01,0.000000000000000000e+00,0.000000000000000000e+00,-8.292999914507035442e-01,-8.050083795480940108e-01,-6.561866753913359052e-01,0.000000000000000000e+00,0.000000000000000000e+00,0.000000000000000000e+00,0.000000000000000000e+00,0.000000000000000000e+00,0.000000000000000000e+00,0.000000000000000000e+00,-7.538698249443198662e-01,0.000000000000000000e+00,0.000000000000000000e+00,0.000000000000000000e+00,5.138672252122398199e-01,-5.944460653682215323e-01
0.000000000000000000e+00,0.000000000000000000e+00,0.000000000000000000e+00,0.000000000000000000e+00,0.000000000000000000e+00,0.000000000000000000e+00,0.000000000000000000e+00,0.000000000000000000e+00,0.000000000000000000e+00,0.000000000000000000e+00,0.000000000000000000e+00,0.000000000000000000e+00,0.000000000000000000e+00,0.000000000000000000e+00,0.000000000000000000e+00,0.000000000000000000e+00,0.000000000000000000e+00,0.000000000000000000e+00,0.000000000000000000e+00,0.000000000000000000e+00
0.000000000000000000e+00,0.000000000000000000e+00,0.000000000000000000e+00,0.000000000000000000e+00,0.000000000000000000e+00,0.000000000000000000e+00,-5.467161468362413679e-01,0.000000000000000000e+00,0.000000000000000000e+00,0.000000000000000000e+00,0.000000000000000000e+00,0.000000000000000000e+00,9.794977027777542755e-01,0.000000000000000000e+00,0.000000000000000000e+00,0.000000000000000000e+00,0.000000000000000000e+00,0.000000000000000000e+00,0.000000000000000000e+00,0.000000000000000000e+00
