0.000000000000000000e+00,6.702642419117708084e-01,0.000000000000000000e+00,0.000000000000000000e+00,0.000000000000000000e+00,0.000000000000000000e+00,6.464101924947087685e-01,0.000000000000000000e+00,0.000000000000000000e+00,0.000000000000000000e+00,0.000000000000000000e+00,0.000000000000000000e+00,0.000000000000000000e+00,0.000000000000000000e+00,0.000000000000000000e+00,0.000000000000000000e+00,0.000000000000000000e+00,0.000000000000000000e+00,8.188635111214555007e-01,7.363435605969594899e-01
0.000000000000000000e+00,0.000000000000000000e+00,0.000000000000000000e+00,0.000000000000000000e+00,0.000000000000000000e+00,0.000000000000000000e+00,0.000000000000000000e+00,0.000000000000000000e+00,0.000000000000000000e+00,0.000000000000000000e+00,0.000000000000000000e+00,0.000000000000000000e+00,0.000000000000000000e+00,5.110858538771678727e-01,0.000000000000000000e+00,0.000000000000000000e+00,0.000000000000000000e+00,0.000000000000000000e+00,0.000000000000000000e+00,0.000000000000000000e+00
0.000000000000000000e+00,0.000000000000000000e+00,0.000000000000000000e+00,0.000000000000000000e+00,0.000000000000000000e+00,0.000000000000000000e+00,0.000000000000000000e+00,0.000000000000000000e+00,0.000000000000000000e+00,0.000000000000000000e+00,0.000000000000000000e+00,0.000000000000000000e+00,0.000000000000000000e+00,6.615348952495303525e-01,0.000000000000000000e+00,0.000000000000000000e+00,0.000000000000000000e+00,0.000000000000000000e+00,8.985067260520520627e-01,-7.731156469129639719e-01
0.000000000000000000e+00,0.000000000000000000e+00,0.000000000000000000e+00,0.000000000000000000e+00,0.000000000000000000e+00,0.000000000000000000e+00,0.000000000000000000e+00,0.000000000000000000e+00,0.000000000000000000e+00,0.000000000000000000e+00,0.000000000000000000e+00,0.000000000000000000e+00,0.000000000000000000e+00,0.000000000000000000e+00,0.000000000000000000e+00,0.000000000000000000e+00,0.000000000000000000e+00,0.000000000000000000e+00,0.000000000000000000e+00,0.000000000000000000e+00
9.798703142497087182e-01,0.000000000000000000e+00,6.952348749000163419e-01,9.180741094456161822e-01,0.000000000000000000e+00,0.000000000000000000e+00,-6.534490877150658239e-01,0.000000000000000000e+00,0.000000000000000000e+00,0.000000000000000000e+00,0.000000000000000000e+00,-9.294481518229229522e-01,0.000000000000000000e+00,-5.732601131227801350e-01,0.000000000000000000e+00,0.000000000000000000e+00,0.000000000000000000e+00,0.000000000000000000e+00,0.000000000000000000e+00,0.000000000000000000e+00
5.378042272561935899e-01,0.000000000000000000e+00,8.024911671400152269e-01,8.426843611782999233e-01,0.000000000000000000e+00,0.000000000000000000e+00,0.000000000000000000e+00,0.000000000000000000e+00,0.000000000000000000e+00,0.000000000000000000e+00,0.000000000000000000e+00,5.944457856732183743e-01,0.000000000000000000e+00,0.000000000000000000e+00,0.000000000000000000e+00,0.000000000000000000e+00,0.000000000000000000e+00,0.000000000000000000e+00,6.898080548142930812e-01,0.000000000000000000e+00
0.000000000000000000e+00,0.000000000000000000e+00,0.000000000000000000e+00,-7.805171869527468553e-01,0.000000000000000000e+00,0.000000000000000000e+00,0.000000000000000000e+00,0.000000000000000000e+00,0.000000000000000000e+00,0.000000000000000000e+00,0.000000000000000000e+00,0.000000000000000000e+00,0.000000000000000000e+00,-7.492598730622654912e-01,0.000000000000000000e+00,0.000000000000000000e+00,0.000000000000000000e+00,0.000000000000000000e+00,0.000000000000000000e+00,-9.990676365278066129e-01
0.000000000000000000e+00,-9.744380738487196103e-01,0.000000000000000000e+00,5.215881106852944260e-01,0.000000000000000000e+00,-5.184736140891437195e-01,8.512592977756947565e-01,0.000000000000000000e+00,0.000000000000000000e+00,0.000000000000000000e+00,-8.030518595244289237e-01,0.000000000000000000e+00,0.000000000000000000e+00,0.000000000000000000e+00,0.000000000000000000e+00,0.000000000000000000e+00,-8.641645805889508480e-01,0.000000000000000000e+00,0.000000000000000000e+00,0.000000000000000000e+00
0.000000000000000000e+00,0.000000000000000000e+00,0.000000000000000000e+00,0.000000000000000000e+00,0.000000000000000000e+00,0.000000000000000000e+00,7.995646078153797465e-01,0.000000000000000000e+00,0.000000000000000000e+00,0.000000000000000000e+00,-7.499572917041754661e-01,5.265651081489909346e-01,6.484741587719464739e-01,0.000000000000000000e+00,0.000000000000000000e+00,0.000000000000000000e+00,7.686305525053629406e-01,5.122389537264006032e-01,0.000000000000000000e+00,0.000000000000000000e+00
0.000000000000000000e+00,0.000000000000000000e+00,0.000000000000000000e+00,0.000000000000000000e+00,0.000000000000000000e+00,0.000000000000000000e+00,0.000000000000000000e+00,5.217888270233566050e-01,0.000000000000000000e+00,0.000000000000000000e+00,-7.131437819242647524e-01,0.000000000000000000e+00,0.000000000000000000e+00,0.000000000000000000e+00,0.000000000000000000e+00,-7.562096452483028086e-01,0.000000000000000000e+00,0.000000000000000000e+00,0.000000000000000000e+00,-6.639193167013593966e-01
-7.785425474077491970e-01,9.621462423158906319e-01,7.742246421267546808e-01,0.000000000000000000e+00,0.000000000000000000e+00,-9.201554527621689239e-01,0.000000000000000000e+00,0.000000000000000000e+00,0.000000000000000000e+00,0.000000000000000000e+00,0.000000000000000000e+00,0.000000000000000000e+00,0.000000000000000000e+00,0.000000000000000000e+00,0.000000000000000000e+00,0.000000000000000000e+00,-7.335842040442027701e-01,0.000000000000000000e+00,8.961338047604101575e-01,0.000000000000000000e+00
0.000000000000000000e+00,-8.046228336687004656e-01,0.000000000000000000e+00,8.581315086451315466e-01,0.000000000000000000e+00,0.000000000000000000e+00,0.000000000000000000e+00,0.000000000000000000e+00,0.000000000000000000e+00,0.000000000000000000e+00,0.000000000000000000e+00,0.000000000000000000e+00,0.000000000000000000e+00,0.000000000000000000e+00,0.000000000000000000e+00,0.000000000000000000e+00,0.000000000000000000e+00,0.000000000000000000e+00,0.000000000000000000e+00,0.000000000000000000e+00
7.126465387663586393e-01,7.436503796691833479e-01,7.234360589193371549e-01,0.000000000000000000e+00,-6.736107843187810751e-01,7.352827871994054298e-01,8.110655361409223607e-01,8.051691722043041732e-01,0.000000000000000000e+00,0.000000000000000000e+00,0.000000000000000000e+00,-9.905467847297949602e-01,0.000000000000000000e+00,6.415586323317441497e-01,0.000000000000000000e+00,0.000000000000000000e+00,9.053586277646419322e-01,0.000000000000000000e+00,0.000000000000000000e+00,9.420858728365457679e-01
0.000000000000000000e+00,0.000000000000000000e+00,0.000000000000000000e+00,0.000000000000000000e+00,0.000000000000000000e+00,0.000000000000000000e+00,0.000000000000000000e+00,0.000000000000000000e+00,0.000000000000000000e+00,0.000000000000000000e+00,0.000000000000000000e+00,0.000000000000000000e+00,0.000000000000000000e+00,0.000000000000000000e+00,0.000000000000000000e+00,0.000000000000000000e+00,0.000000000000000000e+00,0.000000000000000000e+00,0.000000000000000000e+00,0.000000000000000000e+00
0.000000000000000000e+00,6.842873643048452692e-01,0.000000000000000000e+00,7.231050855000868971e-01,0.000000000000000000e+00,0.000000000000000000e+00,0.000000000000000000e+00,0.000000000000000000e+00,0.000000000000000000e+00,0.000000000000000000e+00,0.000000000000000000e+00,0.000000000000000000e+00,0.000000000000000000e+00,0.000000000000000000e+00,0.000000000000000000e+00,0.000000000000000000e+00,-8.141660724307617780e-01,0.000000000000000000e+00,0.000000000000000000e+00,0.000000000000000000e+00
6.118824492752776845e-01,0.000000000000000000e+00,9.064695582240825944e-01,0.000000000000000000e+00,0.000000000000000000e+00,-6.574494572534981263e-01,9.143701172911009589e-01,0.000000000000000000e+00,0.000000000000000000e+00,0.000000000000000000e+00,0.000000000000000000e+00,0.000000000000000000e+00,0.000000000000000000e+00,0.000000000000000000e+00,-5.562438263528444171e-01,0.000000000000000000e+00,0.000000000000000000e+00,0.000000000000000000e+00,5.882651752948405699e-01,0.000000000000000000e+00
0.000000000000000000e+00,0.000000000000000000e+00,0.000000000000000000e+00,0.000000000000000000e+00,0.000000000000000000e+00,0.000000000000000000e+00,0.000000000000000000e+00,0.000000000000000000e+00,0.000000000000000000e+00,0.000000000000000000e+00,0.000000000000000000e+00,-6.142826053963224009e-01,0.000000000000000000e+00,0.000000000000000000e+00,0.000000000000000000e+00,0.000000000000000000e+00,0.000000000000000000e+00,0.000000000000000000e+00,0.000000000000000000e+00,-5.823165000400885027e-01
5.465424372388498764e-01,0.000000000000000000e+00,0.000000000000000000e+00,0.000000000000000000e+00,6.421838540269666495e-01,-6.214748190881013157e-01,0.000000000000000000e+00,5.217053953257968502e-01,0.000000000000000000e+00,-7.078331097297623220e-01,0.000000000000000000e+00,0.000000000000000000e+00,5.770449896592180217e-01,8.821548937675821600e-01,7.992324482247673556e-01,0.000000000000000000e+00,0.000000000000000000e+00,0.000000000000000000e+00,-5.774971779500543967e-01,7.031659056446819545e-01
0.000000000000000000e+00,0.000000000000000000e+00,0.000000000000000000e+00,5.307111750801514205e-01,0.000000000000000000e+00,0.000000000000000000e+00,0.000000000000000000e+00,0.000000000000000000e+00,0.000000000000000000e+00,0.000000000000000000e+00,0.000000000000000000e+00,0.000000000000000000e+00,0.000000000000000000e+00,0.000000000000000000e+00,0.000000000000000000e+00,0.000000000000000000e+00,0.000000000000000000e+00,0.000000000000000000e+00,0.000000000000000000e+00,0.000000000000000000e+00
0.000000000000000000e+00,0.000000000000000000e+00,0.000000000000000000e+00,0.000000000000000000e+00,0.000000000000000000e+00,0.000000000000000000e+00,0.000000000000000000e+00,0.000000000000000000e+00,0.000000000000000000e+00,0.000000000000000000e+00,0.000000000000000000e+00,-8.214136339891546790e-01,0.000000000000000000e+00,0.000000000000000000e+00,0.000000000000000000e+00,0.000000000000000000e+00,0.000000000000000000e+00,0.000000000000000000e+00,0.000000000000000000e+00,0.000000000000000000e+00
