-3.607274567564888734e-01
1.160922646796076929e+00
1.372663670265226621e+00
-1.229356519126710179e+00
-1.669000905109204513e+00
-1.390131475291759955e+00
1.786903302247039527e+00
1.237937091020156810e+00
-8.375985820541487215e-02
-8.810863752678028682e-01
1.348240185018121817e+00
2.901738729303904307e-02
5.541188596140873557e-01
-1.027555374629197882e+00
-1.507289609020264098e+00
-4.356716982981811981e-02
-8.543146443684199731e-01
1.152984558578318719e+00
1.153875880286115763e+00
1.835123132667100254e+00
