-4.091703149968588527e-01
-2.105624530207856893e-01
1.493181307413138370e+00
-5.945707619728133331e-01
-1.739369605512771422e+00
-2.293097726003088255e-01
1.993836504038830615e+00
-4.809085493087286167e-01
-1.227781133243697198e+00
-1.819479453608772168e+00
-1.316124469578554557e+00
-7.037423825219208950e-01
2.971133418483664634e-01
6.623536630251338764e-01
-1.828724303219153580e+00
1.744720412775345064e+00
-1.057446620554992389e+00
-1.403751969326278104e+00
1.233177362491582052e-01
7.103432760171868310e-01
