-1.937500695460229405e+00
-1.284244227047247389e+00
-3.543736233268135472e-01
1.025247120256180366e+00
-3.081871882189051171e-01
1.480012988340454694e+00
-1.552160133713329948e+00
1.479158207443569850e+00
-3.974780116379323935e-01
-3.846176696823691010e-01
-6.656684935565531092e-01
1.190417250600445787e+00
-1.266051106785875291e+00
-3.027067293165099926e-01
1.907113063524098262e+00
1.918704959013680877e+00
1.905519159937763884e+00
-1.163613403610283648e+00
1.223515798265734311e+00
1.166973132685540371e+00
