1.578565679051175064e+00
7.154372427930764111e-01
-1.325637927822715945e+00
1.312288169435253948e-01
-6.965124870034631321e-01
8.422540352811975772e-01
5.098487623952889791e-01
-1.241821459512815640e+00
-1.031550831423650560e+00
8.181765366052498045e-01
7.006478267033622309e-01
-7.510239358469577020e-01
-8.703558759584639759e-02
-1.312182245219384313e-01
-1.502230934536920692e+00
4.842309390258017210e-01
-9.422510615550865332e-01
-1.604136592918679050e-01
-1.712956861533667219e+00
4.561698471618642614e-01
