7.470595294702793154e-01
-1.076968501329473860e-01
-1.210626807496713475e+00
-1.080941179914517214e+00
1.960421496710914369e+00
-1.468963602278614555e+00
1.734656538802206605e+00
1.949203405635907327e+00
-1.809019897770758334e+00
-1.779779573941102200e+00
-1.353919301675645226e+00
1.066248465693634628e+00
1.526111458776732377e+00
-4.893978647748995492e-01
1.358124756971607283e+00
-8.054140236276734477e-01
-6.963865505755846286e-01
-8.172144759211601439e-01
-2.089846178779217745e-01
1.138794605806485727e+00
