9.631138825806897508e-01
-4.800108347145051191e-01
5.343698015310001104e-01
9.412191467010080359e-01
-1.691746719899368756e+00
1.017509783595536899e+00
-7.363396796901779950e-01
1.271384045062075696e+00
-1.785537003069836093e+00
1.136101753943337123e+00
-3.906922028540367187e-01
8.428741231611702744e-02
-1.402034891441908293e+00
-8.426762114373644863e-01
1.583194986405906945e-01
-1.426517190404799518e+00
-1.328540752633886157e+00
-2.560213034694740486e-01
5.297961012668350733e-02
-1.819814631155283635e+00
