1.054914357420721593e+00
1.901416067013912414e+00
-7.000846456541172103e-01
-1.678384703298631653e+00
9.537341325718409202e-01
-1.184488933181458314e+00
-1.667716167843940500e+00
-9.078606460076037443e-01
-1.911801020082838143e+00
-1.990013143607809454e-01
1.885954382110867300e+00
-1.321494676317040984e+00
-1.898221429787460224e+00
-1.559337541565304353e+00
7.927604156392105139e-01
8.010943704907909080e-01
-3.371011908696344150e-01
-1.883035214067632523e+00
-4.372466203682709995e-01
7.968065692266450561e-01
