8.354282429029482593e-01
-1.886392597092885648e+00
9.593782641522872190e-01
-1.634618685287076545e+00
-6.945328170754021535e-01
1.181453485816123639e+00
9.884953756390140178e-01
-5.747905604359879739e-01
8.086084815233900436e-01
-9.354182084504074624e-01
1.373279321321267954e+00
8.625258584092270198e-01
-3.381692676771046457e-01
-5.457332169252882004e-01
1.335558530416821377e+00
1.017472071088020957e+00
-1.318984833174597693e+00
6.409161429221654771e-02
1.561802514320090207e+00
-1.653948597305319179e+00
