-5.885563485649019100e-01
-6.160466667306137012e-01
1.224666052666035121e+00
-1.862797717617540094e+00
2.620910157200779800e-01
1.901205196289354138e+00
4.455577911534556179e-01
-3.846904029703415162e-01
-8.174836182753990599e-01
1.210746281584117234e+00
1.912717741068307387e+00
-1.359983172060489576e+00
-1.495389681468282994e+00
-1.207503282701575031e+00
1.569019394130623191e+00
1.066679005809401115e+00
9.294470133765577735e-01
-1.451055697253955667e+00
-1.164297735679441281e+00
2.817479256410515553e-01
