-1.799423867748595196e+00
-1.396534016721664440e+00
1.922916580887897631e+00
8.913724491551677787e-02
-2.087892077373911803e-01
3.072392059373485473e-01
9.986829022374359432e-01
-4.419874701250474658e-01
5.444659962416009691e-02
-1.202448386605992514e+00
-1.072413942987086699e+00
1.882401920321446820e+00
-1.521528155510568414e+00
6.978680485342625417e-02
6.967450010834821406e-01
-1.207476589815942969e+00
1.373105351352137848e+00
1.392857037894443817e+00
-1.647926159009330149e+00
-1.948397954141744659e+00
