8.057052583183956784e-01
1.089339621862655427e+00
1.541925327504740206e+00
3.250387376789800609e-01
6.671795697254176982e-01
1.897390097483333982e+00
1.119519664352550015e+00
1.428123783977898409e+00
5.804541931785323072e-01
1.037047988347361560e-02
1.164846374920952332e+00
6.502325637115990986e-01
1.144128091575566941e-01
4.436597972337248397e-01
2.080755763378394629e-01
1.978233592093505688e+00
1.745493080300580147e+00
1.240261270535861771e+00
9.907839212026108289e-01
2.380842636733713213e-01
