1.226656119118247457e+00
1.988688371320104231e+00
1.778438750855847239e+00
1.411379608854202550e+00
1.571050595533145966e+00
8.337054325274919631e-01
5.961591098321377125e-01
7.372565637693671015e-01
1.628441634600967802e-01
1.267590396059264934e+00
3.497300444253477192e-01
1.525756422320077021e+00
3.799529245276254130e-01
4.562480505346730997e-01
1.914611278752335943e+00
2.107918240474551119e-01
9.976850784920596737e-01
1.253730148031944047e-01
1.807819841644127123e-01
1.267000724276853951e+00
