1.679197989695587312e+00
1.139185898460830515e+00
1.193616176115979366e+00
1.346615054096572228e+00
3.926734790138808329e-01
1.375804936739559725e-01
1.707999363400739545e+00
1.693215662739739003e+00
1.089286258264082097e+00
3.941404614126364780e-01
1.634488665443568856e+00
4.404899641127570931e-01
1.721830988438846521e+00
8.475364245909615679e-01
1.149790041135583252e-01
1.633747746062852668e+00
1.121254615444983838e+00
6.367162189614448131e-01
9.058639867893183428e-01
1.772399704974905399e+00
