1.572539343443996263e+00
1.495026413414602073e+00
2.852705345171773210e-01
1.054846967169791094e+00
4.956472306895991498e-01
1.418960556869298006e+00
8.362145914500387356e-01
1.827878865925847141e-01
9.235210963058806399e-01
9.626686351580096002e-01
7.764636626457188662e-01
1.779118108933018139e+00
3.383057831531661730e-01
5.876212389953330284e-01
7.947612343879644214e-01
1.282034956042893636e+00
7.807907980481303412e-01
1.632119504818535738e+00
1.919841792870299768e+00
1.455745457491523842e+00
