1.446067959331661879e+00
6.754163804764725665e-01
1.606593887189284864e+00
2.289822937140972847e-01
2.094508489519428807e-01
1.566468555167199961e+00
1.636133295604271787e+00
2.127165466245295455e-01
9.060759792325094875e-01
1.678475533784985263e+00
2.176303229075122747e-01
4.486702578552281828e-02
1.322190630580688087e+00
5.249099155115881654e-01
7.136119463103169913e-01
4.583332537158346653e-01
1.008824746715020204e-02
8.301121499335106790e-01
5.012883946837585203e-01
1.861217000190982906e+00
