1.646421246442337338e+00
8.104857808252696749e-01
4.351644442955280301e-01
1.499497562406609141e+00
1.482458110173137111e+00
9.023219289151374056e-01
4.943768461848130347e-01
9.258055628475303500e-01
3.232412483524469415e-01
3.452870281335116420e-01
1.273392190888798403e+00
4.989306309814072193e-01
1.620509527015761009e+00
7.354264311115532582e-01
1.812972283534693085e+00
1.416984963602018643e+00
1.845905958911613354e-01
1.246160878711433773e+00
2.228256328596827096e-01
4.217910275204732606e-01
