5.869336297434266658e-01
2.245237636848866902e-01
2.918917687250235371e-01
1.073974567430339144e+00
8.449740015101148138e-02
1.829250284422360373e+00
1.251246730376157634e+00
1.677636822666999983e+00
1.561857695828015258e+00
7.029448856287525693e-01
6.936400047154607229e-01
1.787290309644838038e+00
4.092838531085938314e-01
1.982151834480226471e+00
1.613089842932330376e+00
1.582421352322947561e+00
1.418656107257009857e+00
1.881706529961619356e+00
1.128108154440443434e+00
7.689097687114525570e-01
