1.672636909160642782e+00
7.228920210785170219e-01
7.664435970466947357e-01
1.823860687216046772e+00
1.455830111295662421e+00
3.162791532981417131e-01
1.337457885710018779e+00
5.697998578352818644e-01
1.791030030484005886e+00
1.956886693616639361e+00
5.108183189699657678e-01
1.788290752702571762e+00
1.698309176556519473e+00
1.877536561248980052e+00
2.693917747971610321e-01
1.440679234679749010e+00
1.651355239401468333e+00
7.380623550908782526e-02
7.105884574957599398e-01
4.085339525902582647e-01
