1.261454526117171016e+00
3.862405626483182974e-01
1.744973030516785206e+00
1.404373991365954755e+00
6.012211657423291999e-01
4.967731160178563421e-01
1.508570506261657451e+00
1.467247848265207599e+00
2.976638230628754211e-01
6.983756973405366164e-01
4.333544933168813618e-01
5.882883921717463327e-01
5.751279249897445212e-01
1.952047399926593929e+00
1.500422746221137027e+00
1.560104097871750195e+00
5.548463305312423266e-01
1.054170092736894659e-03
1.163140098439789938e-01
1.105999533313591465e+00
