4.063117829397917546e-01
2.075783498351249090e-01
1.569580173211579721e+00
1.243369485719766132e+00
1.739938908316481125e+00
6.268151619670310204e-01
1.122503936055320617e+00
8.484221206492392753e-02
1.693355390237108793e+00
3.823673290414788539e-01
2.292376052112807816e-01
9.691045029886997675e-01
1.489827442518954381e+00
4.195348664568339103e-01
4.669444484061504586e-01
6.311882116836671219e-01
1.622183421921399304e+00
1.494708788366036822e+00
5.397096497987194930e-01
5.102671171417756391e-01
