9.430027562985494605e-01
4.411863556404194142e-02
1.626345298899789071e+00
4.324740466278171880e-01
1.781252218771476326e+00
1.622514831702725147e+00
1.535204592402682477e+00
1.377033073671997565e+00
8.612540175063974068e-01
1.023144414408068137e-01
1.894870208581606041e+00
1.066932544038299957e+00
1.534575705590214278e+00
1.275893186689120773e+00
1.693892680604780265e+00
1.447930367240445548e+00
7.269975382569020539e-01
1.757025644472235859e+00
4.020438344339285486e-01
7.942538257019802206e-01
