5.291725131818687533e-01
4.005590959686955443e-02
3.432192747561484403e-01
1.903436265228466651e+00
9.028491940351675016e-01
1.973277392491744386e+00
1.231029592751247126e-01
1.524882093236042957e+00
1.208114706300134067e+00
1.952245096845757644e+00
1.576772146386209439e-01
1.561617866485927042e+00
1.841685904705538501e+00
1.894955812898624359e-02
9.934703873809316299e-01
1.204078941654647350e+00
4.241822812089306449e-01
7.100327400685071400e-01
1.546226402549211842e+00
2.092530954805600363e-01
