2.301988289246537089e-01
1.005396396495858102e+00
4.327042552882716109e-01
1.575552495881336501e+00
1.553952549614342482e+00
7.505082613481002252e-01
8.533591943731169138e-01
1.585670531936589356e-02
1.154165710284908997e+00
1.890454133556104699e+00
1.846411405972488984e+00
8.849349922280314029e-01
1.478231203913526359e+00
1.674258415144653789e-01
2.425470392073048043e-01
7.849707947028992105e-01
1.673085933413864135e+00
6.639073868717924043e-01
1.672517346110676595e+00
2.939035151842170901e-01
