7.679277798394514853e-01
1.865179818850505766e+00
1.400594114949420543e-01
1.897086725699614895e-02
1.053676719544571760e-01
1.770868212272362907e-01
7.519354641252173899e-02
9.595626537130095279e-01
1.161514414454655419e+00
5.433739421380081591e-01
7.965747679512711343e-01
1.833986702228602717e-01
6.727409276568441232e-01
1.045038383269046189e+00
1.464543614369290259e+00
6.692724085958445812e-03
9.346215330753051553e-01
5.940057529097644284e-01
1.705643643383802699e+00
1.431106630468483853e+00
