2.770129624682087233e+00
3.525804102044991506e+00
1.270472862002841596e-01
1.966695761562503586e+00
3.450324942852374122e+00
2.169194074815341100e+00
3.880834787435001321e+00
3.248315102499077511e-01
1.720533990319786266e+00
4.552729861305916614e+00
4.444504318089216532e+00
2.695940427695576957e+00
3.863119279821625618e+00
4.782470686548145444e+00
6.442611522527791346e-01
3.213359423556738204e+00
3.194661279281599597e+00
2.291155060770023510e+00
7.654037878762753877e-01
1.149349339672077752e+00
