3.880193347000362891e+00
2.043181519893377818e+00
2.340440694245514042e+00
9.886942262733183773e-01
5.517411942755273691e-01
3.186044292225761687e+00
9.587393416654815814e-01
3.557523415975416547e-01
1.077768418270658168e-01
3.884401930054866448e+00
3.005128047416852244e+00
2.926027837453840874e+00
2.442157491897206434e+00
3.966912683722013888e+00
3.082373832779011114e+00
3.763512923418904643e-01
3.928247477559474454e+00
3.630601881805749720e+00
2.854355164337381012e+00
4.913724043440570455e-01
