2.178910587357139494e+00
3.004244927489635231e+00
3.548658560668763062e+00
6.029116712840332237e-01
3.157010096981713421e+00
2.902388492209948101e+00
4.247300674954715305e+00
4.722575456920090176e+00
3.854377925028626528e+00
4.222453546756025133e+00
1.634629651882895551e+00
4.286649968676659039e-01
2.845773921136964368e+00
4.380354965175032866e+00
3.729092295826952785e+00
4.024517142377547430e+00
2.759141110192497859e-01
3.402895515428864925e+00
3.671191011616660838e+00
1.498714131343099609e+00
