4.868321535132507094e+00
3.417116607523371652e+00
2.241457721775323986e+00
1.025145624196158733e+00
1.219601344066326032e+00
3.045145183433391356e+00
2.480987725938470057e+00
3.123821725060724308e+00
1.359663510035186151e+00
4.334436167015271124e+00
3.163814908593573172e+00
1.920993166728618418e+00
1.840162829896827557e+00
4.549963618416612121e+00
1.671352839300821902e+00
1.705463825074858164e+00
2.994862065948586505e+00
1.903471306534032070e+00
1.565026203485873069e+00
2.579811035525870100e+00
