7.052023045798960776e-01
1.724837921537367702e+00
2.698084250355391234e+00
4.068960058590866069e+00
3.546821037454265024e+00
1.480281874532795694e+00
1.113868023443509880e+00
8.041472292380852371e-01
1.385354419750400856e-01
4.561960791009021854e+00
4.338325557680093425e+00
3.696867544768978497e+00
4.632051790471081176e-01
2.369207764260903737e+00
3.212848393005258263e+00
4.356472567881358726e-01
3.369463480405704203e+00
1.798444395534043450e+00
4.442458363211380323e+00
1.795446318402590391e+00
