3.627046220085350825e+00
9.837899151161677569e-01
9.709833197415146389e-01
4.288766334109878287e+00
4.883210381603745986e+00
2.791658957136517571e+00
3.657759712606988955e+00
1.219785201132382868e+00
3.174510130054168044e+00
4.482900036564219093e-01
2.257200164929708208e+00
3.259439469369645348e+00
4.044543521100642636e+00
3.922741785945928150e+00
1.464438144052258028e+00
1.218446733216704825e+00
3.398043871187284015e-01
1.248926115688298033e+00
2.278722383637661331e+00
4.474523282905494170e+00
