7.760296066212646338e-02
3.301467533023505485e-01
2.357025801484975869e+00
2.698889258206547126e+00
2.608996226376023575e+00
4.083685127149056626e+00
2.015069780268134991e+00
1.943952595501400316e+00
2.656079515979849592e+00
4.386965759054662684e+00
3.343156251001439649e+00
4.206084623321968863e+00
2.338218672814070587e+00
4.750704785832745358e+00
1.195817839878763778e+00
1.372927958465600007e+00
3.384758302013051168e+00
1.042291738009389235e+00
1.513683940119632698e+00
2.064518076382908074e+00
