3.347952910969595131e+00
1.574385322722171576e-01
3.501816810858471740e+00
3.809139134765906931e+00
4.013506011017527797e+00
4.336374090980431362e+00
1.710836174000516241e+00
6.811849096965222339e-01
4.982351800406105369e+00
4.087418749112425864e+00
3.574269298854424903e+00
1.968121932448874567e+00
1.682873655711958349e-02
2.650887704220882934e+00
2.320365338879178729e+00
1.859482268657458581e-01
2.780950886594196980e+00
1.393411964817981019e-01
1.792344003225538884e+00
2.431473328240601361e+00
