4.479925978942313591e+00
4.719038341371005529e+00
3.120014959522341869e+00
3.113410379602751021e+00
4.247980877951469836e+00
2.692483077333551744e-02
3.480875619149037981e+00
2.753505647518887933e+00
2.817349709107943134e+00
2.635068519682768340e+00
2.200293841327516375e+00
7.202930008660107797e-01
3.517782912662945627e+00
2.620465003073402688e+00
2.769831938193356713e-02
2.158539838256526622e+00
3.859613195793798468e-01
2.744653979191342685e+00
2.258568030873996157e+00
1.585823949898300000e+00
