2.945542672354473979e+00
1.386328228483868052e+00
4.551695510287671276e+00
2.255033861016159102e-01
5.473379933955757615e-01
1.958150702701780155e+00
6.221877864842817463e-01
4.782078487797124744e+00
3.989946610716916808e+00
1.294913258009068313e+00
2.942771144866227040e+00
4.911652575400408338e+00
4.420994890657514276e+00
3.003992232210990210e+00
4.518619835876352298e+00
4.945924549066794462e+00
3.716764114468120717e+00
3.249320474144701265e-01
2.007901182127437067e+00
4.189128676416227215e+00
