1.217606047646322409e+00
3.032429247375056480e+00
2.624778943815567978e+00
4.648665385352503066e+00
2.738248791543031579e+00
2.200678536108898520e+00
3.283281083206285977e+00
2.409517713677760131e+00
1.983584697622593929e+00
4.543573581996086297e+00
1.168335583253730103e+00
2.518099128602740322e+00
4.334321147803191110e+00
3.143963087812451818e+00
7.627598762848353253e-01
1.723001906803862227e+00
2.362336408656909192e+00
4.719049239415747721e+00
2.579085180431488933e+00
2.663015277311732820e+00
