3.153636315292927428e+00
9.656014066207957436e-01
4.362432576291962683e+00
3.510934978414886665e+00
1.503052914355822889e+00
1.241932790044640855e+00
3.771426265654143517e+00
3.668119620663019109e+00
7.441595576571885529e-01
1.745939243351341652e+00
1.083386233292203293e+00
1.470720980429365721e+00
1.437819812474361303e+00
4.880118499816484601e+00
3.751056865552842456e+00
3.900260244679375710e+00
1.387115826328105817e+00
2.635425231842236649e-03
2.907850246099474845e-01
2.764998833283978552e+00
