1.015779457349479387e+00
5.189458745878122725e-01
3.923950433028949192e+00
3.108423714299415330e+00
4.349847270791203258e+00
1.567037904917577551e+00
2.806259840138301431e+00
2.121055301623098188e-01
4.233388475592771982e+00
9.559183226036971348e-01
5.730940130282019540e-01
2.422761257471749197e+00
3.724568606297386175e+00
1.048837166142084776e+00
1.167361121015376035e+00
1.577970529209167694e+00
4.055458554803498039e+00
3.736771970915091945e+00
1.349274124496798732e+00
1.275667792854439098e+00
