2.357506890746373429e+00
1.102965889101048536e-01
4.065863247249472678e+00
1.081185116569542970e+00
4.453130546928690592e+00
4.056287079256812866e+00
3.838011481006706305e+00
3.442582684179993802e+00
2.153135043765993295e+00
2.557861036020170342e-01
4.737175521454014770e+00
2.667331360095750004e+00
3.836439263975535585e+00
3.189732966722802043e+00
4.234731701511950774e+00
3.619825918101113871e+00
1.817493845642255135e+00
4.392564111180589315e+00
1.005109586084821371e+00
1.985634564254950440e+00
