6.229420568988564000e-02
4.956155417973359789e+00
3.842948934273410888e+00
3.795244040599932145e+00
2.479700652158475904e+00
7.661636858293685570e-02
2.545120854852329195e+00
9.213455154112520917e-01
3.370692337713424358e+00
8.795921875700385417e-02
2.241051782695702155e+00
4.155278499415913984e+00
4.896204318919835430e+00
4.899106247630442112e+00
4.631292857295688847e+00
2.280285684921344203e+00
3.090072516671285463e+00
2.370504994279826194e-01
2.459153173717938845e+00
4.045310088853311115e+00
