1.322931282954671772e+00
1.001397739921738861e-01
8.580481868903711007e-01
4.758590663071166738e+00
2.257122985087918643e+00
4.933193481229361410e+00
3.077573981878117815e-01
3.812205233090107281e+00
3.020286765750335167e+00
4.880612742114394109e+00
3.941930365965523597e-01
3.904044666214817383e+00
4.604214761763846475e+00
4.737389532246560897e-02
2.483675968452328853e+00
3.010197354136618486e+00
1.060455703022326723e+00
1.775081850171267739e+00
3.865566006373029495e+00
5.231327387014000907e-01
