4.165377016720986703e+00
1.552733086385020389e+00
4.609358024252049546e+00
3.371358383383685098e+00
2.798346788734551449e+00
3.144416312464696883e+00
3.571926009511793954e+00
1.665033641289070943e-01
4.800681931892583520e+00
2.486259375069403976e+00
4.238680006906991871e-01
3.133461544731190873e+00
4.854662132441855071e+00
9.909738228468895072e-01
3.608915044800940386e+00
9.478286394695023542e-01
4.063515449219876174e+00
1.592249693593439819e+00
1.377136930245276947e+00
7.251458139674860082e-01
