2.645715309033577434e+00
3.912801323472109960e+00
1.665008333091595905e+00
3.539684489017273172e+00
4.944044778265586970e+00
2.393969642976339962e+00
1.508010533970867151e+00
5.753442781389639382e-01
3.376794250508881046e+00
1.744045668171461561e+00
1.610687008681247478e+00
1.915340575123384959e+00
1.492723419207535596e+00
2.471359778895114712e+00
3.059726692075594556e+00
2.523245139076899513e+00
2.106549291349342212e+00
4.433485734337666351e+00
4.674616337889469619e+00
3.721439888394800111e+00
