5.754970723116342723e-01
2.513490991239645034e+00
1.081760638220679027e+00
3.938881239703341031e+00
3.884881374035856094e+00
1.876270653370250674e+00
2.133397985932792285e+00
3.964176329841473390e-02
2.885414275712272492e+00
4.726135333890261414e+00
4.616028514931222126e+00
2.212337480570078618e+00
3.695578009783815787e+00
4.185646037861634472e-01
6.063675980182620107e-01
1.962426986757248137e+00
4.182714833534660670e+00
1.659768467179481011e+00
4.181293365276691709e+00
7.347587879605427252e-01
