2.512266468462878599e+00
2.788751602327596668e+00
1.050859010059818743e+00
4.494368413387227257e+00
3.513610145061533352e+00
3.762002661390283720e+00
4.049855560783431230e+00
1.999377356239042669e+00
3.082412133882197036e+00
2.552749601873820939e+00
1.256199109780037348e+00
1.931646026638477176e+00
3.754146694719251443e+00
3.718905754219099080e+00
7.210903420313458101e-01
3.615408665733806259e+00
7.324885465880298652e-01
4.988461213006430306e+00
4.873351003927069769e+00
3.938994183382083847e+00
