1.178217068941789680e+00
5.545312913935471766e-01
1.820678204115068644e+00
9.020135444064636410e-02
2.189351973582303046e-01
7.832602810807121063e-01
2.488751145937126985e-01
1.912831395118850031e+00
1.595978644286766723e+00
5.179653032036273252e-01
1.177108457946490772e+00
1.964661030160163246e+00
1.768397956263005888e+00
1.201596892884396084e+00
1.807447934350540963e+00
1.978369819626717874e+00
1.486705645787248287e+00
1.299728189657880506e-01
8.031604728509749158e-01
1.675651470566490886e+00
