4.899030591404248902e+00
2.071692292702489446e+00
3.771996693270363021e-01
4.305766315593438698e+00
9.258855860116499414e-01
4.420643095765299790e+00
4.359140368596444937e+00
4.085652637821984179e+00
9.935605443068262765e-01
4.303918980127413585e-01
3.633050152601446037e+00
9.449743901882051711e-01
5.123324464181244764e-01
1.924387101556424007e-01
1.476691612242804652e+00
4.562586602635742672e+00
3.529714176416972826e+00
3.993548170573848033e+00
3.388163957064636467e+00
4.783940465180361201e+00
