1.894955819796908969e+00
8.244582046545845255e-01
4.688670479563191940e+00
7.715813458090875487e-01
4.846890714358598196e+00
1.105253617449513115e+00
3.711184498938560505e+00
4.698361937605072924e+00
4.115319195282006959e+00
1.526551135379942137e+00
1.511002918981043219e+00
1.632584415154225699e-01
2.080560464861619385e-01
1.063399245551168271e+00
2.543697733177616715e+00
2.251076268265816527e+00
3.015604232098457516e+00
3.667224142374402973e+00
4.759830756566269194e+00
3.669734757966933270e+00
