1.952883874408615661e+00
2.344862105817237641e+00
2.032528206174044616e-01
5.726329578201383441e-01
1.437848412660123198e+00
3.630761913084172843e+00
1.440901661990408478e+00
3.132261391520696936e+00
5.641118826543256581e-01
4.299139198175319976e+00
9.333451681109827813e-02
3.584776516787239409e+00
1.182515939419073181e+00
2.579507287894057921e+00
7.753950834586587071e-01
7.764465825309097013e-02
4.823530527149081593e+00
1.607025550422817695e+00
2.337957442556431342e+00
2.029105310742151502e+00
