1.177451344192710803e+00
1.484271714960327504e+00
2.097084056377496175e+00
6.083496301462487654e-02
8.589471287326433391e-01
4.291746217856093892e+00
1.370810652349612191e+00
5.090496850282538732e-01
3.724817237972448680e+00
3.596974860823723752e+00
4.787417507559516672e+00
2.315016704470754139e+00
2.983355988502008671e+00
2.081370212957018850e+00
2.747864962263691702e+00
4.065041983310745621e+00
3.451655219190989499e+00
4.685845595838849853e+00
2.644418676390662526e+00
1.207205827892922745e+00
