4.140353978886041730e+00
3.479010512023577917e+00
1.071042666214963024e+00
2.684014779835020015e+00
4.811366346795728610e+00
4.242531078531595945e+00
1.612465865101608387e+00
4.126893314327116258e+00
5.939567650764149276e-01
4.574451908814578083e+00
9.871786876892940654e-02
4.921042620101656606e-01
1.122887708920175420e+00
2.497179202711512058e+00
3.588875257773942451e+00
4.440226503993288665e-01
1.927344462159592098e+00
3.752477225819814688e+00
7.731963025611188201e-02
1.383732369984051580e+00
