1.666150806688394770e+00
6.210932345540081112e-01
1.843743209700819730e+00
1.348543353353474084e+00
1.119338715493820580e+00
1.257766524985878709e+00
1.428770403804717537e+00
6.660134565156283770e-02
1.920272772757033453e+00
9.945037500277615905e-01
1.695472002762796748e-01
1.253384617892476349e+00
1.941864852976741940e+00
3.963895291387558029e-01
1.443566017920376199e+00
3.791314557878009417e-01
1.625406179687950425e+00
6.368998774373759719e-01
5.508547720981107343e-01
2.900583255869944033e-01
