1.058286123613430885e+00
1.565120529388843940e+00
6.660033332366384062e-01
1.415873795606909180e+00
1.977617911306234655e+00
9.575878571905360737e-01
6.032042135883468603e-01
2.301377112555855753e-01
1.350717700203552418e+00
6.976182672685846686e-01
6.442748034724989914e-01
7.661362300493539390e-01
5.970893676830142383e-01
9.885439115580458846e-01
1.223890676830237778e+00
1.009298055630759805e+00
8.426197165397368849e-01
1.773394293735066629e+00
1.869846535155787803e+00
1.488575955357920089e+00
