2.551490958802540732e+00
1.946706228146437567e+00
4.777200828623934470e+00
2.721508650734108414e+00
7.852619080846146016e-01
1.770908403434828804e+00
1.491508179680814949e+00
2.626224387013695427e+00
3.904139916219789841e-01
2.957185135243284080e+00
3.630990797974130047e+00
3.158160287866053739e+00
3.907113759959934818e+00
9.314462202144430103e-01
2.860953911121661530e+00
8.516931437976382746e-02
3.921758905385896998e-01
3.217680064658541728e+00
3.783266827453533043e+00
3.435564800542828534e-01
