0.000000000000000000e+00,5.327309441302552351e-05,-7.105001151173941099e-02,-2.633310600784360966e-02,-1.030175221066884639e-01,3.060701003341133319e-02,5.702413191936888115e-01,5.948014881679036803e-03,9.105480901899322410e-02,-1.348330524026936983e+00,-3.329136311156211114e-02,-1.244107039645114821e-03,5.714128882796543074e-02,-1.734957693332472850e-02,1.006819632405270504e+00,9.927515321326157993e-03,4.324518860503637208e-02,-4.718719915694864764e-02,-2.304995067553106125e-03,3.545327601664510775e-02
7.493665477888275528e-02,0.000000000000000000e+00,-5.298108243053184507e-03,2.864436719423001099e-02,-5.126390012175612021e-02,5.704269300144794441e-02,-8.403473470583747162e-02,1.482159623443149554e+00,-6.284893959634160754e-02,1.207762740605731633e+00,1.000882938785738308e+00,5.688707651316002312e-02,-1.911842727054691160e-02,-6.521462935081859258e-02,-1.163175299054471090e-02,1.040759697493744695e-01,-4.567794609111350268e-02,-6.404267443289590744e-04,1.673758574405117328e+00,5.063071993597044462e-02
-5.016647780964333947e-06,7.678551198792016308e-06,0.000000000000000000e+00,4.767324003754430661e-02,-1.860503388912973510e-02,1.161023724685726621e-02,6.410037577224414473e-05,-4.064901232826984012e-02,-1.121365388290357368e-04,2.776076345051281535e-06,9.130084883846034671e-06,-2.490200649213625272e-04,1.704676494181556201e+00,-1.479903133387305836e-04,-2.041574326984754717e-02,3.850719481525057691e-02,9.999251720740962024e-02,1.358578896645812328e-06,1.124481785023112579e-04,-7.397031364896999861e-02
-1.498225908530548267e-06,-8.480995395597490383e-06,1.612764471563971069e-05,0.000000000000000000e+00,-4.703763231731508676e-03,-8.963883549484102931e-03,-1.101325692417171043e-02,9.960665419919689789e-05,-7.691905495696427231e-06,-4.652083453446365091e-06,3.747903386723538954e-05,-2.389404355651603140e-06,-7.937919355344436045e-04,6.328916661649253150e-06,-5.631176943570335158e-01,7.574027524530652089e-03,-4.432318254731598683e-02,-8.110522182469548369e-07,-1.737481093949666544e-05,3.649044626619046827e-02
-2.902423515707686086e-06,7.445731100119701296e-06,2.057325149074085147e-06,-6.447909409665331104e-06,0.000000000000000000e+00,-1.458990501685408780e-04,2.235496472990927685e-06,-6.063135580824940973e-06,7.858547064670817761e-06,2.599177811701824936e-06,1.168165383631791787e-05,-6.020248683194506789e-06,1.818147277787840466e-06,2.099350633610885808e-06,1.730337879590759798e-06,-2.717132589433188250e-02,1.633512306643275735e+00,1.923832437730754741e-06,3.993579882788367286e-06,2.394338713285193432e-02
-2.078009286754500806e-06,4.688716076083065953e-06,-6.638528314287239773e-05,-1.263139583078387584e-05,-1.027232809775369127e-02,0.000000000000000000e+00,5.049475962720650912e-06,-1.426174207869168598e-05,8.049137607046841225e-06,4.457651377659521685e-06,-1.779940128343593386e-07,-2.243727312160881393e-06,-6.957208409771875601e-05,2.600176549849564367e-06,3.624094843446279413e-06,-6.398403129789455024e-01,-1.618171157006533356e+00,3.666412013443587359e-06,3.062822805090237299e-05,6.041494987436613062e-02
4.766976796827249174e-06,1.124999490120792700e-05,3.391713487921432790e-02,-8.963617233859189071e-04,-1.834534249728336786e-02,4.752227123028604505e-02,0.000000000000000000e+00,4.625974717612635345e-02,-1.772409860835946760e-03,-5.086930107616960406e-03,-8.055981553023873476e-03,1.529543376840858393e-05,-3.862008324993837505e-02,-2.187078381508389402e-04,1.494287299451337425e+00,-7.489545894376714585e-02,-2.442430810401519103e-02,1.763106024413318984e-06,5.263952802232740869e-05,-1.430837313701575519e+00
1.660194301233292036e-04,-6.672552233938366939e-07,-7.352682580591407557e-05,4.129802020884285052e-02,3.786051533771717104e-02,-3.159016130943134715e-02,4.248210725832368695e-05,0.000000000000000000e+00,2.218733243670722999e-04,-2.631474134104361262e-05,3.481600376759041993e-05,4.027341914653037591e-06,1.640417430395844922e-02,2.110322316337120974e-04,-5.619403438018820696e-01,-2.985492611779286265e-03,-1.344526351941964792e+00,6.855483125033090541e-06,-1.845762310992427047e-06,-4.965901526949040301e-02
-3.719711630698063765e-06,-1.298819453280503078e-05,-3.856067546455999029e-02,-6.098318809234310606e-02,4.136239082621870344e-02,-2.382882302484534698e-02,-7.606051538834229797e-03,1.672507059296521326e-02,0.000000000000000000e+00,4.790278313962503809e-05,3.612753985440808613e-05,5.224690989552999154e-03,-5.885318674071469969e-02,6.268487191260202485e-01,-8.230532137423862693e-03,-1.927224799316370030e+00,-2.290649364673905120e-02,3.860176856065877793e-06,-2.307860674603784412e-03,3.909808718397794758e-02
-2.329278895818465145e-06,3.404366060735797284e-06,9.953796108751552518e-01,-4.489492686657120535e-02,-9.052652895170831826e-02,1.072468205837988908e-01,-8.425412027033285511e-04,2.682923060180064656e-02,4.522190090940979290e-02,0.000000000000000000e+00,4.481890933979992830e-06,-1.522564881084320643e-04,5.185554333424979845e-02,8.786911083541931733e-03,1.883498902863992353e+00,-4.537546620889033877e-02,-3.880361479452511253e-02,-1.071645896135176024e-04,1.078502405841563760e-04,-1.009192198138727070e+00
-7.060460948343783016e-05,3.046114096162677587e-06,5.449874456226605490e-03,9.957790640826053030e-03,1.300670495514621994e-02,-1.331197333176623587e+00,-3.522864803485736829e-04,-1.079211702624713332e-02,-2.780650590716765222e-02,7.636153647842868208e-01,0.000000000000000000e+00,-1.087196453493929904e-02,-1.392634635900866225e-02,3.330768236774564461e-02,-1.620808666410472609e-02,1.780202553365306528e-03,7.479674336946138258e-01,3.299836617703943986e-06,-2.391381876138796991e-02,-1.301280466751220111e-02
-1.826896591864850261e-03,4.176982419376584765e-06,-2.297795997631829623e-03,-1.364008354583263083e+00,6.148571604586397510e-02,3.073817340487840916e-02,6.053869543436166123e-02,-1.549405488109512063e-02,9.283341415630003146e-05,-1.723410625238278038e-02,5.181235402959560865e-05,0.000000000000000000e+00,4.656930752300129928e-02,-3.279118637183205814e-02,7.286720844633648442e-02,-4.566151509144539961e-02,-1.069973188937381331e-01,9.963249854525318971e-04,-8.267669531922100523e-01,1.146339011549776798e-02
-8.862296390535484569e-06,4.736340530553384554e-06,1.857938866894892627e-06,-1.015661978654722186e-02,1.764943277352051254e+00,-3.449043550929592472e-02,1.578924360395861370e-06,5.722505421770773815e-05,5.526946563361168074e-06,3.969130172670753964e-06,1.557255249967637312e-05,-5.647498116212457120e-06,0.000000000000000000e+00,2.046581647152656558e-06,-1.571559892029228411e-03,-1.858146804969296184e-02,-6.722735173431876321e-02,-1.722634083170526687e-06,2.250987389040837172e-06,1.396329074889140598e+00
-3.928670093508723760e-06,-1.509411894064227599e-05,-1.982156446387950410e-02,6.490125733481326431e-02,8.317717370814381450e-03,1.051843995686822852e+00,-2.085943279882837564e-02,2.658165541120591224e-02,5.465086419548237373e-06,1.207372012798357819e-04,1.626357098888087105e-04,-8.723110229496428003e-05,1.498704956339022676e+00,0.000000000000000000e+00,-1.636036130731821636e-03,2.088681095887770511e-02,1.429485305524154093e-01,-1.572041183547923104e-06,-1.366780660117161705e-02,-7.512776806184119360e-01
-6.381999409360572528e-07,3.875045449783232065e-06,-6.750544419728554679e-05,-5.671393789041800915e-06,1.828214484886599323e+00,7.972985718781114839e-01,2.081081151739105906e-06,-5.511177528727539965e-06,-4.967961372396717534e-04,1.675416261642803661e-06,4.268361311871027297e-06,-5.667204116266422176e-07,3.318388750903733531e-03,-3.644494469281500670e-04,0.000000000000000000e+00,3.499100034963059658e-02,2.232197151698006587e-02,2.097894066216410280e-06,8.059230639179126854e-06,-7.480585711575471475e-02
1.255935204061420229e-05,-2.146599358386971912e-05,1.589431084345060974e-06,7.517199200701707440e-05,-3.719873015656238735e-05,-5.355812527085834773e-06,-2.533367875978687067e-05,6.342457174519922081e-05,-1.923991479468867283e-06,-2.242705779942344435e-05,3.853751167348651308e-07,5.758649523138203996e-07,-1.239197038571671072e-05,-8.386907686147582197e-06,-1.302580099904471211e-05,0.000000000000000000e+00,9.542336893055280989e-04,-7.853304747937328578e-06,-1.301038723067748926e-04,1.470862569510323681e+00
-5.000544241767768128e-06,7.854501384824130739e-06,3.866169233313065945e-06,-5.211762367271499663e-06,1.929986152005014333e-06,-1.989150429371200346e-06,1.820829240939403348e-06,-3.004168753761859989e-06,6.093235822582365735e-06,3.431308177426206640e-06,7.270456045371798126e-06,-1.248947354679647015e-05,2.204052011511858922e-06,1.565074637582819506e-06,1.030572353011294240e-06,1.343160826158162902e-02,0.000000000000000000e+00,1.495062644220335191e-06,4.570819593985309126e-06,1.111126269286788482e-02
-4.863555364897909072e-05,-8.013448116733351556e-03,-1.442923811173596471e-02,8.325475311539459744e-02,-9.690366079978093850e-02,1.124448896319893421e-01,1.802980884842880549e+00,-9.412843027957587538e-02,7.319829338138095221e-01,-2.092021892099657498e-02,3.592033036822687986e-02,-7.843131151860638361e-04,1.262655881953249626e-01,-1.163402345592970510e+00,1.693403913780876735e+00,3.467761599087620938e-02,-4.637538902504102778e-03,0.000000000000000000e+00,-3.185138896305431122e-02,-6.643219168625094651e-02
-4.611685056851694275e-03,1.830373263456142041e-06,-1.440417281036215913e-02,6.672474421669631617e-02,9.437756058333904297e-02,-9.991897596289406325e-03,7.312638946651919825e-02,-1.704631595470335492e+00,-2.087780649489459628e-03,3.978221752418201196e-02,-2.426923224790877853e-05,-4.117481087140273388e-06,1.460867985752110076e+00,-4.136405909334339714e-04,5.091326813964672238e-02,-4.869766605948959437e-02,1.056508307546976111e-01,-1.132212625040915355e-04,0.000000000000000000e+00,-2.507360032180759868e-01
-3.281349785486109560e-06,3.362963151162801090e-06,2.760848068550370016e-06,1.513211196022198890e-04,5.061342740236840498e-05,-6.793854403386312413e-06,-3.912837721553596992e-06,9.004156340328139940e-05,-1.773200109744799136e-06,-7.549211468449446016e-08,5.245940063042242585e-06,-1.101031190628432022e-05,2.272970574368482488e-06,6.091100616112399280e-07,-2.322076943195305887e-05,2.149820922947576207e-06,8.124854367286271639e-04,-4.635260964530596439e-06,1.467835595347910527e-06,0.000000000000000000e+00
