0.000000000000000000e+00,1.093836182114449329e-05,-4.089462942288568659e-04,-1.089082768844869542e-01,-7.271402764297274501e-06,3.154951714625306436e-04,-3.553097247310788021e-06,-2.925839721900497237e-04,1.923377495609316590e+00,6.963276051180633530e-06,1.219526645698798539e-05,1.231345695050511946e-05,3.333050086622862951e-02,-1.054997325022899446e-05,1.606537738411129013e-04,-2.213418899758304303e-03,-1.688748618117741351e-04,-2.965515608910340717e-07,2.739720200302109276e-04,3.626558164512461158e-03
8.142405164960001551e-01,0.000000000000000000e+00,1.036139901364634130e-03,-3.478358428809391611e-02,7.176868202457553636e-05,4.718119761234589038e-04,2.971787834631089975e-05,-2.149117407890394071e-04,-8.938541951488340742e-03,6.176535293125895443e-05,5.286800895287768753e-06,3.492750280983947242e-06,5.534285884775910769e-02,-5.362575177336736942e-05,4.883150088644538922e-04,-4.028087854048642558e-02,-2.699252065848367632e-04,2.486475136606602909e-06,-2.561040208349241176e-04,-1.428939129362644112e-02
-3.992252392104850278e-03,3.415620066412924927e-03,0.000000000000000000e+00,-9.140394230606863069e-03,4.994984929802061269e-02,-1.448643648512132343e-04,1.024193891217828334e-05,-7.979047959086327246e-06,5.967637003090353609e-02,1.429521643805942155e-05,-1.354749536588678582e-03,2.105398956258608401e-04,-1.727704850762994404e+00,3.224034510429518718e-05,3.215865042421284237e-02,1.894844089376584106e+00,-4.575175287491184406e-04,3.385415941757619063e-05,2.956930036824984009e-04,-3.405868628238106766e-03
-1.049311948150832841e-05,-4.689491555838476433e-05,5.158180973114101509e-04,0.000000000000000000e+00,3.241643854970388539e-05,7.055972317123945792e-05,8.430736299913643705e-06,6.154699872640279068e-06,-9.152062612871603164e-06,-3.526832634073717720e-05,-3.392350371848873447e-05,-1.122459371440953646e-04,-3.500189782102314240e-03,1.416079698890460037e-05,-5.154533731957788856e-04,-5.624884892355589416e-01,-4.612234335232834326e-06,3.395041738157855704e-06,1.159730959224281044e-05,-1.036626935679473005e-02
-1.236281389691557209e+00,7.595021830659576256e-02,1.945772923096222851e-04,5.293817501048392327e-02,0.000000000000000000e+00,-2.443599951209452642e-04,-1.067362430035023735e-05,7.952463676444421203e-05,-5.915843289700162266e-02,4.200624703154520745e-04,-2.850068374252168191e-05,-6.246557001154950939e-06,8.978389950009360021e-01,-7.175178166801410296e-04,-1.408183769621294434e+00,4.447415702653068070e-02,2.722352416645312800e-05,2.290202188170997744e-07,-4.215925399668474238e-04,7.012288804695823163e-01
-9.595936452608547218e-03,2.084271590881381017e-02,2.474667864635755193e-02,-1.352315258977263013e-03,-4.867972944555066378e-02,0.000000000000000000e+00,-1.800802080599780974e-04,5.625278621819700120e-02,1.073999970340682591e-02,-9.986086807525976564e-03,2.581517411170988763e-02,2.382783186623154206e-02,-1.273170705779960721e-02,4.526512664804317049e-02,1.970606688713334026e-02,3.253076071422823790e-02,-1.407577912663840990e-02,1.546844290985713299e-04,1.737886094333588108e-02,-2.388521535630575704e-02
-1.112923650174063583e+00,8.538994192405163774e-02,1.588730328779221213e-02,1.505782265822552812e-02,-8.423304325370808421e-01,-4.702701771600702185e-02,0.000000000000000000e+00,7.203261080976994940e-03,1.859078522419484569e+00,-3.019326454327185549e-02,2.869684270116815150e-04,-6.469889917832788440e-03,7.818591653297957134e-02,1.308718045059606983e+00,-6.111468553019633321e-02,2.203823754552579339e-02,3.124194134293335062e-02,-3.795843812497701197e-04,3.452345123864852816e-02,-1.150035633789434630e-01
8.845236717264920445e-03,1.419855112966078581e-03,-1.121391791692763373e+00,1.705746586935235731e+00,4.862502754386389264e-02,1.605638589092586721e-04,4.445659409382449190e-04,0.000000000000000000e+00,1.026054440863816697e-01,-2.225825540409204217e-03,-5.213760900703042628e-02,-3.952315389189754724e-02,-9.880153741058855799e-03,-3.555899730571687734e-03,4.929993320760639453e-02,1.342914069451972559e-02,-5.965529362433691363e-03,8.312268378203396813e-03,-2.455652153810633509e-03,1.124528548999259164e-01
4.493765883961664542e-06,1.248058388231276794e-05,-1.529337587157231226e-04,-1.002979922696082049e+00,-8.531814033541085251e-06,2.118177346868751337e-04,-2.502136580539993105e-06,-1.253321336759649629e-04,0.000000000000000000e+00,9.897699221439459905e-06,2.139714092636024745e-05,2.284553213924289672e-05,-1.993854259208822866e+00,-1.253231892250905588e-05,1.682753603912123808e-04,-6.602895126518814051e-01,-3.211177451500346613e-04,-2.708067426804294797e-06,-4.990017634209920061e-06,1.027426504867818835e-01
1.151518258153138907e+00,-1.777560717308745986e-02,5.737592512610685258e-01,8.990984455473749470e-02,-1.882674544891066448e-02,-8.895281564988317957e-04,7.876221372955793942e-05,-4.419194689513655794e-03,-3.972517680115622563e-02,0.000000000000000000e+00,-5.953682664765896915e-04,-1.142016072659338133e-02,4.190449219712877316e-02,2.842207548451325394e-04,-5.185342273721968431e-02,1.485773999390424205e+00,-2.006153638078878032e-04,1.168268882750789217e-05,-7.613233950237014991e-01,-9.943914224463451523e-02
-1.665837022489387587e-01,1.613211497195470079e+00,-8.478290885290951095e-03,1.091770079424483342e-01,4.752133036715505687e-02,3.451885154789856303e-04,3.435363270973550154e-02,-1.493205497807847948e-04,6.732025223427462457e-02,-1.141288591070933195e-02,0.000000000000000000e+00,2.916688375998205407e-02,-1.158468318345153403e+00,-2.221643745433433959e-02,1.500422864874405349e+00,-2.614396246341296748e-02,8.126319308122837981e-01,2.452562101450089793e-03,1.133126123566817467e-02,2.509346722845182120e-03
1.313634335995162161e-01,9.725511955832076560e-02,3.459965444516040212e-02,1.106119357614602783e-01,-1.462283318384683950e+00,2.810008865382004895e-04,-3.705299344587686949e-04,-2.834820574202367993e-04,-1.369141572716506272e-02,-1.231020896783063812e-03,-1.309787726674893626e-05,0.000000000000000000e+00,-4.101816610568465027e-02,-6.599679376634581818e-04,-8.314982919467093225e-01,-1.029833328693441352e-04,-2.050969013481923620e-04,-7.068406600529986150e-06,1.315847503736478075e-03,-4.187091487950782287e-02
-4.916682630473623306e-06,-2.120954098031035961e-05,-4.398214011824830294e-06,1.662348716853667696e-03,9.636673678814489108e-06,-1.194909572470028922e-04,3.454816993264664404e-06,1.230823145453863177e-05,-4.544541920559197479e-06,-1.736962074733172656e-05,-1.281948238865404655e-05,-2.894778356365979022e-05,0.000000000000000000e+00,2.176797224112680951e-05,7.382075084105821361e-06,3.020288364254530844e-02,5.846851990296969559e-04,3.910492898231976433e-06,5.317141371724565246e-06,4.889223144851709280e-02
-7.931772876802383188e-01,2.778249311889169348e-02,-5.295412813189179224e-02,1.610903763132883526e+00,-1.128824453083571155e-02,2.047608776174388023e-04,6.632901891123754723e-06,-2.427328721854582483e-04,-1.621710842605814107e-02,3.702105313418768695e-02,1.704002349560973517e-04,-4.360196201470448174e-03,6.185969105075184160e-03,0.000000000000000000e+00,1.002930432145859863e-02,4.256460414454402152e-02,-4.705230153817316352e-02,-3.730986354200105382e-04,1.047374823403197208e+00,1.308990723159633995e-01
6.501446823780292206e-02,1.624604684778183095e-02,-1.461753737381776830e-04,-3.028747067445419772e-02,-6.158682917645208477e-06,4.064682394377440444e-04,1.661696666770129394e-05,-7.803432325280412751e-05,-8.940728700769146053e-03,-2.355174002003287970e-04,5.831902443131919966e-06,4.332389477168518965e-06,7.991095964885333025e-01,1.167340501678909570e-03,0.000000000000000000e+00,-1.178494624257037104e-03,1.330000611126924692e-04,1.896816110652510545e-06,5.833708916690161228e-04,-2.103993084923566625e-02
-2.342442375680153788e-06,-1.169617498009145606e-05,4.567537852606662341e-06,-1.609351320663865437e-05,7.176540524261865173e-06,-2.487538292868761436e-04,-5.136040205161451766e-06,-1.089905410131541963e-05,-2.405467037419617427e-06,5.682771033133082739e-06,-1.004969215399886817e-05,-2.922559226493925966e-05,3.562412059115449559e-04,-5.030204472733501575e-06,1.488593924346692798e-04,0.000000000000000000e+00,-2.457095164998257530e-06,-1.251453673155322743e-06,3.794462563933009847e-06,8.528927190403740033e-01
1.793700080207760728e-02,-3.192280358344870561e-02,-2.817720611752866366e-02,-1.511260532132303158e+00,-2.902054903936313046e-02,8.309816858799445871e-05,-7.025141171967258513e-05,-3.644115299324401924e-04,1.771791298275038340e-02,-3.856045984977196639e-02,1.051535350643506561e-05,-3.722781623060966716e-02,-4.263291996854379207e-03,-1.723680792731219213e-04,2.234324159136544252e-02,-1.861686353502992164e+00,0.000000000000000000e+00,1.495546762818322772e-05,3.884063126937437049e-02,7.666153946631289184e-02
9.620403221286144557e-02,1.078352519809892551e-01,1.248542902645816410e-01,2.371109204594925024e-01,-1.748036085163770181e+00,5.563824214477827018e-02,-1.977497429409851015e-02,1.293394441634648784e-03,-1.651892217642863869e+00,2.242181530023085873e-02,5.563935024157320997e-03,-1.256506575351525878e+00,-1.221856497165712818e-01,-3.019103715504893592e-02,-3.206620083266020771e-02,-1.404177407520514065e-02,5.898242180537209833e-01,0.000000000000000000e+00,-3.555692012431777016e-02,-5.284262013413133785e-02
2.148829754927539248e-02,-3.198857551780875941e-02,3.359955107623541215e-02,1.081631749102782147e-01,-2.190608963283152688e-02,5.253789213745772846e-04,1.420450288064367683e-05,-3.371902091367479093e-03,-1.546891132121853252e+00,-1.155250668744001175e-05,7.863720084730907445e-04,6.460315530065929845e-03,-6.385324281108048505e-02,8.850273396365793133e-06,1.533922067206439088e-02,2.590613598693961017e-02,3.058099550031917468e-04,-2.571267878917760097e-04,0.000000000000000000e+00,-5.377663080556011055e-03
-7.268729950035690557e-06,-5.024300938311077047e-05,1.152378555352440159e-05,-4.267630567958424770e-05,1.442853398347931915e-05,-8.011677752420842680e-04,-2.586885055846921411e-05,-3.964057180072533271e-05,-5.491732213286359965e-06,1.650310667958287958e-05,-4.021396634873442011e-05,-2.691944092274300981e-05,2.569076445704254752e-04,-1.796955592738014307e-05,2.567274589983514765e-04,9.965312569137907417e-06,-5.902016347050786926e-06,-4.897772665143906856e-07,1.060787479563451985e-05,0.000000000000000000e+00
