0.000000000000000000e+00,3.506148248806628676e-05,-6.075071238381091199e-02,-2.239573330980465515e-02,-1.028904581528828355e-01,3.183848400206060192e-02,5.700372622436048475e-01,2.484097541875682214e-02,7.548723210621741120e-02,-1.347021270796783465e+00,-1.833419106202771598e-04,-2.204409713724930775e-03,6.335385166601040230e-02,-1.637444247934968095e-02,1.004146662473731411e+00,9.806263806572096398e-03,3.451387084008068762e-02,-4.674673849601498898e-02,-9.240328552018853281e-03,5.662278942287549133e-02
8.674894150358708478e-02,0.000000000000000000e+00,-1.827182741015595524e-02,8.955665027844364467e-02,-5.594400876239460918e-02,5.335938857624618337e-02,-8.251662465784799505e-02,1.437754743674685587e+00,-6.777206229210906707e-02,1.208299054393331629e+00,1.002184652890157457e+00,5.021160059534343634e-02,-3.313755330214362971e-02,-7.013936390257338727e-02,-6.407592676719295333e-03,8.375015849498035347e-02,-6.673914982329542944e-02,-1.909149222344842800e-03,1.674241664507241101e+00,4.322585209145245883e-02
-8.146582249096701034e-06,1.151555179801366791e-05,0.000000000000000000e+00,5.817892484329847957e-02,1.040890408446212834e-02,1.086288453784546582e-02,1.286660578948134459e-04,-5.523683023764724975e-02,-4.620374010667156750e-02,4.797671896650257395e-06,1.544944571336970274e-05,-5.667059168183441464e-04,1.706841301354630192e+00,-1.328298920679510386e-02,-1.478914456070980210e-02,4.682035421654307666e-02,8.966486163929857089e-02,1.936821051421941386e-05,1.723680298217344919e-04,-6.411496270577116130e-02
-1.595812269904184344e-05,-7.879907902037103229e-06,2.903670596757917943e-05,0.000000000000000000e+00,-1.701046756476379263e-03,-1.368179150443017689e-02,-1.031440545149350796e-02,4.721311212181379668e-02,-2.245171543276483495e-05,-1.802930392236223867e-05,-1.765848069022052380e-06,-3.479596595024059269e-06,-1.984251648758650344e-04,3.237588740847077706e-05,-5.659370684087616787e-01,3.370576484076896751e-03,-4.007737440159206410e-02,-1.691376726425941612e-06,-1.595573262952731941e-04,3.625718071977732104e-02
-5.619240998587515801e-06,1.425235054756945896e-05,3.050900681034196538e-06,-1.123636808522676667e-05,0.000000000000000000e+00,3.606615597416096275e-03,3.713109695449579029e-06,-9.649063463346152503e-06,1.796490883965856655e-05,4.497760059340993877e-06,2.323767944503729588e-05,-1.283640560841015077e-05,2.476814391416670702e-06,3.261791920602941097e-06,2.492370842988034241e-06,-2.187921017720559358e-02,1.627385948741288724e+00,2.651800688480143720e-06,6.584485028701680953e-06,2.530448185459660548e-02
-3.899257193896304985e-06,7.893490989462764729e-06,-1.387949065144861160e-04,-2.797471680937579919e-05,-3.073134656979781276e-03,0.000000000000000000e+00,9.302194796959040168e-06,-2.660035551849126989e-05,1.266934522814455732e-05,7.596659319340781646e-06,-2.947735290026454180e-07,-4.239652745811894885e-06,-1.076117732947134975e-04,3.138380887113267903e-06,5.968205429585093924e-06,-6.502715616856385994e-01,-1.614821093736200863e+00,5.988968704566388634e-06,5.750859368018612638e-05,5.076072853813740071e-02
7.157648663519422527e-06,1.515598392977379749e-05,3.022884836598377367e-02,-1.265826902495936768e-03,-2.778748338274994456e-02,7.174387828892120345e-02,0.000000000000000000e+00,3.989769562374115286e-02,-3.619623829889950795e-04,-2.411856096201869804e-03,-1.438564711275361341e-03,1.422360925273924437e-05,-2.589132015728118352e-02,-1.475736124263021809e-04,1.494078033840621655e+00,-6.106816421640470782e-02,-4.093910499845096473e-02,2.409584143527043754e-06,5.600168054679943719e-05,-1.428909502373419516e+00
1.134838395957793455e-04,-9.916435353279906550e-07,-4.345578383285753077e-05,1.114548013283478411e-04,3.322032946126968200e-02,-4.007689151498722291e-02,9.203496544865630291e-05,0.000000000000000000e+00,2.265720556099512506e-03,-1.215428023637610266e-05,5.908051651040691077e-05,7.424211789550105856e-06,8.408588222842822146e-04,4.077074575524891609e-04,-5.655424221499854021e-01,-1.181681976872324402e-02,-1.335540848738191011e+00,1.306175033728707024e-05,-2.612317875655412180e-06,-5.347392233287132091e-02
-4.012830776715936576e-06,-6.102394099663510652e-06,-1.021164621690003049e-04,-5.662310812058148068e-02,4.189645455484003467e-02,-1.325508768328659270e-02,-1.382530277664570373e-02,4.145739835547695984e-03,0.000000000000000000e+00,2.302201476075960151e-05,2.782245963961482715e-05,5.547755066483750497e-03,-5.706061394358735023e-02,6.348268824577552039e-01,-1.263754203050448943e-02,-1.925951273109223427e+00,-2.142219814591575511e-02,5.838698887594695464e-06,-2.034510891707058677e-03,3.740662912952447128e-02
-3.565078456613246516e-06,5.002654811320228490e-06,9.938800968085199639e-01,-4.293247036423714080e-02,-1.016718360400866161e-01,1.260271935609764138e-01,-1.704373904151179620e-03,3.577292353746047704e-02,8.581353002883557179e-02,0.000000000000000000e+00,6.499897378164920525e-06,-4.344976209131601319e-04,5.700622047008913063e-02,2.351089878810234957e-02,1.882928368233067973e+00,-4.485792642374569761e-02,-5.158203143015681336e-02,-1.895821094130833995e-04,1.340229213268595565e-04,-9.882085730266633172e-01
-2.347751200042952346e-02,4.408148726757488145e-06,-8.689411233843008509e-04,6.739512307253850421e-03,2.158991689432027128e-02,-1.327500838779270165e+00,-3.201846580912395823e-03,-1.838496493724034453e-02,-1.688500631259349377e-02,7.622501899187293928e-01,0.000000000000000000e+00,-6.823456314243858678e-04,-7.955688260109741727e-03,3.925076322001611051e-02,-1.205234288252876595e-02,4.734296762490097787e-03,7.429486369179482130e-01,2.194627889057221282e-05,-2.213233333431328942e-02,-1.921486358259021088e-02
-3.447292966778855994e-04,8.042220312383385750e-05,2.881011754385522095e-03,-1.363261423879426726e+00,6.037862321116142100e-02,3.982597184459667899e-02,6.639651126068109310e-02,6.180150721420764326e-02,1.411756671749114789e-03,-1.796162939376042683e-02,-9.908752188458051086e-03,0.000000000000000000e+00,5.653097673918626442e-02,-3.422410567491060429e-02,6.888035718224193305e-02,-5.073606908277562832e-02,-9.213641410908966767e-02,9.040163111214624680e-04,-8.270838426994335801e-01,1.188739840731183051e-02
-1.661358623882003283e-05,7.616092900106230523e-06,2.444749107710642022e-06,-1.694787320085143489e-02,1.752030272470341155e+00,-4.355003730534137696e-02,5.183921114249034900e-05,1.135244797611738299e-02,9.632955855390368249e-06,6.516267996692359787e-06,3.230937364603891915e-05,-9.622778684104105196e-06,0.000000000000000000e+00,2.803971777654012953e-06,-4.427097177798544614e-03,-1.034010796782469654e-02,-5.276202534712087777e-02,-3.228687663461848878e-06,3.190283752563249919e-06,1.389158921463943930e+00
1.195682959995864048e-05,-1.078165597857838609e-05,-2.558708041074386763e-04,7.557580227100746395e-02,7.631953929584212037e-03,1.056089062135348255e+00,-2.552247922171757555e-02,1.072903890463836052e-02,7.312759990205086602e-06,8.680358502413665356e-05,1.388860436859207237e-04,-1.311917414381150171e-04,1.493706200454776312e+00,0.000000000000000000e+00,-7.871898316194059220e-04,1.361670592572125638e-02,1.298319674501939858e-01,-2.131039535488432612e-06,-1.503105243960786708e-02,-7.298342929239305388e-01
-1.004888733335818074e-06,6.182823246252827643e-06,-9.261000746905306835e-05,-9.371108366795777300e-06,1.825634224838208697e+00,7.801875040032205666e-01,3.046925693278579317e-06,-8.414498764652833529e-06,-4.203502089361599303e-04,2.517117089040343814e-06,6.827832668254707471e-06,-1.160378737444234254e-06,-4.848415208746903460e-04,-3.210574853469982948e-04,0.000000000000000000e+00,3.884867108984157991e-02,4.061756220984097387e-02,3.032478082809486608e-06,1.274166515119468102e-05,-7.319413871713109643e-02
2.274709042611455789e-05,-4.091443546363343620e-05,1.077768799792669374e-04,1.469568175294783119e-04,-8.292596814868380406e-05,-7.066072464312345147e-06,-4.748148353167502833e-05,1.162405949793193782e-04,-2.924144117455451664e-06,-4.001829169872350711e-05,7.638332413933968112e-07,-1.302322140253608929e-06,2.974235249530998715e-05,-1.261251664774754033e-05,-1.940253614046705266e-05,0.000000000000000000e+00,3.110466270620948492e-03,-1.297420421016159953e-05,-2.983543048535805542e-04,1.465463466193700492e+00
-1.150710906832469460e-05,1.652637707294513092e-05,6.914564868315542512e-06,-1.333914121200152625e-05,2.794747952172826899e-06,-2.795654308718198422e-06,3.656467710791422299e-06,-4.673225570406280838e-06,1.757609924184222461e-05,7.063703912818519726e-06,1.314321572534749016e-05,-2.815081970551636115e-05,3.365276694033969562e-06,2.727868513928422001e-06,1.660250537716123631e-06,7.643145741361045964e-03,0.000000000000000000e+00,2.843962168961461368e-06,8.146994167262944231e-06,9.202159594360714845e-03
-1.089057102759416473e-04,-5.548902884277617797e-03,-1.386307801325904754e-02,8.573988268440041471e-02,-9.820796783850355149e-02,9.757725205643372202e-02,1.803430327040496106e+00,-7.167647277385588711e-02,7.304634035544691484e-01,-2.078267728663740765e-02,1.582792121957175835e-02,-1.883316922510036573e-03,1.152883074606347591e-01,-1.171967683963614171e+00,1.693756632502273041e+00,2.151041845450821222e-02,-3.015863490585420081e-03,0.000000000000000000e+00,-3.866515465407480145e-02,-5.684609614908167630e-02
-6.097397313188784862e-04,2.541050088955554287e-06,-1.180538375405193463e-02,7.378447126496559538e-03,1.065965964222881368e-01,-2.103481365234430300e-03,7.431255996301588951e-02,-1.712364019007153182e+00,-1.716813599984726157e-03,3.650566756690910158e-02,-1.549623220413465230e-04,-5.772834621053934967e-06,1.452128610633194983e+00,-3.438995113120291158e-04,4.914011415365210356e-02,-4.382755798693586946e-02,1.159927066533721907e-01,-9.456664352643084914e-05,0.000000000000000000e+00,-2.384156622644013346e-01
-6.536641352208882871e-06,6.193405481040928362e-06,4.465936407765935812e-06,3.767169185228194661e-04,1.376321622148513057e-04,-1.003840075258777276e-05,-5.722644169314783369e-06,1.721108630070300460e-04,-2.997299402868192075e-06,-9.104928697101222212e-08,1.123257438880032044e-05,-2.171704074363511872e-05,3.336404139409054892e-06,9.201039819217715632e-07,-4.023088230020732681e-05,3.087136469126505744e-06,2.650460665728937570e-03,-7.570200859285947104e-06,2.255366117746848698e-06,0.000000000000000000e+00
