0.000000000000000000e+00,2.755145591992608223e-04,-2.285741475743124917e-02,1.581765119024192146e-05,-4.822754175459742498e-06,2.108597209071749745e-05,1.965640846640394346e-04,4.724555547092057495e-06,-8.120841985093107951e-06,-9.744788087795441811e-06,-1.101327360580883763e-05,8.237913000364027738e-07,5.802982263158895648e-06,-2.046564871821532350e-06,-6.926317797084635686e-07,2.409662400437717622e-04,4.277569114306212228e-03,2.470109198572101317e-04,-7.911472311398354273e-05,6.306641290302061886e-03
-1.254347760278973212e-02,0.000000000000000000e+00,-8.112905778930216139e-01,-2.868961243238099534e-05,2.530918046330710158e-03,-2.521708677709089130e-02,1.355300859388799961e-02,3.912255138864119408e-02,-1.496097048152636444e-02,-3.824042992785513240e-02,-1.504059965968422563e-02,-1.864542310463568331e-03,6.574762271535888880e-03,4.869758603122553708e-03,-3.324085190193601380e-02,6.512207143243367580e-02,-1.929590611305258552e+00,-3.942290421375964360e-02,1.142038217832891389e-02,5.150178091686462567e-01
-1.022148757149898834e-04,-1.094656171513053167e-05,0.000000000000000000e+00,-9.559656388935522386e-06,-2.878187368847706651e-04,2.709440907855409364e-06,2.438226053950720562e-04,2.603301914275157891e-06,3.791851033600746046e-04,5.567257383348733768e-06,4.000101387291454813e-06,2.013834001418635111e-06,-3.931820830957721835e-04,-2.564109069011638598e-04,9.908485891357843300e-06,2.527435712211373309e-02,-2.805187085055949048e-03,5.256939377473734964e-05,7.681498870121261646e-06,7.577901262614578082e-01
-2.806656229571641292e-02,-1.157159642819390044e-02,1.054814176682489779e-01,0.000000000000000000e+00,4.951720366620504521e-04,-5.127751493465206034e-02,1.357110669125694002e-04,-2.888797712163881926e-05,-2.752645314629602324e-02,-2.115420122981218842e+00,-8.814366481906388273e-02,-1.898101974476817944e-04,-3.395536956547590135e-02,7.408406745528983706e-01,2.683166157540495256e-04,-2.238472037352889910e-02,8.915838568105524109e-01,-1.025177785925911189e-01,7.193273918440147574e-02,1.688549002492499396e+00
-1.453376664327027834e+00,-5.773316913839643405e-04,-1.771933456125523998e-02,8.839091177431646074e-05,0.000000000000000000e+00,-8.110538024574953653e-05,-1.090796338374944163e-04,-8.554930110732383852e-06,4.660975763229902036e-02,9.492243038799280663e-03,-2.295102409498206431e-03,-6.689173724927499620e-07,-3.745435703084165624e-06,-5.558651416144838597e-03,-1.555595904639828220e-05,5.118082049657131094e-01,1.979818773984654889e+00,4.498013650021137622e-02,-1.631833643701850398e-02,1.941002283538037498e-03
2.823607876695630181e-02,-3.410874123353502263e-04,2.138280833299318395e+00,-7.903774370628807722e-05,-1.450634571850872856e-02,0.000000000000000000e+00,2.945994444335173212e-04,-8.862348174307199677e-06,-9.299308278243572090e-01,-2.156773636686226681e-02,-1.810565964648269688e-02,3.975320898685907878e-06,-2.186605517843429047e-04,-8.534311620883514027e-04,6.847790774616724363e-06,-2.641013124132648993e-02,-5.713883109968434515e-02,-1.273741581423845082e+00,6.401721062882725910e-03,-3.709799234614569174e-02
3.408434407663719912e-02,3.050760605906310818e-04,2.423241747812010516e-02,3.590714867794100873e-02,3.633852778093350777e-02,2.860662324805279128e-02,0.000000000000000000e+00,4.476088968711350313e-05,-4.056314784124379763e-02,2.402574562347839504e-02,8.391415130425572411e-03,3.273527698793973761e-02,4.198598091628410328e-02,5.316428505043602204e-05,1.625528589958651071e-02,-5.387461315612157575e-03,-3.908367407507183644e-02,3.971700303181757707e-02,2.956981683706869785e-02,-5.463682982050372949e-01
-1.482100393114360593e-02,1.876842937011957702e-04,-6.373735889686665823e-01,-3.304392225188283738e-02,-3.717268813715918219e-02,-8.584104435367463370e-01,1.234120859504223011e-02,0.000000000000000000e+00,-5.595846055636755079e-02,7.041902950017315810e-01,-1.710705191415234250e+00,-3.267750227481511227e-02,1.304141158394648281e+00,2.846755506451523754e-01,1.066954643845309025e+00,-2.839929535568630481e-02,-1.116660341525423650e-01,-1.035068517412344180e-01,6.227716749170936206e-01,-2.309714507897635549e-01
-8.824577294689394114e-01,-8.335485307166268232e-05,3.071026534549892162e-02,-8.963234381514917359e-06,-2.691310237018518237e-05,-9.300542542944878477e-06,-1.577446347501322566e-04,7.238367296685810359e-06,0.000000000000000000e+00,5.308086109823140220e-06,4.091107026316098683e-06,-1.795162283102502698e-06,-1.074737630116368026e-04,7.330267118017819161e-05,9.414418525144352401e-06,1.360982769821772465e-02,-2.897185651536959838e-03,3.561333822799406246e-02,4.115718997989015193e-04,1.399081551809733259e-04
7.379770524327370351e-01,-3.242564080158105710e-06,9.597298224369006647e-02,-3.340418405481382358e-06,-6.810704390166899547e-04,-5.779716182578442663e-04,8.782737204161145117e-06,7.983576155945470987e-06,-1.350839231592237955e-02,0.000000000000000000e+00,1.687674614876792267e+00,1.731072133900890542e-07,-4.258322268781977726e-04,-4.866160864624757276e-01,3.517910373257437939e-06,-3.807386142233865067e-02,9.293259588405802796e-02,-1.641226946228302452e-02,-4.697062679994590262e-03,1.389779215823520875e-01
-1.325499337526967469e-01,-7.960890577327073281e-05,1.692493841872585891e+00,-4.526895527698360233e-06,-4.863286539590061519e-04,-7.166309568650830464e-04,3.206637968605763334e-05,4.028971564651318005e-06,1.716181828052351976e+00,4.223303282924195656e-06,0.000000000000000000e+00,3.255699691090407910e-07,-3.979759149698308685e-04,2.953303719324118504e-04,4.725950728395877931e-06,1.495785130801813301e-03,-4.194868784990340993e-03,-5.867752686208915769e-02,-1.861095686736226940e+00,-1.753882543422412010e-01
2.143096308061432920e-01,-7.989054170268461430e-04,-3.915913530162395961e-02,1.809834510699903642e-02,3.750933858050098380e-02,1.720695652477667759e+00,2.668011005248147050e-04,-1.874907600177277978e-04,-1.825970662773671815e+00,2.311126115166341144e+00,9.106432921266539859e-02,0.000000000000000000e+00,5.613689413996891808e-01,-8.264536915739661982e-01,-1.103563700148073812e+00,3.250452086373217808e-02,1.064289251650391455e+00,2.884222378603468750e-01,-8.221070892439150679e-01,1.508423264367825256e-02
-8.078659660159109857e-02,3.177852565553196396e-04,-3.170891221004356469e-02,-6.296641487865684006e-05,-1.860688006285271090e+00,-3.632303461027014402e-02,2.129260938319860186e-04,6.960737234662506268e-06,9.136648008448378100e-02,-4.529956560700651447e-02,-3.584843092987902158e-02,-5.934943764218658657e-08,0.000000000000000000e+00,9.841053941057983923e-03,1.344453952686897047e-05,5.539453110200545649e-02,-1.196530063497203145e-02,1.845196525593479492e-02,-3.406236689038356219e-02,-7.942988219120046545e-03
1.050025152822767205e-01,2.355439425647531948e-04,-4.731303836551239983e-02,1.211986825988553562e-05,-9.540821279451217052e-04,2.326037885551246465e-03,-2.226101228318816405e-04,1.716365859438795383e-07,6.431836345900712737e-02,-1.439510824208234396e-05,2.833233931059525590e-03,-7.621223088949413693e-06,1.779049477846739169e-03,0.000000000000000000e+00,2.110454663806216047e-07,-1.987881418098449871e+00,1.721932289015625228e+00,2.880600479512721024e-02,-1.003645931537844316e-02,-4.000350662411629454e-02
1.910040385911365268e+00,5.208471229734001895e-05,6.021176495573610232e-02,3.037726283213293410e-02,7.144294211684482088e-02,4.530911682344332392e-02,-2.572308767822273357e-04,6.765946271913847454e-06,-4.620140263302979777e-02,1.911933399572409042e+00,7.695921364235938644e-02,-6.411401382744319477e-06,4.941508098328836751e-01,8.792033900297548943e-01,0.000000000000000000e+00,1.019855834136711437e-01,-1.032404899574338453e-01,9.120368830605812827e-02,-4.454049727911270351e-02,5.404867042919814235e-03
3.209879535164983366e-02,-1.280923595764899003e-04,6.359262903988527338e-04,-1.541786762945807077e-05,1.502673863429393464e-05,-2.537481106221206595e-05,1.875309710052952550e-04,-1.360511646254780604e-05,-4.438907809091729995e-04,1.487967123578459727e-05,-3.981861693647115175e-05,1.033180894963181551e-05,-1.928283442456657504e-05,-3.491944191358342664e-06,-1.900135763233112840e-06,0.000000000000000000e+00,-2.184184014794032791e-04,-2.313234103315103818e-04,5.719699091060459484e-04,-2.059853360222008156e-02
1.496553905002806495e-03,-3.959597461022923426e-06,-9.983961562382903665e-03,1.412833716135653006e-05,3.541403571949430784e-06,-7.635656440671545475e-05,-1.427148613421524992e-04,-1.299417827685389604e-05,-7.924092722395775779e-03,-1.815642766309077949e-05,-6.069678605184369857e-03,-4.540179712853031901e-06,-4.023408091857749724e-06,4.106673142878491944e-06,-6.251249880268039405e-06,1.372573981123847986e-02,0.000000000000000000e+00,-2.043151931066838900e-02,-3.699367266654290942e-03,-2.188765843359641305e-03
2.737455325161505804e-02,-2.421090346041709918e-04,1.191099096864831064e-01,-2.388768139829910986e-05,4.670643592358247886e-06,-6.988851307787591338e-06,2.174619579125430802e-05,1.114277830702170569e-05,7.485081554170491813e-05,9.867105731253822398e-06,4.731287006065620915e-06,3.375696586149778966e-07,-4.679560129836266014e-04,1.964518729821451704e-04,2.507131414780650047e-05,-1.749046747407735636e-02,-1.283136801157991336e-03,0.000000000000000000e+00,-3.928275617681720178e-06,1.036996996287845030e-02
3.011616607265343859e-02,2.035878909488891830e-04,2.609589378822182448e-01,8.621277659465187426e-06,6.178517400402122606e-05,1.115126829059509550e-03,-6.129220387048051055e-05,-5.110426059967698720e-06,1.758424125491672707e-02,-5.032100739016387436e-06,-3.828504456016013080e-06,-1.103732229140730325e-06,4.992972864787947884e-04,-1.169897365036691450e-03,-9.025743201343527922e-06,1.367719801719019523e-02,3.823051352239176248e-03,-1.799217833691665769e+00,0.000000000000000000e+00,-2.604038537884684201e-02
2.057638109784765135e-04,-4.091779972320574998e-06,9.095622082178067558e-06,-6.429682474440312490e-06,-1.218286813509841804e-03,7.587763271532654841e-06,-7.867062204958141791e-06,1.119988515152492425e-05,1.295281985908780520e-03,2.341530125615776115e-05,1.038922612864312534e-05,1.037040186344095893e-05,-1.493399380577992153e-03,-1.858042631268652656e-04,5.631462896588113054e-05,-3.091527450424513823e-04,-1.000904379680456202e-02,2.070598708224791196e-04,-3.982580623729248259e-06,0.000000000000000000e+00
