0.000000000000000000e+00,-7.582225733263776857e-02,-8.972538511582348053e-04,-3.528442683346003778e-02,7.307335826237781190e-04,-1.767800343359972326e-02,2.556479671443970259e-04,1.043466180505880914e-05,-2.811552455949870022e-05,1.786832939218670896e-02,-2.483978279053396937e-02,1.454868790164202778e-02,9.657537867598792181e-05,-1.978645804390568794e-02,-2.641898029132937198e-02,1.613407245561230066e-03,8.377000489217328871e-03,-7.934610103187583752e-02,-2.671451109339239086e-03,3.230590307107417125e-02
-1.554195912351376274e-04,0.000000000000000000e+00,-3.561013026898152134e-06,-3.134056140523475142e-02,9.972122595966470548e-05,-7.918237135666916782e-02,-1.454550989765657221e-06,-3.083246260582317433e-06,-1.268030280646148533e-05,9.821198494984473282e-05,1.386789831023871100e+00,6.145180719285825433e-06,4.077227474086342340e-06,2.783457269450728688e-06,1.000167007542129838e-05,1.341207991925941756e-01,-1.779954291958318890e-06,3.932694939104593168e-03,4.448494519554424542e-06,1.131850956943014630e-04
-8.811492741497797820e-03,-1.300975625726343621e+00,0.000000000000000000e+00,-2.184603687660913174e-02,1.718300102043601951e+00,4.256387176141775142e-02,1.612626918097020967e-04,6.614837107157822693e-05,-1.437787940509496765e-02,-2.854634954738920205e-02,2.827320910731234704e-03,-6.069209681535459033e-03,-2.930011344767780024e-02,-1.536538676697010164e-01,1.127781611491288430e-02,1.284489497583537476e-01,8.610955559684940752e-03,-2.291438135206438909e-02,1.850960811641477743e-02,-1.363909348909500552e-02
-8.816416730486262288e-05,4.839858610311553733e-05,-6.320921414108143788e-05,0.000000000000000000e+00,1.627514629667925483e-05,1.505559137364035127e+00,1.637919017916100728e-05,-7.632120024191751950e-05,5.620782566677362535e-05,-1.066516281426066470e-04,1.448407024775555385e-04,-1.527082023250470044e-05,-6.187848843175469682e-05,7.759274837287888360e-06,-1.771388661436779088e-05,2.389089607341410293e-04,7.087607171538112816e-06,3.084665501085215311e-06,-7.776047643737182824e-06,-1.489396336078960270e-04
-1.409951778173438447e-03,1.314901494552370154e-02,2.938200463542539609e-06,6.397797947868956447e-02,0.000000000000000000e+00,-4.352656751106106364e-02,1.441148360684096907e-05,-8.131676968003986872e-06,-4.512736219403068461e-06,5.861719664498887816e-04,3.244897144116326571e-02,-2.805050210774595598e-06,1.044570095300179080e-05,6.725711484261320816e-02,8.869633984574798458e-06,-1.981251736701159061e+00,-5.056634468786347369e-06,4.674329190908230180e-02,1.423532233833318950e-03,-3.505957361066291966e-05
-1.581126800751665035e-04,5.620056410832185989e-06,-3.809803876250392185e-05,3.052342629650262040e-06,2.541503263009392555e-05,0.000000000000000000e+00,1.367241589833589899e-06,2.546070157621871388e-07,1.111504311337996320e-05,3.611401435898997647e-06,1.524116586863188960e-04,-5.117704827029001535e-06,1.041881008967404654e-06,7.967080461107611811e-06,1.543047032426247966e-06,3.053786434677741024e-04,3.600664160552380366e-06,4.582102590966474764e-06,-1.769373887405834012e-07,4.456876078839933086e-05
-4.282618020539457476e-03,-7.523749730228618260e-02,1.490078373718174698e-02,1.303893648780527492e-01,-6.874092358282431203e-02,1.936540513290648802e+00,0.000000000000000000e+00,-5.092777990128860566e-06,2.026265113762516779e-02,-1.076638575362445227e-01,-1.466853569402569057e+00,2.960279416561698018e-02,1.920507173280000313e+00,4.038590792446922206e-03,-8.325912164507751068e-02,-2.823525602912888566e-01,-4.212824576645984864e-03,-1.711763577332103825e-03,-1.493055019749617962e+00,1.273332141732799461e-01
1.307417382222847424e-01,-2.150952814064016616e-02,4.427718294706910196e-02,-5.311558076536430223e-02,7.028968658956413762e-03,-5.529730896133192020e-02,-9.205044374912979555e-01,0.000000000000000000e+00,1.557044723942855757e+00,-1.098044118588719087e+00,1.199361922222683674e+00,-5.812813246552465951e-02,1.328515584447209630e-02,-3.404384616473532521e-02,1.999111846054602015e-01,5.911041077784701114e-02,1.971901166698808439e-02,-5.506761298629721246e-02,6.538257034382449762e-02,-1.098066455140911390e-02
-7.794835731494614839e-02,-1.839419310810286312e-02,-3.592710508392160662e-04,6.314934836296502707e-02,-1.886644593050046614e+00,-3.438279572175251264e-02,3.708495832094177436e-04,2.963616227841248119e-06,0.000000000000000000e+00,-4.772565549959917330e-03,2.879633419072286094e-02,6.041708562606240562e-01,-3.017299431828054934e-02,-7.042503005619378253e-01,-7.963907193484798253e-02,1.399594359568362423e-02,1.173509774991137178e+00,1.536375711408782818e-02,-3.314796397888544743e-02,7.954387485386442691e-01
6.842190922014823595e-04,5.067758591790011424e-03,-1.096679477490952737e-04,-1.157407773297591813e-02,1.706440776723786024e-02,1.262454731318738421e+00,-4.959057753051165918e-06,7.546250712281432627e-06,6.112415321682385105e-06,0.000000000000000000e+00,3.442639686357662487e-03,9.202382437106804147e-05,-5.066352630422876757e-06,7.042153857544689033e-02,5.973585079949161880e-06,5.324470950398865199e-01,2.125065944713622201e-06,-2.327575418277992580e-02,-3.091020616636241947e-04,2.105359698692521597e-05
-3.254649175057251764e-04,3.593814884572665846e-06,-5.261624149571764164e-06,3.505186410566302202e-02,2.293298025186907285e-04,4.329430109367346513e-02,-2.482113391710782935e-06,-5.006896813930516998e-06,-1.332368954604784550e-05,2.414038142699859169e-04,0.000000000000000000e+00,-6.753952842997179573e-06,7.768167550700755264e-06,4.448047113581043988e-06,3.291020326920413019e-05,-9.555052440173195105e-02,-2.569512507988314098e-06,-3.538692824876787935e-04,1.139246638615087903e-05,-1.988173335562559707e-05
7.256636340733854662e-04,3.570360319232443458e-02,-1.909915345973400846e-04,4.909970184719902875e-02,-1.871800081414700001e+00,-9.414015973161817818e-01,-8.070205031199262358e-06,1.652848298275277905e-05,7.579807039970187788e-06,1.664935870613781788e-02,-7.974291321570272650e-01,0.000000000000000000e+00,-8.860588111309075643e-06,1.274950126021512364e-01,-8.002688600183827106e-06,8.681228797703031130e-01,5.898800555128327905e-02,-7.169970787855026173e-02,9.854270734508063789e-03,-4.093144046494995303e-02
1.716913880869271047e-02,1.290248904879985004e+00,-1.717210185246675902e-04,-7.506538289391173624e-02,4.168014422278230879e-02,1.115737803470469913e+00,2.337804157037659536e-06,-6.049708280747578826e-06,-1.714923745753244022e-04,-9.873749941954160780e-01,1.563553592024591321e-02,-6.268355220328150068e-01,0.000000000000000000e+00,4.690692467455523373e-02,5.893419596402130201e-02,3.832541182960369497e-02,4.985023606944466446e-02,-1.475546434835633969e-02,-2.064173859937035171e-02,-1.080171521964790465e-01
-4.223231940056193512e-04,1.825874998396302518e+00,3.314164817636022775e-06,-5.133462843329958392e-02,7.076142980955157924e-05,1.215708591977267272e-02,-5.224683973764632228e-06,3.251850607996487064e-06,-9.013902133293838492e-06,7.333812634605085812e-05,-6.972378589023275897e-03,4.676978272555309957e-06,3.437999325389684557e-05,0.000000000000000000e+00,5.108944252499303396e-06,-1.336113097630889257e+00,-5.369260167087386293e-06,6.712888728961699525e-02,3.547794192093611798e-06,9.642647809317284047e-05
-1.621993081512718843e-04,-3.855605370856718395e-02,3.267726801392464853e-04,1.832818405657155036e-02,-2.212093886314818458e-02,1.361413668976885205e-02,1.285019428001743513e-05,2.959958531417727912e-06,-5.916397703138037700e-05,7.291830325706795124e-01,-1.696391303957145436e-02,-6.690500173068039125e-01,7.522571448734249877e-05,-5.710986259486763861e-02,0.000000000000000000e+00,1.996400560255366663e-02,5.832315890142558690e-02,-5.413934755699711943e-02,1.641181669472840499e+00,-5.966635590529088817e-02
1.883026149844918909e-03,-2.044951740998168788e-07,-3.739738038799345077e-06,1.817489498763422140e-02,-2.525279447773698394e-06,-1.825670345258620375e-02,-8.861429982284785289e-06,1.564704730405708233e-05,6.966824640269875246e-06,6.051703752785186907e-06,-7.462877495201247768e-05,3.460939968003007294e-06,-1.922109608812339054e-05,-3.726217643551521519e-06,-1.380204002535134755e-05,0.000000000000000000e+00,5.959591661663932172e-06,3.190869060851391631e-02,-6.446248788732900081e-06,7.218166513184298694e-05
1.649718126461169332e-03,-3.488686686090314293e-03,-5.359295076712844441e-04,4.446149146282146747e-02,-7.375817115612022246e-01,-1.057656590049538270e-02,3.804031068430080431e-05,6.689868753295691306e-06,5.094731395399731966e-06,1.830864507141460207e+00,-1.538505729807482902e+00,6.374560249033933701e-05,-2.452032825572825203e-05,-7.530144164641013049e-02,-1.380765748010270855e-05,-2.307325774736480317e-01,0.000000000000000000e+00,3.203257105613746547e-02,-1.468254583686177950e-03,1.845782585274680088e-05
-5.050308047028356784e-05,1.404001553400868740e-04,-7.386413439785383117e-05,1.668758217272138467e+00,-2.002410166006274306e-06,2.275383487269100335e-02,8.507721671359436133e-06,-3.506307491379229146e-05,8.100379424945403084e-05,-4.986562564465724101e-05,-1.651381343719321437e-02,-1.150050648027201028e-05,-7.071665567122409346e-05,3.304393584036002807e-05,-8.933559398710544386e-06,1.607193343377555372e-04,3.778124097788410074e-05,0.000000000000000000e+00,-5.998855026084770614e-06,-9.600877703767191074e-05
-1.484545277319945095e-04,6.718429272957850140e-02,6.218682205867687163e-04,7.139705092397258257e-02,-2.441751674665260108e-03,1.700221541799733949e+00,-2.985487467188630006e-06,7.613432248101958955e-06,-9.639302184262510398e-05,-3.094115610870351585e-02,-4.302631564821030041e-02,7.372406314002932781e-04,6.282883785949100464e-05,1.306244298648549185e+00,3.037091103802458392e-06,-1.198514369100570354e-01,-6.093538783879054455e-03,-7.338194144389535989e-01,0.000000000000000000e+00,-1.721532306651502031e-02
2.018025500477044903e-04,-9.356040977969465322e-03,-5.029282511612095941e-04,-1.021408489900621497e-03,3.065787552388101606e-02,2.934750204465738643e-02,1.098925432967828852e-06,7.898987479326713412e-06,5.984330306720020420e-06,-2.602892055577794850e-02,1.215725041394451200e-02,-1.331072005130440328e-04,-4.224167260828692871e-05,4.761204635384927442e-02,-6.236860663925286596e-05,-2.048346368802636541e-02,3.683498196696738392e-01,-4.649692183011934488e-02,-2.899275607085513573e-04,0.000000000000000000e+00
