9.4407,10.382
10.303,11.272
9.0644,10.117
8.5899,9.6629
9.5261,10.504
8.0907,9.2682
8.9478,9.9841
10.658,11.693
9.6751,10.576
8.9083,9.8395
9.3129,10.329
8.5834,9.7315
9.1573,10.229
8.5702,9.5254
8.5625,9.4411
9.6086,10.559
9.9735,10.906
8.5908,9.6731
8.4031,9.3393
9.6222,10.515
8.537,9.5546
10.091,11.029
9.5669,10.775
9.8568,10.896
9.9583,10.89
9.7163,10.678
9.5038,10.557
10.561,11.543
8.9142,9.8421
9.2866,10.252
9.1491,10.096
7.9923,9.3076
8.464,9.6553
8.6482,9.6357
10.358,11.22
9.9109,10.848
12.549,13.417
8.786,9.7083
10.388,11.297
9.243,10.315
10.334,11.242
9.7805,10.736
8.2308,9.492
8.9827,10.197
11.328,12.191
9.0382,10.129
9.3876,10.31
10.161,11.092
11.869,12.808
8.963,10.028
11.284,12.191
10.519,11.41
8.4386,9.6166
8.8903,9.9749
9.286,10.242
8.8985,9.9072
9.7788,10.765
9.6697,10.626
10.236,11.102
8.5622,9.7355
10.194,11.21
9.6938,10.565
10.89,11.832
10.065,11.137
8.6352,9.7304
8.2428,9.5993
9.0382,9.9967
9.5106,10.861
10.221,11.358
10.323,11.225
9.4208,10.521
8.896,10.037
8.3141,9.3419
13.405,14.227
9.9413,10.931
9.9264,11.122
12.302,13.183
10.337,11.418
8.9652,9.9262
10.058,11.129
9.1922,10.093
9.1018,10.186
9.0403,10.219
10.37,11.266
9.2496,10.168
8.4642,9.5326
7.6806,8.7126
8.7387,9.693
8.5747,9.7866
9.1192,10.057
8.8725,9.9338
8.6056,9.7356
7.8999,8.9706
9.209,10.19
8.8737,9.8784
10.222,11.055
9.5823,10.516
9.7414,10.81
8.9384,9.925
8.1602,9.2606
8.7951,9.8914
8.8512,9.7931
9.8474,10.741
8.5529,9.5959
8.0901,9.2078
10.208,11.164
8.46,9.4733
9.3895,10.333
9.1102,10.07
9.2634,10.197
8.5348,9.5074
9.4214,10.314
8.1628,9.2843
8.9544,9.9826
10.42,11.415
8.7003,9.7655
8.0725,9.2314
8.774,9.8227
8.3509,9.6511
8.2615,9.5007
8.4627,9.5434
8.825,9.9107
9.4686,10.449
8.3089,9.339
8.2041,9.3356
9.5726,10.539
9.8818,10.994
8.4399,9.5505
7.8819,8.9582
8.2231,9.3144
7.7936,8.9562
9.3105,10.327
7.782,8.891
9.2267,10.457
8.2279,9.247
9.2483,10.205
8.672,9.7414
9.6636,10.57
8.1602,9.2242
11.929,12.739
8.6932,9.7312
9.2243,10.337
10.015,10.881
8.1116,9.1783
7.9356,9.0878
10.617,11.463
8.6054,9.5511
8.3497,9.5893
7.968,9.1074
9.8058,10.791
8.2746,9.4998
10.685,11.518
9.8041,10.836
8.2522,9.3256
8.7162,9.7425
13.151,13.916
6.3421,7.0003
8.8319,9.8686
10.887,11.877
8.9215,9.9384
8.5348,9.4565
12.629,13.394
8.7849,9.8101
10.553,11.36
12.274,13.151
9.0791,9.9688
10.669,11.595
10.428,11.431
8.9478,9.7923
11.996,12.907
10.183,11.208
9.2716,10.501
8.9406,9.9833
15.06,15.827
10.087,11.053
11.668,12.313
8.4074,9.3154
10.15,11.108
10.804,11.81
8.1348,9.0607
8.464,9.0568
11.639,12.579
10.669,11.505
9.8869,10.852
13.79,14.475
10.803,11.672
8.767,9.7608
12.46,13.405
12.733,13.571
9.2055,10.127
12.771,13.705
13.536,14.437
12.744,13.428
11.821,12.758
11.047,11.954
12.656,13.283
11.831,12.607
13.402,14.074
11.348,12.145
10.646,11.658
7.1397,8.0304
9.5957,10.59
11.411,12.368
11.776,12.611
11.57,12.491
9.9119,10.864
9.5285,10.568
8.2589,9.3808
11.461,12.412
9.3952,10.432
12.369,13.179
10.804,11.639
9.5857,10.814
11.703,12.413
8.514,9.3758
11.928,12.589
7.2862,8.2063
7.7311,8.5977
7.7026,8.6903
11.505,12.153
8.5238,9.49
6.8265,7.6746
8.2754,8.8967
7.6903,8.9611
6.7627,8.0298
6.9037,8.0024
6.3578,7.3317
8.93,9.9629
12.408,13.108
6.4877,7.4134
9.4067,10.133
9.0255,9.497
7.9596,8.832
11.698,12.643
9.1824,10.264
9.296,10.022
7.0975,7.8002
8.3333,8.9193
8.6208,9.277
5.5175,6.0113
7.6192,8.7703
6.8013,7.5299
12.155,12.826
6.7991,7.5684
8.1736,8.9358
8.3738,9.0859
9.4161,10.211
11.187,11.913
8.5713,9.6089
7.6089,8.4474
9.1432,9.8934
10.523,11.309
5.9506,6.6896
8.7413,9.4829
8.7975,9.7117
9.2295,10.1
9.1648,10.022
9.0155,10.024
6.731,7.5627
7.7761,8.5817
7.6113,8.4211
8.8504,9.2436
8.5995,9.4781
10.789,11.744
8.0307,8.7411
8.2963,9.2602
8.9071,9.5033
7.2772,8.2777
5.9506,6.725
7.4122,8.0684
7.2633,8.0913
8.7128,9.0879
8.1209,8.9914
7.7213,8.5762
10.892,11.723
8.374,9.178
12.87,13.601
12.901,13.602
11.236,11.963
11.073,11.768
12.777,13.543
11.52,12.382
10.935,11.651
10.642,11.433
10.565,11.495
12.113,12.895
10.644,11.493
12.605,13.367
11.109,11.928
8.5943,9.6349
10.501,11.49
8.8105,9.9046
11.643,12.517
12.986,13.834
8.0157,9.1371
9.7788,10.976
9.6452,10.91
10.127,11.113
10.46,11.362
9.5646,10.474
13.518,14.301
8.8058,9.8542
7.8099,8.9556
12.393,13.255
11.364,12.362
8.2587,9.2977
7.9427,8.9439
9.5764,10.638
7.6511,8.6599
7.6487,8.6982
8.1912,9.2741
8.059,9.0781
8.9131,9.9212
8.9251,9.8309
9.5208,10.703
9.6714,10.769
12.547,13.38
8.5086,9.5972
10.072,11
9.5854,10.575
8.3,9.2783
7.2834,8.3028
10.535,11.56
11.275,12.232
11.206,11.909
8.8278,9.897
7.4536,8.357
8.5891,9.6087
10.897,11.908
10.681,11.716
10.103,11.067
10.185,11.054
9.4955,10.401
10.529,11.607
8.8947,9.9166
12.283,13.062
9.9165,10.805
12.387,13.265
10.905,12.174
12.536,13.499
11.806,12.681
9.7536,10.831
9.9551,10.845
10.437,11.376
9.9153,10.933
11.221,12.217
11.318,12.099
9.0645,10.097
9.03,10.012
8.801,9.7131
7.8224,9.2268
11.473,12.464
8.398,9.2953
8.8535,9.9665
8.468,9.5825
8.6861,9.6528
7.6411,8.7227
8.2028,9.1462
7.2841,8.2449
9.518,10.454
8.2731,9.0713
9.1328,9.969
9.8008,10.616
8.6903,9.6803
8.6519,9.5123
11.029,11.92
8.368,9.2842
8.0941,9.0712
8.5975,9.6327
8.2147,9.2277
9.6037,10.485
8.8691,9.8704
8.5481,9.5226
7.6464,8.6512
8.5293,9.5008
7.9687,8.9251
10.083,10.939
9.7126,10.518
7.8438,8.9015
11.288,12.217
7.2689,9.9865
9.1052,9.9922
10.058,10.853
10.403,11.219
7.037,8.1755
11.19,11.921
7.9043,8.8039
11.94,12.604
9.2325,10.2
9.5951,10.474
9.7097,10.6
8.5921,9.5097
9.7157,10.578
8.019,8.9469
8.9379,9.8776
8.4863,9.4188
7.6544,8.4709
9.221,10.146
12.422,13.088
8.7114,9.7383
8.3025,9.2897
10.613,11.52
10.092,10.907
8.4994,9.4848
6.7117,7.7394
8.8248,9.8161
8.9965,9.8394
8.949,9.9425
8.1383,9.0393
8.518,9.5989
9.5148,10.277
10.465,11.287
9.4498,10.239
8.7426,9.6281
12.464,13.288
8.3809,9.3156
6.848,7.7757
10.111,10.915
9.4904,10.311
9.0085,9.8957
8.3742,9.3406
11.338,12.025
9.2551,10.127
10.468,11.234
8.0796,9.1555
8.9579,9.8213
8.7894,9.6463
8.9466,9.8301
7.8559,8.7826
9.6973,10.5
10.32,11.259
8.1409,9.1036
9.3211,10.14
7.9834,8.9297
8.476,9.3478
8.8149,9.8203
8.0718,9.0872
8.1244,9.0665
8.8361,9.7159
8.4906,9.4104
7.5668,8.6401
9.5957,10.518
8.5477,9.366
8.9199,10.534
7.9413,8.8122
7.3796,8.4172
10.211,11.127
8.3433,9.2838
8.9197,9.828
7.932,8.9929
8.5019,9.547
8.9415,9.784
7.5364,8.5749
9.0174,9.9631
7.9728,8.8591
9.0127,9.9577
8.7636,9.5895
7.8427,8.8552
8.464,9.3563
9.0745,9.8876
11.04,12.044
9.5932,10.448
8.6942,9.4276
8.2467,9.0971
9.2778,10.17
8.8916,9.8601
8.4785,9.3632
8.4255,9.384
8.247,9.098
9.4693,10.385
8.1484,9.0994
8.3955,9.2394
6.6438,7.7651
8.404,9.2559
8.111,9.1694
11.144,12.11
9.7182,10.512
7.1468,8.1412
8.6014,9.5499
8.1671,9.1113
9.9122,10.777
9.1187,9.9879
7.5496,8.682
9.4098,10.287
7.8575,8.7851
6.561,7.6168
8.681,9.8055
7.998,8.9749
8.3654,9.3453
8.383,9.3941
9.6505,10.548
9.5223,10.4
9.0758,10.025
7.5969,8.6373
7.6241,8.7139
9.9468,10.82
8.234,9.1601
8.0907,9.1436
8.1182,9.1474
9.3304,10.166
10.029,10.941
9.4762,10.348
9.5298,10.524
7.6737,8.7922
8.865,9.8438
8.9414,9.9403
6.7417,7.7583
7.5658,8.5477
8.3738,9.2223
10.368,11.094
7.9331,8.9466
8.4138,9.3012
8.3028,9.2465
8.8518,9.8017
11.312,12.062
6.9782,8.1158
10.251,11.089
7.8164,8.8438
7.8804,9.023
9.5317,10.505
8.5502,9.1943
6.9402,8.006
9.0136,10.093
10.229,11.097
7.7903,8.8941
7.1468,8.1143
5.793,6.7069
10.405,11.336
8.1227,9.0705
8.865,9.8744
5.7526,6.6821
8.2088,9.2486
7.2626,8.1271
8.707,9.9788
8.0478,9.0932
8.3109,9.2885
8.3412,9.3903
8.5214,9.3821
8.5374,9.6003
8.6827,9.6359
8.7129,9.6051
9.9894,10.998
9.4214,10.266
7.9295,8.9173
7.2971,8.3231
7.2612,8.1421
8.8354,9.8771
9.0086,9.8893
9.5459,10.411
7.0975,8.0889
8.0529,9.0206
8.727,9.6693
7.9845,8.8311
8.8856,9.864
7.0076,7.9714
10.033,10.877
7.7372,8.6312
8.1083,9.0828
10.337,11.179
8.2674,9.4144
8.7865,9.6942
9.4989,10.262
7.6266,8.5962
9.7185,10.574
7.5049,8.6771
8.9783,9.8405
8.7108,9.6214
11.271,12.034
9.574,10.504
8.8352,9.7358
8.6019,9.6345
9.4783,10.393
10.032,10.864
14.671,15.474
9.0105,9.9436
8.3373,9.3113
10.467,11.22
8.9516,9.8041
9.0224,9.8921
12.744,13.398
9.0711,9.9862
8.1167,8.9823
9.4868,10.34
9.0252,10.006
8.7986,9.6333
9.5497,10.674
9.7114,10.685
7.8928,8.9346
8.7257,9.7208
9.456,10.328
8.0249,9.1239
9.2413,10.081
7.3778,8.591
8.248,9.1176
10.094,10.968
9.5468,10.403
10.157,11.029
8.3898,9.3341
9.5849,10.507
9.0151,9.93
9.2564,10.066
8.0196,9.172
11.797,12.537
10.658,11.542
9.809,10.524
10.194,11.028
12.207,12.995
10.767,11.627
8.7918,9.7873
9.6885,10.5
9.7673,10.631
9.5419,10.367
9.6853,10.531
11.154,11.904
10.955,11.688
10.942,11.786
9.8542,10.807
11.533,12.42
9.7535,10.681
8.6876,9.5805
8.8774,9.8778
8.6208,9.6151
8.5303,9.3673
8.9807,9.8671
9.0472,9.9093
9.4352,10.364
9.684,10.532
8.7037,9.5851
9.9602,10.744
11.392,12.208
8.9883,9.9857
8.9064,9.716
8.8842,9.8467
7.1261,8.3903
7.8999,9.087
7.8785,8.7136
9.5026,10.482
8.9185,9.7749
11.224,12.024
11.474,12.497
9.2118,10.256
11.357,12.079
8.1107,9.0318
7.7956,8.7229
9.1187,10.083
7.9807,8.9077
10.079,10.81
10.967,11.791
8.8087,9.785
10.564,11.464
8.6673,9.5261
9.1272,9.9962
8.7216,9.6468
8.8604,9.8014
8.8604,9.7905
10.271,11.097
11.85,12.69
9.9809,10.943
11.667,12.433
9.5739,10.414
9.4178,10.296
11.81,12.592
10.263,11.084
8.3923,9.2319
8.7423,9.6531
9.7205,10.504
8.5497,9.4236
9.0865,9.8895
9.7996,10.62
10.568,11.395
9.2068,10.121
9.5102,10.359
8.1122,9.1922
9.2697,10.234
9.5254,10.443
9.1726,10.079
9.5644,10.422
10.895,11.764
9.6813,10.441
11.047,11.83
9.2853,10.25
10.185,11.022
8.9773,9.8539
8.9118,9.8839
9.0793,9.8697
9.545,10.409
10.419,11.301
9.359,10.323
10.556,11.315
9.886,10.691
9.3115,10.214
10.36,11.153
9.8891,10.884
10.489,11.373
9.6631,10.48
9.6367,10.506
9.2796,10.171
9.1852,10.054
9.4105,10.323
9.0695,10.037
10.465,11.255
9.7267,10.642
10.214,10.995
9.2126,10.148
12.263,13.167
10.754,11.596
9.7134,10.657
10.912,11.845
12.778,13.548
9.7319,10.575
8.3376,9.3057
9.6204,10.592
10.701,11.501
9.6708,10.477
9.9887,10.859
8.7128,9.6054
9.6312,10.476
7.6014,8.5397
8.9025,9.835
8.7088,9.6704
8.7641,9.7033
8.9755,9.8702
8.5267,9.5078
10.871,11.694
9.3239,10.182
8.5828,9.4924
9.3756,10.281
9.4239,10.309
9.1873,10.102
8.9461,9.8835
11.577,12.395
8.8763,9.9244
9.7767,10.594
8.9448,9.871
8.9701,9.9987
9.2716,10.114
8.9629,9.9574
7.8686,8.8753
10.938,11.709
8.8577,9.7303
7.9652,8.8335
11.243,12.029
8.8456,9.8108
10.793,11.63
9.7291,10.509
8.2646,9.1023
9.7832,10.633
9.0277,9.9957
10.35,11.239
9.3605,10.143
9.219,10.08
9.3534,10.174
8.2923,9.16
7.8782,8.6536
8.7442,9.623
8.6305,9.6493
8.1973,9.0547
9.2337,10.071
11.041,11.835
9.3395,10.173
9.2696,10.119
9.1165,10.039
9.1357,9.9415
8.876,9.7795
8.5683,9.5136
9.211,10.041
8.9138,9.737
9.0262,9.8328
10.003,10.788
8.8521,9.6951
8.7538,9.6445
8.1654,9.0609
9.0833,9.8821
9.0971,9.9569
10.145,10.953
8.9902,9.8488
9.4902,10.293
8.1637,9.1165
8.2774,9.1895
8.9679,9.8487
9.9408,10.741
8.8313,9.6569
10.639,11.448
8.6282,9.4982
9.2682,10.146
9.0096,9.8831
8.6017,9.4755
8.2893,9.1486
8.5614,9.4025
8.7227,9.5726
8.4726,9.3912
8.9866,9.7904
8.6514,9.5348
9.1383,9.9886
8.7667,9.7019
9.0199,9.8464
8.3984,9.316
8.5354,9.413
8.2177,9.0947
8.9227,9.644
9.1255,10.021
9.7021,10.503
8.9185,9.6999
10.693,11.311
9.0594,9.9233
8.5358,9.4666
9.0965,9.9938
9.8202,10.671
11.329,12.042
8.5493,9.3972
8.3766,9.2412
8.5751,9.4647
8.5811,9.4412
9.18,10.037
9.4699,10.298
9.8652,10.637
8.6188,9.5035
8.489,9.4197
8.4266,9.3667
8.2417,9.1279
8.674,9.504
9.8032,10.607
8.8406,9.7393
8.1531,9.0325
9.0262,9.8555
8.5214,9.451
9.2587,10.116
8.4145,9.3386
11.935,12.622
10.554,11.369
9.067,9.8682
7.8379,8.718
8.6803,9.5552
11.215,11.983
8.7146,9.6187
9.4834,10.336
10.441,11.189
8.961,9.8799
8.1289,9.0304
8.6528,9.5366
8.1548,9.0625
9.6704,10.603
9.6898,10.46
9.1125,9.9105
8.0501,9.0118
9.9368,10.735
8.5847,9.4735
9.1724,9.9931
10.688,11.522
8.2319,9.1133
8.8206,9.7001
8.7927,9.6585
8.1967,9.0767
8.928,9.8199
7.9838,8.7869
9.6159,10.353
8.8653,9.6784
8.4809,9.3889
9.9465,10.71
7.2682,8.1044
7.6634,8.5204
9.0489,10.012
7.3652,8.2101
7.0527,7.8629
8.3756,9.1903
8.5877,9.433
8.2651,9.1453
7.0975,7.8454
9.6858,10.514
9.6523,10.543
7.6034,8.4138
9.0625,9.9122
8.1753,9.1343
10.388,11.122
7.5289,8.3596
7.369,8.2733
9.4963,10.17
7.9759,8.8009
9.3482,10.079
9.3637,10.099
9.1707,10.002
9.1311,10.304
7.3784,8.2231
7.4691,8.2928
8.0501,8.8504
7.735,8.5444
6.7452,7.5202
8.1923,9.0784
7.0175,7.8296
8.1456,8.9591
9.5979,10.326
7.423,8.2464
6.947,7.7271
8.4978,9.3625
8.8019,9.6295
7.5903,8.5643
11.85,12.507
7.2876,8.1418
8.2749,9.1005
7.5186,8.3055
9.2708,10.153
6.9632,7.8128
9.8758,10.912
7.4265,8.3297
8.0567,9.016
7.3473,8.1542
9.7554,10.466
9.4918,10.198
8.7022,9.5121
8.598,9.4562
7.6596,8.4739
9.1116,9.9813
8.2074,9.0017
9.8091,10.652
7.9179,8.767
7.3492,8.1473
8.4577,9.3247
8.9846,9.8505
7.5893,8.4114
7.9509,8.8082
8.7909,9.6368
7.7948,8.6927
7.8563,8.6947
8.1831,8.9953
8.1041,8.91
8.7869,9.6012
8.4691,9.2375
7.4793,8.32
10.319,11.082
8.0456,8.9318
8.5686,9.3843
10.02,11.059
7.9704,8.8545
7.5433,8.4154
8.2812,9.0902
10.086,10.798
7.8124,8.6625
12.101,12.813
9.0137,9.7451
11.238,11.951
7.3032,8.173
8.1608,8.9566
7.8208,8.6906
7.7795,8.6472
6.9499,7.7575
7.6634,8.4629
9.3057,10.124
8.2843,9.042
7.4939,8.3345
7.9817,8.8345
6.7627,7.6232
8.1696,9.0529
7.1204,8.0199
8.4661,9.4033
7.4622,8.4338
11.202,12.057
8.6571,9.6312
8.6649,9.5559
8.6028,9.4388
8.0117,9.0823
9.532,10.434
8.1479,9.2128
9.0992,10.444
9.9346,10.733
8.9868,9.8733
9.9083,10.924
9.2536,10.129
7.8544,8.9539
8.3192,9.7412
8.6757,9.7328
9.7043,10.677
8.1781,9.3115
8.6019,9.5084
9.4195,10.31
10.434,11.33
7.511,8.6101
8.1845,9.1345
8.9337,10.129
8.4604,9.6036
9.8471,11.111
9.3673,10.251
8.5747,10.032
8.0369,9.14
8.1131,9.1277
7.9084,8.8941
10.486,11.361
8.0494,9.2065
7.3595,8.8404
8.383,9.5816
11.502,12.227
8.4466,9.4192
9.5192,10.795
9.9288,10.641
8.0183,9.1018
7.4547,8.4851
8.3759,9.2922
8.5267,9.4961
9.4787,10.436
8.8937,9.9453
8.374,9.3096
9.5093,10.575
7.8838,8.9544
10.059,11.396
9.3486,10.643
8.7188,9.6268
8.5311,9.6423
9.7894,10.618
8.5124,9.4525
7.7536,8.7103
9.7433,10.74
7.9756,9.3923
12.61,13.437
9.3488,10.168
8.9302,10.104
10.976,11.828
8.3502,9.7948
8.98,10.317
8.395,9.3861
9.4736,10.571
8.2185,9.5554
7.5475,8.956
8.0643,9.6079
8.9461,10.332
8.4098,9.585
8.7863,9.855
8.1047,9.129
9.1894,10.091
7.5974,8.778
10.126,11.024
8.1493,9.6572
8.1642,9.2193
9.9796,10.885
8.0359,9.5116
8.7884,9.7931
9.1257,10.152
8.1798,9.5414
8.8904,9.7847
8.6325,10.037
7.3595,8.5403
8.9723,9.8528
8.1753,9.1574
8.4299,9.4217
8.9564,9.9058
8.0883,9.4012
9.27,10.381
9.247,10.225
7.9586,8.8758
8.8771,9.9881
9.3183,10.233
8.0907,9.0965
7.0775,8.6498
8.307,9.3047
9.108,10.427
10.09,11.304
8.1909,9.3148
9.6806,10.732
6.6846,7.7275
8.3251,9.5449
8.842,9.8548
8.4109,9.5257
9.1385,9.9903
9.2007,10.057
8.7347,9.5938
7.7845,8.6876
9.1285,9.9607
8.3647,9.3821
8.1879,9.1468
7.7651,8.7408
8.7271,9.7881
10.4,11.182
8.3114,9.284
8.5285,9.7423
8.5558,9.6045
9.2146,10.416
7.5449,8.8096
8.9795,9.7857
9.9031,10.941
8.8378,9.9715
9.8353,10.821
8.9027,10.003
9.4376,10.631
9.1747,10.299
8.6208,9.7042
10.364,11.299
11.601,12.439
11.156,12.027
8.1845,9.2837
8.2174,9.1416
8.2827,9.4163
8.6869,9.7465
8.9814,10.042
9.1022,10.155
11.995,12.811
8.1301,9.3735
8.6972,9.853
9.2381,10.415
8.9091,10.092
8.5785,9.7233
10.131,11.063
9.319,10.379
8.6943,9.7597
12.236,13.027
9.3665,10.379
11.139,11.918
10.378,11.32
8.7108,9.7412
9.6063,10.591
9.9702,10.982
8.4394,9.6608
9.2608,10.457
9.5376,10.593
12.295,13.232
10.895,11.844
9.127,10.168
8.9488,10.088
10.779,11.815
8.173,9.2527
8.8214,10.007
8.8978,10.138
10.189,11.068
9.6255,10.526
7.9882,9.1929
9.0026,9.9756
9.4128,10.371
10.238,11.34
9.6151,10.602
10.171,11.071
10.682,11.616
10.239,11.299
7.8376,9.0508
10.537,11.455
8.806,9.9602
9.7725,10.788
9.4101,10.887
9.6272,10.697
9.6668,10.684
8.88,9.8567
8.1881,9.4667
7.968,9.408
8.5285,9.7557
10.685,11.508
10.363,11.422
11.471,12.282
9.3294,10.22
9.6412,10.64
10.756,11.607
9.4292,10.402
9.2001,10.154
9.9162,10.8
10.934,11.828
8.8359,9.7776
9.3221,10.268
9.7518,10.716
9.2127,10.255
9.3407,10.462
10.993,11.848
10.319,11.297
12.038,12.823
12.699,13.393
9.5578,10.453
9.1944,10.05
10.722,11.476
10.094,11.009
10.339,11.195
9.5008,10.329
10.886,11.651
9.1681,10.184
11.047,11.891
11.019,11.683
8.8656,9.7229
12.611,13.269
12.728,13.408
9.3264,10.147
10.019,11
8.9468,9.862
9.4103,10.15
10.782,11.636
10.293,11.075
9.5292,10.338
12.632,13.576
10.979,11.905
11.059,11.885
12.266,13.07
8.2963,9.0985
12.598,13.359
10.31,11.072
12.192,13.001
11.098,11.841
13.432,14.128
7.9062,8.5344
12.602,13.316
12.077,12.913
12.595,13.385
12.592,13.379
7.9084,9.184
8.0609,9.1297
10.435,11.309
9.368,10.383
8.6286,9.6924
8.4103,9.596
7.8834,9.0459
9.8284,10.732
10.739,11.694
8.2903,9.3241
11.147,12.051
9.6901,10.601
10.961,11.861
9.8891,10.81
8.92,9.8988
8.8152,9.9354
9.175,10.276
8.8432,10.078
10.085,10.931
8.0693,9.1554
9.5262,10.57
9.1928,10.14
10.613,11.389
9.1378,10.043
12.054,13.018
8.6793,9.9013
8.7615,9.8877
10.082,10.913
9.6402,10.608
9.6965,10.647
9.3769,10.542
9.4682,10.504
11.747,12.526
9.8435,10.855
8.8944,10.252
8.3869,9.5204
9.9719,10.899
11.005,11.928
11.502,12.266
8.1493,9.3013
12.22,13.005
6.1399,7.5822
7.6592,8.9504
10.161,11.157
8.6433,9.5473
10.499,11.407
10.628,11.516
7.7319,8.8037
8.0678,9.228
12.629,13.451
8.9833,10.044
10.178,11.213
9.1894,10.18
9.4988,10.518
9.1933,10.174
10.31,11.206
8.1068,9.2112
10.863,11.81
9.8057,10.77
7.6187,8.9216
11.027,11.968
9.4211,10.461
13.056,13.827
8.9249,9.9989
8.4562,9.7072
8.1047,9.1963
8.7701,9.8484
7.6363,8.8332
8.6291,9.6153
11.179,11.965
8.3692,9.5657
8.4691,9.7035
11.346,12.337
10.855,11.841
10.05,10.935
9.5476,10.616
7.9487,9.0566
10.232,11.172
9.9223,10.95
10.137,11.11
11.764,12.486
13.688,14.665
9.1173,10.131
8.3253,9.5033
11.483,12.186
9.277,10.287
9.3909,10.341
9.3053,10.134
8.0242,8.9511
10.11,10.865
9.4523,10.263
9.2997,10.307
9.8092,10.52
8.7561,9.9547
8.7091,9.6119
9.3006,10.155
10.017,10.806
7.9331,9.0781
7.4431,8.3168
8.7333,9.606
9.5898,10.639
11.493,12.177
8.7725,9.6006
9.3784,10.234
8.9718,9.8891
9.1209,9.9956
9.661,10.5
9.7626,10.565
7.8913,8.8778
13.125,13.755
8.9881,9.8191
8.476,9.5538
9.1728,10.069
9.6054,10.671
8.6943,9.5244
8.4532,9.406
9.6767,10.512
7.8602,8.8057
8.7823,9.774
8.3654,9.2679
8.4949,9.476
7.4037,8.2332
9.2094,10.062
8.0929,9.0127
9.3386,10.135
9.517,10.297
7.5027,8.6188
8.4523,9.4748
9.3106,10.114
9.0543,9.9328
8.8802,9.8217
9.2604,10.286
9.7244,10.606
8.4031,9.3507
9.4366,10.201
9.1709,9.9915
8.1362,9.1462
10.769,11.43
9.9166,10.858
8.7531,9.6329
8.8656,9.897
8.4392,9.3665
9.5338,10.459
8.4058,9.3637
12.349,13.039
7.4134,8.6072
8.9423,9.87
9.0026,9.9233
9.923,10.738
8.4446,9.2783
8.4281,9.4394
11.391,12.312
9.9336,10.687
9.4287,10.306
8.813,9.6452
10.755,11.591
9.5629,10.32
8.4264,9.3345
8.5335,9.4665
9.1252,10.126
7.6353,8.6201
9.0175,9.8697
8.5128,9.5604
9.0124,9.8227
10.898,11.64
8.5423,9.4223
8.1306,9.0424
9.9342,10.742
10.122,10.98
8.588,9.5217
9.5657,10.547
9.5125,10.405
8.4233,9.5007
8.7877,9.8967
7.9359,9.0061
9.5679,10.736
8.6995,9.6591
8.0659,9.1877
8.8577,9.7898
7.9773,9.1045
8.2664,9.4156
8.74,9.7377
8.9818,9.9562
9.3151,10.517
9.0957,10.185
8.5551,9.6758
10.004,10.895
10.205,11.098
7.8988,9.0129
8.5423,9.6354
8.0034,9.1929
9.0249,9.9577
9.0042,10.106
10.902,11.968
11.617,12.433
8.7047,10.042
8.2595,9.5419
6.6254,7.8292
9.0324,9.9291
10.728,11.679
8.6047,9.7564
7.9102,9.1249
8.3395,9.5358
10.088,11.034
8.0678,9.225
9.4584,10.343
9.1175,10.078
10.283,11.255
8.388,9.4349
8.7045,9.8411
10.161,10.952
9.5394,10.634
9.2741,10.315
9.9667,10.956
9.6518,10.636
9.0893,10.155
9.1818,10.285
9.5814,10.502
8.427,9.5005
9.0617,10.077
8.9192,9.9018
8.283,9.4889
9.5087,10.492
9.1656,10.246
9.3488,10.428
8.0827,9.1966
9.4575,10.496
9.0451,9.9484
9.1948,10.087
8.2553,9.4443
10.329,11.148
9.147,10.109
7.7244,8.9827
9.0832,10.062
8.601,9.6209
8.111,9.1815
9.2759,10.459
8.5218,9.7502
8.8995,9.9094
8.8791,9.8384
8.9188,9.822
7.7886,9.1749
9.1039,9.987
8.4125,9.5296
9.9325,10.852
10.138,11.189
8.7951,9.8593
8.2362,9.2399
8.0401,9.2124
8.8374,9.8768
8.4661,9.4867
9.1217,10.216
9.2875,10.121
8.6181,9.5454
8.1562,9.0601
9.3333,10.183
9.1209,10.103
8.3896,9.3318
8.7283,9.6724
8.2913,9.4078
8.1365,9.24
10.84,11.517
10.509,11.384
9.4993,10.537
8.1131,9.0665
9.5613,10.381
8.9318,9.9043
10.193,10.982
8.4377,9.4035
7.3926,8.5993
10.025,10.84
8.334,9.3838
8.3212,9.2581
9.1241,10.017
8.0932,9.047
11.136,11.824
8.762,9.6751
10.175,10.945
8.7415,9.5917
8.7887,9.8147
7.9388,8.9069
8.3222,9.4006
8.1143,9.0944
8.1032,9.0146
8.5719,9.5831
8.3393,9.3582
9.4148,10.5
10.284,11.174
8.6052,9.4865
8.0901,8.973
11.301,12.13
8.5069,9.3892
8.2883,9.1993
8.9427,9.887
7.5235,8.7589
7.8152,8.8367
8.3476,9.2111
9.2598,10.268
8.2158,9.3133
12.598,13.352
10.502,11.373
11.024,11.893
9.5842,10.573
7.6464,8.614
9.1394,10.099
9.4639,10.307
9.3407,10.274
8.3941,9.2966
9.0392,10.008
8.7442,9.6483
8.7686,9.6639
8.6282,9.6103
8.7659,9.6997
8.1923,9.2803
7.9773,8.9294
9.3637,10.262
7.5099,8.4521
8.8436,9.8276
8.5618,9.6631
8.4853,9.3983
8.2865,9.1815
8.3598,9.3533
8.5283,9.5329
8.9518,10.041
9.7028,10.61
9.1639,9.9986
8.0596,9.2339
8.5146,9.3938
7.8571,8.9823
8.9798,10.126
8.8269,9.7282
9.6267,10.502
9.4719,10.423
8.8432,9.7738
10.031,10.744
8.8595,9.8428
9.1053,10.646
7.6998,8.7147
8.1212,9.1032
9.1763,10.145
9.0651,9.9701
7.712,8.886
8.2134,9.4301
11.111,11.878
8.0526,9.0621
8.7472,9.6277
9.6141,10.66
13.06,13.789
9.2674,10.123
7.5883,8.513
7.6615,8.5969
9.6545,10.588
7.9669,8.9727
8.0027,8.9652
9.2718,10.275
8.5775,9.6542
7.9759,8.9138
8.9562,9.9266
8.9531,9.9556
8.9994,9.8937
8.6684,9.6091
8.6036,9.7972
8.111,9.3305
8.8864,9.924
6.9754,8.009
8.6596,9.692
12.061,13.023
8.1884,9.0102
8.2845,9.3143
7.9175,8.8535
7.1468,8.0916
8.0459,8.9995
6.7464,7.495
10.396,11.298
7.8308,8.7147
8.6876,9.4811
7.0139,7.9498
8.6577,9.3763
8.4859,9.4349
7.3219,8.233
8.5947,9.4785
9.9119,10.858
9.8591,10.666
6.6631,7.4122
8.365,9.2712
6.089,6.9334
6.8926,7.901
8.957,9.7973
7.9718,8.8578
7.0103,7.8808
8.7963,9.8551
9.9308,10.67
6.8145,7.7532
8.6107,9.7843
7.0423,7.9017
7.8043,8.603
6.8617,7.6751
7.2049,8.2093
10.412,11.239
7.4325,8.3957
8.5648,9.4626
5.6664,6.4846
7.6907,8.588
7.9638,8.8145
7.1554,7.832
7.8208,8.8476
6.5737,7.5153
8.9624,10.021
8.6079,9.4127
8.3528,9.256
8.3255,9.2002
7.8713,9.0682
7.7807,8.5967
9.6072,10.548
7.6502,8.6302
7.2563,8.0759
7.864,8.7782
7.7222,8.6232
5.9636,6.8886
8.4072,9.235
6.9373,7.766
6.3135,7.2971
10.808,11.59
9.5918,10.331
8.1233,9.0682
5.5491,6.2403
5.9454,6.8222
5.826,6.765
8.0392,8.908
8.7499,9.5249
7.1997,8.111
7.5208,8.3841
9.7193,10.457
8.187,9.084
8.2319,9.141
9.0367,9.9182
8.3841,9.3392
7.6099,8.4676
8.009,8.8185
8.4461,9.216
8.1277,9.0004
8.3251,9.1993
8.5172,9.3643
8.6609,9.538
8.8915,9.7155
8.4227,9.1705
9.2314,10.012
6.9157,7.8087
7.9817,8.873
9.6945,10.487
12.14,12.892
6.9622,7.9589
8.0983,8.9771
7.5601,8.3841
7.3859,8.2017
7.8872,8.7774
9.3182,10.105
7.2071,7.9381
6.9027,7.7677
6.8395,7.6686
5.9839,6.7765
7.2577,8.1496
10.04,10.773
8.3126,9.1379
7.5071,8.3645
6.3063,7.2123
7.3859,8.3136
8.6048,9.5143
5.9989,6.8977
7.88,8.8207
8.4083,9.1919
7.7341,8.5726
8.0675,8.8612
8.3995,9.1446
6.3526,7.1709
7.7293,8.4933
8.4591,9.3464
11.528,12.17
9.71,10.504
5.9989,6.8906
5.9738,6.7558
5.4972,6.3852
9.6111,10.354
8.2454,9.0989
7.8268,8.7136
7.4799,8.4638
8.1814,9.0321
7.9427,8.8137
8.8073,9.6279
7.3939,8.2782
7.3607,8.1989
8.4871,9.187
8.2137,9.0456
9.5222,10.27
7.8721,8.7515
8.6822,9.4426
8.4379,9.3339
7.0157,7.7761
8.6573,9.4827
10.38,11.362
8.9666,9.8371
9.7306,10.554
8.831,9.6671
8.1568,8.9285
7.4182,8.349
6.658,7.5202
7.9494,8.7871
8.0734,8.9335
6.0615,6.8804
7.9069,8.8799
7.7744,8.6364
8.8499,9.6491
8.4355,9.196
7.6309,8.4884
6.1463,6.966
8.8254,9.6022
8.5576,9.5409
12.323,13.046
9.1757,9.8741
8.9842,9.7567
6.045,6.6554
6.452,7.0884
8.4174,9.1537
7.6271,8.3129
7.2807,8.2247
8.6262,9.5174
7.8268,8.735
8.3248,9.1103
7.3408,8.1339
6.667,7.3152
11.591,12.174
8.175,9.0079
9.6512,10.374
9.8872,10.666
9.3811,10.238
10.277,11.037
9.5334,10.467
10.302,11.095
11.815,12.53
10.754,11.496
11.416,12.157
10.574,11.355
9.7114,10.493
11.326,12.176
12.951,13.648
11.94,12.801
12.193,13.064
10.26,11.318
10.876,11.797
12.79,13.655
11.348,12.206
12.387,13.23
10.618,11.378
11.869,12.637
12.58,13.298
12.279,13.129
12.212,12.918
11.695,12.754
12.204,13.012
10.139,11.077
11.536,12.222
10.853,11.662
12.397,13.13
10.524,11.344
12.125,12.949
6.7946,7.9084
9.8636,10.842
8.5936,9.5227
9.578,10.646
6.8211,7.8055
10.457,11.476
9.7962,10.776
9.1276,10.174
7.2619,8.4109
6.0497,6.9939
7.6014,8.7076
10.068,10.933
8.5033,9.3054
9.1324,9.7756
8.4222,9.6541
9.7758,10.943
6.8732,8.344
9.4962,10.707
8.3345,9.2664
9.1476,10.285
8.7286,9.6611
9.3986,10.446
10.326,11.307
8.9018,10.032
10.407,11.232
7.6387,9.0424
8.4123,9.4388
8.8564,9.8759
7.7928,8.9215
7.4861,8.4606
11.8,12.563
9.8591,10.854
11.46,12.272
10.441,11.359
10.359,11.289
11.012,11.898
10.566,11.489
9.9309,10.807
10.211,11.299
10.116,10.993
9.916,10.796
9.8125,10.754
11.57,12.409
12.952,13.831
9.4752,10.496
9.6757,10.713
10.012,10.918
10.163,10.992
9.6421,10.618
7.4188,8.524
10.189,11.108
10.392,11.387
13.618,14.618
9.1327,10.128
10.094,10.951
10.162,11.085
12.688,13.462
10.018,10.886
13.346,14.094
11.457,12.334
11.494,12.443
12.232,13.047
10.576,11.395
11.552,12.467
9.6891,10.558
10.64,11.643
10.062,10.987
10.437,11.254
11.068,11.931
11.692,12.467
10.574,11.647
11.07,11.943
11.075,11.918
9.275,10.299
8.8475,9.7805
9.5608,10.426
10.58,11.505
13.197,14.066
10.12,11.085
9.9537,10.816
10.602,11.375
11.11,11.971
9.9541,10.912
9.9459,10.911
10.475,11.345
12.937,13.672
9.6483,10.594
9.0816,9.9739
10.814,11.506
9.4458,10.127
8.3042,9.1682
9.2841,10.152
9.102,10.014
8.6703,9.5756
9.7101,10.605
8.9534,9.9534
9.3386,10.325
9.4853,10.485
11.18,11.989
10.472,11.191
10.67,11.361
10.4,11.123
7.6246,8.6706
9.6584,10.624
9.0517,9.9381
10.907,11.564
9.7676,10.417
8.8416,9.8487
8.4623,9.4381
7.7786,8.7977
10.544,11.332
9.8837,10.84
10.066,11.171
11.187,12.418
8.2207,9.3137
8.603,9.5013
10.931,11.637
9.3271,10.111
9.7354,10.62
11.219,11.933
10.092,10.933
11.663,12.404
9.4442,10.311
11.294,11.999
8.1164,9.091
7.8095,8.8842
9.5332,10.435
8.8055,9.6876
11.96,12.667
9.9107,10.916
10.066,10.995
9.7801,10.747
10.082,10.978
9.1195,10.059
8.9897,9.9225
7.6615,8.6781
10.598,11.321
9.2122,10.159
10.374,11.165
8.2209,9.1804
9.7384,10.511
10.15,10.999
9.9263,10.654
9.6662,10.467
8.9464,9.9123
8.7341,9.7307
9.2777,10.164
12.237,12.91
8.7022,9.5769
9.2604,10.02
10.005,10.83
10.308,11.115
10.715,11.547
8.958,10.008
10.172,11.633
10.532,11.252
8.2252,9.2494
9.2791,10.256
9.0704,10.011
8.1424,9.1576
9.4365,10.281
10.59,11.409
8.579,9.4715
10.769,11.422
9.8323,10.725
10.576,11.529
10.547,11.332
10.763,11.505
10.072,10.893
9.9279,10.813
9.496,10.382
10.068,10.79
9.5882,10.407
10.205,10.993
8.2212,9.2382
9.1596,10.061
7.1861,8.2878
10.418,11.162
9.5731,10.512
11.947,12.616
8.6844,9.6947
8.5995,9.6024
9.4864,10.363
10.531,11.483
10.228,10.979
10.219,11.053
9.4804,10.255
8.6512,9.6114
7.3908,8.1842
8.6221,9.544
7.8427,8.9802
6.2383,7.037
8.0778,9.1312
7.5725,8.3497
7.1808,8.2485
10.217,10.912
10.672,11.388
7.8536,8.9406
8.0236,8.8828
7.213,8.1588
7.5751,8.4397
7.1717,8.1758
7.6314,8.6788
7.5606,8.4362
6.7856,7.7795
10.177,11.099
7.5326,8.3603
7.3356,8.2199
7.5422,8.3605
7.3025,8.2514
7.7786,8.7754
7.1997,8.1585
7.8951,8.9693
7.6241,8.4764
7.9943,8.8723
8.3943,9.4241
8.3013,9.1489
9.2913,10.134
8.0037,8.9462
7.5005,8.5627
6.9117,7.822
8.3146,9.2495
7.7803,8.7268
8.6234,9.4764
7.8462,8.8096
7.1269,8.1909
8.9598,9.863
8.197,9.4073
7.7098,8.6147
7.0405,7.9441
7.0501,8.1942
6.1924,7.0536
9.2944,10.073
7.0951,8.0411
9.2599,10.092
7.2876,8.307
8.2295,9.172
8.6596,9.6402
9.9856,10.975
7.8248,8.8507
9.2738,10.009
8.9065,10.099
10.735,11.628
9.92,10.74
10.632,11.554
9.9054,10.94
9.8126,10.659
10.362,11.321
9.3719,10.371
11.59,12.464
9.1817,10.15
9.5773,10.424
11.008,11.92
10.903,11.764
9.5706,10.452
10.73,11.64
9.5987,10.492
9.9258,10.821
13.398,14.22
10.012,10.917
9.7012,10.596
10.102,10.894
10.429,11.286
10.59,11.448
9.2581,10.221
12.921,13.675
9.6777,10.539
9.3279,10.312
10.422,11.218
10.879,11.774
9.6997,10.646
12.852,13.68
10.281,11.076
9.4578,10.396
8.7344,9.8065
9.3923,10.254
9.4161,10.419
9.0949,10.098
9.3466,10.289
10.008,10.908
9.2418,10.329
10.436,11.425
9.8288,10.743
11.528,12.268
9.9718,11.064
10.853,11.703
9.6642,10.575
11.621,12.524
12.169,13.064
9.4981,10.404
11.621,12.576
10.244,11.127
10.816,11.636
8.9148,10.071
9.7142,10.554
10.591,11.412
8.6793,9.7632
12.393,13.256
8.4594,9.5639
9.2624,10.184
10.396,11.331
8.2837,9.3334
9.7033,10.598
9.0047,9.9666
9.3034,10.343
9.7598,10.684
8.8704,10.035
10.995,11.819
9.669,10.551
9.5101,10.404
10.919,11.784
10.104,11.082
10.201,11.055
10.175,11.345
10.134,11.033
9.8326,10.671
11.984,12.845
12.323,13.17
11.496,12.396
10.437,11.346
9.4514,10.293
9.4777,10.324
8.2375,9.3574
10.622,11.506
10.154,11.071
10.68,11.487
9.682,10.502
10.751,11.584
9.1647,10.028
8.727,9.8296
7.9732,8.8646
8.2715,9.4531
7.9926,8.8256
8.933,9.8649
8.6054,9.5062
9.3673,10.327
9.3215,10.339
10.139,10.941
9.798,10.683
9.2844,10.332
8.6252,9.7528
7.3753,8.2019
11.068,11.799
7.5164,8.7063
10.463,11.63
7.9135,8.9008
8.6172,9.6167
10.095,10.986
9.403,10.166
8.9891,10.084
7.7196,8.6864
7.8324,8.6298
10.24,11.048
9.2898,10.235
9.676,10.584
7.8196,8.7823
7.8324,8.8577
7.4043,8.416
7.6611,8.4585
8.1625,9.3066
8.4968,9.5707
9.1585,10.321
8.0593,9.0233
8.1212,9.2453
10.01,10.817
8.6992,9.5601
8.4502,9.4502
8.0379,9.1942
9.5133,10.614
9.2516,10.189
9.3195,10.199
8.0216,8.9185
9.036,9.9179
9.4003,10.495
8.5208,9.6526
8.2377,9.0793
8.1956,9.2639
9.3917,10.382
8.4627,9.4048
10.166,11.113
8.4962,9.3564
8.39,9.3489
8.2659,9.317
12.508,13.252
9.528,10.576
9.7121,10.58
9.4513,10.4
8.7683,9.6363
10.223,11.042
9.5281,10.61
9.5069,10.392
9.993,10.919
8.2096,9.3736
7.5974,8.4762
9.9122,10.746
9.2102,10.221
9.2975,10.334
9.8282,10.679
9.0021,9.7828
8.4174,9.4253
12.348,13.062
9.7502,10.641
10.032,10.781
8.682,9.5323
8.525,9.2986
9.1667,9.9604
8.693,9.6887
10.297,11.13
11.609,12.396
9.4686,10.389
9.5227,10.481
10.111,11.067
8.519,9.4797
8.7289,9.7405
10.158,11.037
10.464,11.448
6.8123,7.629
8.0681,9.0131
8.1071,9.0257
8.8198,9.67
10.855,11.794
8.4523,9.3587
9.878,10.983
10.004,10.987
8.0668,8.9269
11.674,12.525
9.5899,10.471
10.472,11.402
9.2492,10.2
11.343,12.229
8.083,8.9252
12.499,13.24
9.7903,10.719
6.7946,7.6834
9.0305,9.9601
10.139,10.983
9.1242,10.082
7.8816,8.8919
9.0601,9.9865
11.727,12.412
6.248,7.3219
10.061,10.921
10.362,11.132
13.333,14.187
10.215,11.261
11.303,12.228
9.7335,10.753
11.891,12.652
10.871,11.825
10.105,11.05
12.319,13.08
10.997,11.904
11.044,12.119
7.8509,8.806
9.9798,10.883
10.761,11.633
11.907,12.666
9.6643,10.677
10.341,11.334
9.6141,10.571
10.179,11.034
10.474,11.395
11.342,12.099
11.588,12.356
12.417,13.227
9.6943,10.554
11.672,12.542
10.861,11.979
7.5197,8.5315
10.84,11.641
8.5152,9.4605
9.4874,10.608
9.6381,10.651
10.434,11.433
9.7926,10.785
8.9702,9.862
11.43,12.337
12.054,12.8
10.605,11.582
10.828,11.595
11.768,12.515
11.813,12.746
10.787,11.682
9.9305,10.832
10.832,11.762
9.8097,10.756
10.313,11.148
12.646,13.374
8.8112,9.7217
11.505,12.326
10.586,11.517
9.6183,10.483
13.345,14.339
8.8439,9.8131
8.7568,9.7828
11.041,11.987
9.5668,10.422
10.303,11.305
7.703,8.7561
9.6103,10.542
9.6269,10.621
9.4801,10.4
10.129,11.073
9.9058,10.767
11.335,12.288
9.5211,10.47
11.962,12.88
9.2298,10.182
11.904,12.654
9.9681,10.757
11.195,11.946
10.38,11.307
12.461,13.256
10.654,11.444
9.1759,10.027
10.729,11.568
8.2456,9.278
11.026,11.8
8.765,9.8047
8.9769,9.8969
9.8961,11.088
10.406,11.459
8.5218,9.4097
11.6,12.53
9.7945,10.621
9.4791,10.314
9.7126,10.55
9.2212,10.221
9.4198,10.367
10.1,11.046
9.363,10.344
10.023,10.986
8.8604,9.7716
8.9899,9.9379
10.729,11.61
9.7256,10.656
11.82,12.57
10.201,10.931
8.7965,9.8069
10.671,11.527
8.5824,9.5822
9.7222,10.572
10.151,10.885
10.036,10.863
8.839,9.8485
11.133,11.852
7.997,8.9615
9.4996,10.439
9.3899,10.362
9.5647,10.35
9.9996,10.792
10.371,11.318
10.504,11.281
11.667,12.505
8.8066,9.6891
11.413,12.221
10.311,11.388
9.5436,10.334
9.5282,10.551
10.806,11.578
7.2457,8.1964
9.0672,9.8624
7.0545,8.0209
8.1693,8.9945
9.3566,10.1
9.776,10.518
7.82,8.565
6.1527,7.4928
8.1685,9.0326
6.8824,7.7156
8.2454,9.1778
7.5554,8.4958
8.6627,9.5243
9.1257,9.9468
7.3212,8.5556
7.8536,8.6995
9.0026,9.7881
8.1065,9.0037
7.6285,8.5734
7.6251,8.5878
7.4236,8.3383
7.7275,8.5485
8.1185,9.0406
7.1632,8.1098
8.2372,9.1064
7.7588,8.702
7.0942,7.9352
7.6153,8.5681
7.6396,8.5067
7.2435,8.1359
6.6174,7.4384
8.8852,9.5624
8.281,9.1431
6.7441,7.6348
7.0184,8.1424
7.1115,7.9824
6.4329,7.2882
7.9424,8.8067
8.4067,9.2802
8.9564,9.8168
8.7072,9.5427
7.2626,8.2595
7.9342,8.7709
7.4079,8.3008
7.6998,8.5949
8.8751,9.9387
6.612,7.7182
7.1701,8.2266
10.881,11.603
7.9377,8.8087
10.277,11.161
7.7367,8.4553
7.3402,8.209
8.3248,9.2975
7.0423,8.075
7.8702,9.3346
8.2142,9.1271
7.1074,7.8372
6.7696,7.5959
7.7089,8.8995
8.0706,8.8912
8.2769,9.1329
8.4058,9.3
7.9579,8.8552
9.1468,9.8497
6.7616,7.7441
10.25,11.118
9.4352,10.237
8.6255,9.6092
8.1851,9.1567
10.353,11.261
10.289,11.121
9.2995,10.461
8.3855,9.2335
9.3344,10.25
9.8786,10.824
9.1201,9.9812
8.5547,9.4515
9.0259,10.11
7.9963,8.9459
9.2177,10.268
9.7114,10.553
8.6431,9.6119
9.2283,10.264
12.345,13.077
8.3636,9.2926
8.6107,9.517
9.4112,10.31
9.5494,10.453
9.0645,10.139
8.5152,9.6041
9.4345,10.373
9.8837,10.809
9.2577,10.111
8.702,9.7262
10.012,10.905
8.3896,9.5315
9.932,10.806
11.742,12.57
7.628,8.8374
8.9914,10.081
9.0727,10.011
9.6866,10.686
8.8155,9.9193
9.0488,9.9707
9.3234,10.263
8.7106,9.6258
7.7253,8.8351
8.7299,9.6777
8.1786,9.1483
9.4494,10.351
8.4986,9.5284
11.861,12.675
7.8268,8.9166
9.0525,10.109
9.4788,10.437
8.2963,9.1799
9.3421,10.184
9.4025,10.259
9.7579,10.643
9.0737,10.022
8.7865,9.6614
10.36,11.219
9.0183,10.103
9.0407,9.8883
10.009,10.841
7.9544,8.9134
9.2841,10.265
10.245,11.331
7.5843,8.4141
8.5558,9.7174
9.5022,10.398
8.8194,9.7742
7.7459,8.7178
7.4116,8.3798
8.5007,9.518
9.9087,10.773
9.1602,10.095
9.8679,10.788
9.6598,10.519
10.561,11.339
8.6132,9.8657
7.9983,9.0601
9.736,10.632
12.683,13.563
8.7358,9.6115
7.9997,9.067
11.015,11.877
10.537,11.36
9.4065,10.402
7.9872,8.7221
8.7339,9.7027
8.4054,9.3679
7.6765,8.4613
9.5376,10.394
10.538,11.394
8.5945,9.5429
9.4909,10.401
9.0338,9.8816
10.218,10.97
10.129,10.934
9.4978,10.555
8.7088,9.4972
10.168,11.069
8.4994,9.5652
8.0646,8.891
6.7429,7.5979
9.1082,10.129
8.961,9.7828
8.0977,9.008
7.9121,8.8656
9.1847,10.116
7.7639,8.5009
9.0851,10.167
10.849,11.969
12.852,13.804
7.6133,8.4513
5.8141,6.7558
8.5901,9.5031
10.315,11.229
11.264,12.041
10.603,11.447
8.0545,8.9323
6.8814,7.8552
8.016,9.0393
9.5244,10.406
8.5047,9.4184
8.7271,9.7871
9.0638,10.071
9.0425,9.882
8.3857,9.3049
11.176,12.254
8.2556,9.1351
7.9565,8.8057
9.2979,10.29
8.288,9.2645
8.9554,9.8276
9.6643,10.549
7.9226,8.8465
8.3251,9.1676
7.4645,8.4816
7.1663,8.0697
8.308,9.2533
11.133,11.882
7.5175,8.4442
8.9465,9.8428
9.6579,10.504
8.4941,9.4428
7.0733,7.9776
9.4116,10.228
9.3471,10.947
7.0665,7.9885
7.5364,8.4338
7.531,8.4355
8.0627,9.0892
7.1221,8.1062
7.9194,8.7843
13.599,14.258
8.7641,9.6918
9.0343,9.9601
7.4961,8.4845
11.193,11.871
8.9095,9.8471
7.1686,8.1716
8.2409,9.3385
7.4348,8.3126
8.3089,9.4348
8.9632,9.8771
10.934,11.656
6.5367,7.6173
10.171,10.998
12.028,13.081
9.1598,10.024
8.8615,9.7951
9.2146,10.098
9.017,9.8433
7.7213,8.6812
8.2298,9.1936
6.713,7.6769
11.035,11.783
7.8823,8.8383
8.574,9.6044
8.4615,9.5313
8.5647,9.4842
11.426,12.184
7.6728,8.5822
8.6918,9.5128
6.1841,7.1732
7.6363,8.5551
8.8197,9.738
9.3551,10.181
10.614,11.405
10.73,11.508
8.5631,9.5164
9.8936,10.752
9.6357,10.534
7.6606,8.6295
8.1262,9.0236
7.9589,8.7338
7.824,8.759
9.6876,10.614
14.018,14.695
9.9615,10.864
7.4212,8.2908
8.0421,8.9522
9.7356,10.611
7.7903,8.5762
9.7384,10.66
11.473,12.554
9.18,10.128
9.1442,10.053
8.9195,9.7821
9.2714,10.136
8.825,10.012
9.5391,10.409
6.9108,7.9113
10.086,10.92
9.3322,10.178
6.4265,7.2342
8.0209,8.9103
8.594,9.4994
9.3133,10.335
6.4378,7.4067
11.584,12.424
7.4928,8.5502
9.5412,10.505
10.324,11.122
8.8031,9.7566
8.5641,9.5173
9.7402,10.572
8.3834,9.2719
5.3799,6.2971
6.2672,7.0432
9.3218,10.267
7.446,8.3097
5.3083,6.0521
6.6958,7.7315
9.4202,10.415
7.6372,8.5809
9.7493,10.649
8.9015,9.8346
8.3957,9.3931
7.5044,8.615
8.9717,9.8524
8.3657,9.3013
8.1104,9.1689
9.8187,10.76
8.927,9.9146
7.4188,8.2338
8.2535,9.1701
8.1032,9.2246
3.8067,4.5109
11.496,12.263
8.0314,9.0601
8.1134,9.0751
11.203,12.048
5.9375,6.6708
8.0687,9.2732
8.1674,9.2457
7.5522,8.4519
7.3441,8.2115
9.72,10.541
9.1245,10.354
9.0509,10.05
6.7765,7.7605
10.639,11.322
9.0601,10.031
7.4816,8.4067
8.1775,9.1147
8.8612,9.7648
10.96,11.754
8.8956,9.7157
8.6854,9.5908
6.6227,7.5756
9.9198,10.753
9.5879,10.472
8.3364,9.4921
8.905,9.7619
11.651,12.499
8.4074,9.1683
6.8156,7.7332
10.447,11.337
9.2,10.088
8.9808,9.939
9.8663,10.706
8.353,9.3091
8.7035,9.59
8.9994,10.103
10.724,11.499
7.423,8.5541
7.4827,8.4845
10.55,11.226
7.3859,8.3272
6.7719,7.8116
8.6396,9.6866
8.6275,9.6678
8.2099,9.1366
6.2025,7.0792
8.515,9.5924
8.8772,9.5838
8.4513,9.3819
9.7108,10.631
7.8887,9.0713
8.0137,9.0808
8.2308,9.3443
10.007,10.968
7.766,8.6727
7.037,7.9445
9.0092,9.8087
7.3976,8.2726
9.0438,10.047
7.2759,8.0627
10.969,11.763
7.4348,8.3318
8.9317,10.213
8.3749,9.2029
6.2519,7.0951
6.8721,7.7857
7.7394,8.5429
8.3013,9.1822
12.958,13.666
10.782,11.617
6.4953,7.3746
8.725,9.5875
6.7604,7.6271
9.0956,9.9731
10.562,11.348
12.249,12.947
8.0536,9.1538
8.5828,9.6942
9.3178,10.261
7.5132,8.4379
9.0199,10.019
9.2557,10.489
9.4024,10.355
10.352,11.139
9.5979,10.64
8.9823,9.8933
8.6507,9.5451
9.1862,9.9987
10.406,11.505
9.7463,10.603
7.9659,8.873
10.843,11.704
8.7968,9.676
8.5927,9.7697
10.447,11.245
8.7998,9.7265
8.2618,9.2047
9.3138,10.188
9.1071,10.114
8.1479,9.0239
9.0026,9.8566
7.4407,8.7991
8.1842,9.3644
7.2834,8.3843
9.4564,10.411
10.026,10.954
9.0643,10.007
5.6168,6.6451
10.922,11.895
8.3596,9.4387
8.2657,9.3458
7.1389,8.2088
8.1611,9.0169
8.809,9.7613
7.5954,8.6179
7.2167,8.3
8.0913,9.1016
7.4978,8.5005
6.0014,7.1922
6.7007,7.6497
12.51,13.336
8.2147,9.4135
8.4574,9.5901
8.5882,9.5974
8.4691,9.2299
9.2244,10.167
8.909,9.9285
11.259,12.293
8.0904,9.0505
9.0472,10.168
6.4394,7.5554
10.975,11.882
9.4654,10.289
9.616,10.415
9.266,10.158
10.909,11.657
7.7915,8.7504
9.5308,10.457
7.5016,8.4366
8.9031,9.7272
9.1879,10.032
9.134,10.062
10.161,10.974
10.048,10.867
9.7451,10.517
10.069,10.84
9.4406,10.35
10.189,10.929
8.6293,9.5703
8.1568,9.0366
9.4075,10.279
8.5704,9.3902
11.36,11.936
10.089,10.83
7.8846,8.6759
9.6363,10.461
7.7907,8.7561
9.238,10.055
8.7284,9.6571
9.3689,10.545
8.4145,9.3717
9.9504,10.724
8.891,9.7928
9.3823,10.213
8.0449,8.8087
8.4502,9.4146
11.15,11.859
8.4056,9.2068
7.4006,8.281
9.1776,10.027
7.997,8.9722
8.5805,9.8937
9.0899,10.026
8.2587,9.0898
12.615,13.298
9.6913,10.488
8.4816,9.3556
8.4029,9.2344
9.6667,10.484
9.657,10.438
8.876,9.7875
9.0532,9.9088
8.5218,9.3725
8.8737,9.7159
8.1956,8.9392
8.3891,9.2968
9.4279,10.329
10.117,10.828
11.451,12.105
10.255,10.962
7.1365,7.9851
9.156,9.9806
9.237,10.014
7.7668,8.6942
8.3443,9.2632
8.3129,9.1414
8.2749,9.2232
8.9372,10.164
10.238,10.958
8.905,9.7884
8.5275,9.4029
8.3816,9.2333
8.0675,8.9866
9.4308,10.29
8.0398,8.9514
10.182,11.055
8.4431,9.4095
8.2915,9.0803
8.609,9.5905
8.1761,9.193
8.6704,9.5933
8.9485,9.8016
8.9523,9.8731
9.0083,9.7783
10.296,11.1
8.5311,9.4775
8.7221,9.7084
8.9243,10.155
11.065,11.882
9.629,10.47
7.8308,8.7149
7.9882,8.8468
10.463,11.197
8.938,9.7827
10.22,10.86
9.2548,10.366
8.9994,10.129
9.4395,10.224
9.5116,10.415
8.8864,9.8155
9.588,10.373
9.7447,10.608
7.8083,8.7072
8.4149,9.2941
9.781,10.83
9.1099,9.9618
9.8412,10.747
8.5647,9.5497
9.5514,10.689
9.3026,10.147
9.5506,10.476
11.004,11.545
7.8501,8.698
8.9774,9.8544
7.9537,8.8399
9.8768,10.595
10.766,11.648
7.5888,8.5264
8.9531,9.7117
8.1784,9.112
9.9184,10.729
7.5827,8.4847
9.2644,9.93
8.5637,9.1606
7.9395,8.952
8.832,9.7848
7.9638,8.7832
10.787,11.717
9.0913,10.112
9.1607,10.06
7.7668,8.8945
10.319,11.109
8.9211,9.6489
7.9933,8.7832
8.977,9.8064
10.985,11.884
11.362,12.495
7.4061,8.4674
9.7285,10.623
8.233,9.0741
10.597,11.558
8.5945,9.5073
11.51,12.298
10.684,11.515
9.3128,10.084
8.0084,8.8669
9.2343,9.9923
9.875,10.771
11.57,12.477
8.8818,9.8289
8.3903,9.2393
9.1406,9.9143
8.663,9.493
8.791,9.7305
10.86,11.603
9.8709,10.716
9.8761,10.852
11.294,12.166
7.3284,8.3082
10.359,11.284
9.1451,10.005
7.7007,8.6675
9.634,10.464
6.9167,7.8112
9.8624,10.79
10.159,11.102
9.4735,10.693
8.68,9.6782
13.366,14.054
10.927,11.899
9.1924,10.122
8.6482,9.6692
9.9533,10.934
8.2217,9.1699
9.326,10.348
9.3643,10.331
8.7644,9.7548
7.8216,9.0572
12.111,13.093
8.0815,8.9667
10.118,11.069
7.9868,8.977
11.941,12.73
11.845,12.742
9.1939,10.274
10.869,11.73
7.2738,8.2511
9.9078,10.767
10.7,11.578
9.731,10.599
11.154,12.058
8.5811,9.7195
9.8696,10.753
9.1216,10.324
8.2464,9.5392
9.3774,10.345
10.627,11.579
7.7928,9.018
7.8629,9.3295
7.7381,8.9137
9.6714,10.966
7.9201,9.0281
8.1884,9.2311
9.4742,10.537
8.6353,9.6069
9.6726,10.623
8.2848,9.2133
10.247,11.261
9.1114,10.158
9.4171,10.319
11.489,12.352
8.8045,9.8423
8.6975,10.072
9.5779,10.833
9.3986,10.818
10.072,11.094
9.6022,10.636
9.1841,10.205
10.143,11.21
9.1555,10.212
9.1444,10.528
10.325,11.226
8.3788,9.4629
8.3502,9.279
9.0469,10.245
10.141,11.025
7.9526,8.9759
7.9139,9.0163
8.1625,9.2022
9.1999,10.324
9.5568,10.55
10.238,11.372
9.2499,10.266
8.3018,9.345
8.5399,9.6773
8.3383,9.6725
8.6228,9.7162
7.968,9.0682
8.2649,9.3343
8.9976,10.062
9.591,10.737
7.9821,9.4129
8.9204,9.9931
7.3753,8.5015
10.527,11.447
9.2045,10.491
8.4414,9.5073
8.7253,9.7281
9.6822,10.564
8.536,9.534
11.273,12.074
8.6881,9.5686
8.3294,9.4206
9.5656,10.337
9.9174,10.861
9.4801,10.402
9.8486,10.674
8.816,9.7145
12.041,12.687
10.399,11.226
9.2838,10.128
9.7645,10.701
9.5512,10.443
10.457,11.275
7.3126,8.3362
10.589,11.396
7.9838,9.1099
10.01,10.854
9.5461,10.309
8.974,9.8185
9.0708,9.8935
7.7328,8.8143
8.7947,9.731
10.321,11.1
9.0126,9.954
10.92,11.721
9.052,9.8802
10.675,11.419
8.9404,9.7649
8.9109,9.9024
9.2721,10.187
10.536,11.326
10.803,11.62
9.5922,10.579
8.3834,9.3649
6.8211,8.1236
13.019,13.78
9.5658,10.465
9.2873,10.273
9.4283,10.349
10.957,11.765
10.397,11.112
8.0183,8.9196
9.5558,10.347
9.4727,10.384
10.124,10.958
8.5993,9.667
11.279,12.062
8.9224,9.7686
10.95,11.845
8.6473,9.6543
9.881,10.675
9.856,10.68
8.3724,9.4606
9.5705,10.489
10.764,11.522
8.8919,9.8425
9.2836,10.172
9.2945,10.152
8.666,9.7132
10.388,11.178
8.4399,9.486
10.586,11.349
11.823,12.543
9.7741,10.665
8.8419,9.8269
11.023,11.789
10.33,11.195
9.4878,10.277
8.5047,9.384
9.4348,10.101
9.2109,9.9941
8.7939,9.5517
7.7315,8.577
9.7659,10.571
8.5473,9.396
7.8411,8.65
7.98,8.8099
10.319,11.137
8.4646,9.4073
10.511,11.182
7.1531,7.9807
9.2181,9.9823
8.5835,9.3906
9.3235,10.129
7.6202,8.4224
9.8794,10.639
8.5934,9.1437
8.655,9.4743
8.3659,9.1586
8.0462,8.8687
