5,383.05
5.5,374.05
5,368.11
6,363.57
6,362.65
8,371.13
9.5,345.72
11.5,349.81
12.5,406.14
13,434.2
14,448.58
13,443.09
13,428.15
11,440.96
8,444.14
8,446.53
8,479.61
8,471.51
8,455.72
7.5,450.46
5.5,445.66
6,446.61
6.5,491.6
5.5,484.44
4.5,461.44
4,448.66
5,444.71
5,440.79
6,441.01
7.5,444.51
10,419.87
11,434.24
11.5,470.84
13,491.41
13.5,491.89
14.5,479.3
14.5,461.77
12.5,469.19
11,473.25
9.5,470.97
7.5,496.38
8.5,487.13
9,470.78
8.5,465.22
7,460.87
7,451.13
8,493.19
6,490.67
6,466.4
4.5,453.35
4,445.61
4.5,442.66
4.5,444.47
7,446.79
10,421.42
10.5,435.75
11.5,470.21
11.5,488.99
11.5,482.92
12,480.49
11,462.58
9.5,469.64
8,469.78
7,470.28
7,490.98
7.5,489.63
8,465.27
7,450.43
7,452.2
7,454.48
7,501.13
6.5,484.34
6,469.21
6.5,463.07
6,456.56
6,449.72
6,452.18
7,455.38
7.5,433.65
8,446.93
8,482.69
9,503.39
9,511.99
9.5,504.13
9.5,485.59
9,497.73
8,491.8
7,483.58
7,521.81
7.5,494.14
7,469.93
7,461.16
6,461.51
6,458.03
6,500.56
5.5,499.02
5.5,483.45
5.5,474.21
6,464.97
6,459.37
6,458.77
7,459.67
9,425.32
9.5,440.83
10.5,478.96
11,505.55
11,518.82
11,516.59
11,495.49
9.5,497.39
8.5,489.68
8,486.93
8,505.24
8,489.8
7,472.56
7.5,465.41
7.5,461.71
7,458.5
7,504.28
7,506.26
7,483.18
6.5,471.52
6,457.63
6,452.94
6,449.43
7,447.61
8,419.43
8,420.08
8,432.73
8,449.88
7.5,462.35
6.5,476.3
7,465.73
6.5,476
6,472.58
6,473.81
6,492.56
6,479.97
6,466.06
6,462.61
6,459.24
6,457.35
6,500
6,491.32
6,465.31
5.5,448.43
6,442.05
5.5,435.91
5,436.78
5,442.74
5.5,416.37
7,433.2
7,478.32
7,503.07
7,508.98
7,509.42
7,493.56
6.5,498.5
6,499.58
6,493.47
4.5,523.29
4,499.37
4,482.99
4,470.22
3.5,468.28
4,465.7
3.5,504.59
4,506.79
4,483.9
4,468.94
5,463.77
5,456.81
5.5,455.63
6,462.41
7,440.25
9.5,450.61
10.5,483.69
11.5,501.69
11,499.88
12,491.96
11,474.52
10.5,479.62
8.5,478.95
7,476.53
7,507.36
7,489.41
7,472.51
6.5,465.61
6,467.24
7,460.8
7,505.33
5,498.87
3,477.02
5,468.32
4,462.11
4,457.83
4,459.02
6,458.37
8,433.99
9,446.87
10.5,484.73
11,494.18
10.5,499.22
10,489.59
10,467.72
9,472.52
8.5,473.27
8,473.29
7,503.45
6,496.34
6,479.33
5.5,472.47
6,467.86
4.5,462.23
5,508.81
5,503.49
5,472.59
5,459.68
5,460.56
5,460.71
5,459.52
6,463.6
6,440.17
6,454.4
7,499.37
8.5,513.5
9,525.86
9,525.76
9,501.76
8,509.53
8,512.4
7.5,507.66
7,530.04
7,506.41
7,488.58
7,483.42
7,477.27
7,471.57
7,514.08
7,509.42
7,483.04
7,470.25
7,461.14
7,455.57
6.5,453.59
7,457.34
7,445.1
7.5,465.11
8,502.29
8,519.57
8,529.9
7.5,529.28
8.5,505.8
8,525.59
8,519.31
7.5,518.26
7.5,542.19
7.5,500.68
7,480.48
7,467.06
7,460.02
7,455.97
7,507.27
6,502.94
6,471.62
6,459.11
6,454.59
6,455.15
5.5,453.86
6,464.27
6,433.11
6,427.19
6,458.65
6,490.23
6,509.43
6,521.46
7,508.16
7,512.94
6.5,512.29
6,507.13
6,517.45
6,490.03
6,476.6
6,471.79
6,469.09
6,465.64
6,512.54
6,509.09
6,483.5
6,471.28
6,456.53
6,446.98
6,445.86
7,444.6
7,422.75
7,423.23
7,433.06
7,451.73
7.5,468.94
8,479.23
8,473.87
8,478.2
8,483.23
9,489.54
9,486.45
9,470.39
9,461.4
9,455.91
9,451.02
8,449.54
7.5,499.56
7,488.66
5.5,459.27
6,446.7
5.5,440.06
5,437.17
4,438.15
5.5,443.5
7,433.85
8,452.99
8,493.21
9,507.19
10,511.01
10,501.99
9.5,476.15
8,479.02
6,476.92
4,479.1
3,516.02
2.5,506.68
3,489.08
1,482.64
1,480.01
1.5,468.17
0.5,505.76
1,491.66
1,467.32
0.5,455.17
1,447.53
0,443.99
0.5,442.76
2.5,448.43
3.5,433.47
4,454.1
4.5,489.21
6,502.32
6.5,510.36
7,510.32
7,485.52
5.5,503.58
4,505.23
4.5,499.52
5,529.23
4.5,508.79
5,490.85
5,480.79
5,476.07
5,468.54
4.5,512.24
3.5,496.79
4,474.11
3,461.65
3,449.79
4,445.76
4,451.83
4.5,450.09
5,419.93
5.5,443.99
6,484.61
7,497.45
6.5,511.64
7,512.75
7,497.82
7,506.46
7,499.84
6.5,495.73
7,515.37
6,491.02
6,475.6
6,458.18
6,463.19
6,451.68
6,495.77
6,491.26
6,457.05
6,453.14
6,441.16
6,445.55
6,448.21
6,448.88
6,436.24
6,444.95
7,478.38
7,498.44
7,511.98
7,518.09
7,504.25
7,504.04
7,504.37
7,497.43
7,516.32
7,506.53
7,485.16
7,479.63
7,474.43
7,468.05
7,520.38
7,514.91
7,487.4
7,474.71
6,463.04
6,453.74
6,451.36
7,453.51
7,423.86
7,440.29
7.5,476.81
8,498.66
8,510.5
8,502.37
9,476.61
8.5,477.26
7.5,476.12
7,479.01
6.5,515.42
6,504.71
6,482.88
6.5,474.15
7,472.1
7,471.76
7,504.38
7,501.55
7.5,477.05
8,464.81
8,456.62
7,446.19
7,440.52
7,443.7
8,422.39
8.5,429.8
9,469.08
9,487.88
9.5,478.34
10,502.16
10,497.86
10,488.28
10,489.77
9.5,480.23
9,495.01
9,494.62
9,478.95
9,468.59
9,464
9,460.29
9,508.76
9,508.48
9,480.1
9,464.69
9,452.48
9,443.99
8.5,442.61
9,437.16
10,404.15
10,393.76
10,405.39
10,424.01
10,456.3
10.5,458.59
11,450.77
11,451.03
10,442.28
10,439.34
10,469.05
10,466.01
10,455.91
10,451.92
10,446.45
10,443.66
10,487.31
9,480.4
9,450.5
9,435.12
9,426.34
9,418.77
8,421.83
8,421.53
8.5,397.23
9,415.48
10,454.05
10,477.88
10,489.01
10,489.12
10,470.98
10,477.05
9.5,469.05
10,473.02
9,501.79
9.5,490.22
9,468.05
9,460.14
9,455.97
9,452.74
9,493.93
9,501.64
9,478.18
8.5,464.87
8.5,450.52
8,447.48
8,447.4
8,449.32
9,422.77
10,430.24
11.5,464.62
12.5,483.12
13,494.59
14,492.27
13.5,467.76
12.5,470.03
10,474.79
10,476.96
9,491.59
8,489.64
7.5,473.8
7,467.55
7,464.26
6.5,461.06
7,508.77
6.5,498.17
6,475.55
6.5,457.57
7,448.66
6.5,443.12
6.5,444.77
7.5,448.46
9.5,433.63
11,451.57
11.5,488.91
12.5,505.39
13,512.48
13.5,503.51
14,482.33
12.5,475.63
9.5,476.11
9.5,481.37
9.5,506.97
9,487.4
8.5,466.97
8,460.14
8,457.94
8,448.85
8,495.25
8,493.31
8,473.08
7.5,463.48
7.5,455.5
8,450.46
7.5,449.69
7,455.38
10.5,449.96
11.5,462.9
13.5,495.39
13,513.29
12.5,518.27
12,518.65
12.5,504.19
11.5,511.16
10.5,506.15
10,504.86
9.5,518.27
9,507.68
9.5,485.03
9,477.1
8.5,476.56
9,475.59
9,516.03
9,505.52
8,475.65
8,458.65
7.5,444.48
6.5,436.6
7,436.76
8,442.43
10,435.71
11.5,440.76
12.5,473.82
13,497.51
13,503.55
14,484.65
13.5,446.93
12.5,477.71
10,471.49
9.5,468.44
9,489.5
9,487.98
8,468.99
8.5,461.15
8.5,452.74
8.5,442.2
7.5,487.32
6.5,484.99
5.5,460.21
5.5,445.55
5.5,431.25
5,423.81
6.5,427.19
7.5,431.49
8.5,417.91
8,422.93
9,447.26
10,471.43
10,482.72
10,484.86
10,468.71
9,471.97
8.5,461.76
8,449.55
8,472.36
7.5,470.73
7,446.36
6.5,441.58
7,440.38
5.5,440.27
5,468.11
5.5,458.38
6,440.3
5.5,429.89
5,416.6
4,409.9
4,408.12
5.5,404.09
8.5,384.26
9.5,378.91
12,389.48
12,412.49
12.5,426.09
13,435.28
13,427.54
11.5,426.03
10,420.27
9,420.78
9,449.2
8.5,443.83
8.5,433.2
7.5,430.39
9,427.36
9,423.49
9,448.01
8,432.3
6.5,409.78
6.5,403
7,394.21
7,388.61
7,388.54
8,395.57
9,387.98
10,400.48
11,441.61
11.5,469.28
11,488.37
11,484.91
10.5,471.19
10,474.78
9,471.05
9,465.51
9,487.81
8.5,471.08
7,456.25
8,447.83
9,444.04
8.5,439.81
7,465.77
7,453.61
8,428.07
7,422.79
7.5,417.05
8,408.86
8,410.42
8.5,415.71
9,408.46
10.5,425.52
12,457.32
12,476.8
12,479.87
12,482.16
11,464.27
11,466.06
10.5,462.95
10,463.64
10,483.35
9.5,479.34
9,462.58
9,453.29
9,447.48
9,441.76
8.5,403.41
8,441.47
8,436.44
8,429.07
9,419.69
9,411.22
9,415.1
9,416.03
9,410.26
9,424.18
8.5,457.74
8,471.28
9,479.61
9,481.77
9,463.98
8.5,468.25
7.5,442.32
7,430.73
7,484.61
7,491.33
7,475.03
7,462.91
6,461.12
6,462.17
5.5,492.51
5,479.35
4.5,462.66
4.5,449.85
4,444.3
4,437.9
4,437.77
5.5,443.84
7,433.54
8.5,447.9
9,479.58
10.5,495.21
10,497.89
10,484.92
10,462.54
8.5,466.04
7,464.53
6.5,451.96
5.5,469.01
5,459.31
6,439.72
6,430.19
5,421.69
5,416.04
5,445.79
4.5,443.93
4.5,433.83
4.5,417.27
5.5,403.44
4,400.47
3,386.56
4,377.74
6.5,368.36
8.5,370.36
10,392.09
9.5,414.54
10,433.52
10.5,439.45
10,413.14
9,421.55
8.5,419.55
8,420.9
9,458.02
9,463.69
9,449.82
9,442.96
9.5,440.54
10,438.38
9.5,463.27
10,452.15
10,443.37
9.5,422.77
8,425.18
8,416.76
8,412.08
8,409.69
8,396.98
8,395.58
8,432.98
8,463.72
9,472.92
9,482.09
9,464.4
9,479.8
9,480.95
9,468.56
8,464.61
8,441.09
8,427
8,423.53
8,409.2
7,410.9
7,446.9
7,440.08
7,432.48
6,428.98
6.5,411.76
6,407.92
6,397.38
6.5,392.68
7.5,380.42
10,365.73
10,381.51
9,402.98
8,420.74
8,429.47
8,435.38
7,435.26
7,424.04
6,416.41
6.5,439.95
7,432.64
7,423.64
7.5,417.05
8,418.31
8,427.75
7.5,462.65
8,459.07
8,431.26
8,411.59
8,394.34
7.5,393.51
8,394.74
8,400.52
8,390.89
9,406.52
10,449.21
10.5,475.97
12,487.09
12,497.47
11.5,485.58
10,477.58
9,475.46
9,474.38
9,494.42
9,478.98
6,460.83
5.5,443.58
5,447.1
4,439.96
4,473.43
4,475.57
3,448.72
3,434.77
3,420.31
3,415.75
3,418.09
3.5,423.34
4,418.59
5,429.03
5,462.27
6,482.85
7,499
7,497.09
7.5,480.74
6.5,467.94
3.5,460.58
3,462.2
2.5,491.82
3,495.76
1.5,476.34
1.5,471.11
1,468.73
0.5,471.97
1.5,510.85
2,501.63
0,461.02
0,454.06
0.5,443.7
0,433.88
-0.45,434.58
2,442.51
3.5,444.14
4.5,461.54
6.5,485.73
7,499.74
8.5,501.31
9,482.01
9,457.15
7.5,468.81
5,464.03
4,459.02
5.5,488.4
4.5,492.12
4.5,474.88
4.5,475.17
3,470.29
3,478.19
2,518.88
2,506.45
2,475.92
2,452.34
1.5,447.17
1.5,438.97
1,449.77
3,459.64
4.5,440.15
6,444.99
7.5,474.88
9,495.48
10.5,487.42
10,474.8
10.5,459.37
9.5,453.75
7.5,451.95
6,441.69
6,476.51
6,489.09
5,475.88
4,469.27
4.5,462.12
5,463.89
4,527.57
4,507.4
4.5,473.23
4,453.68
3.5,449.71
4,443.18
4,443.19
4.5,444.59
6.5,447.76
7.5,455.66
9,478.85
11,480.49
12,493.71
13,481.33
13,446.08
12.5,460.19
9.5,471.39
7.5,465.83
6.5,491.13
5.5,486.91
6,469.77
5,461.62
6.5,449.36
6,462.15
6,515.17
5,505.87
6,470.57
6.5,454.36
7,434.05
7,433.82
6.5,432.04
7,433.94
8.5,432.58
10,441.1
12,476.27
13.5,493.11
15,508.29
15.5,504.11
15,476.31
13,476.27
10,468.74
8.5,464.14
9,489.4
9,484.2
7,470.39
7.5,466.11
7,458.11
6.5,461.37
6,503.27
6,494.23
5.5,465.67
6,452.98
4.5,433.51
5,433.32
4,425.43
5.5,420.96
8,405.87
12.5,403.76
10.5,414.54
11,433.38
11.5,447.29
12,444.81
12.5,416.36
11.5,423.13
8,426.84
7.5,427.67
7.5,456.26
7.5,458.33
8,448.5
7.5,437.74
7,442.25
7,443.89
7,483.4
7,471.81
6.5,435.05
5,421.51
3.5,411.92
3.5,401.37
5.5,409.15
6,412.28
7,406.7
8.5,427.1
10,468.12
11,493.55
11,495.41
11,478.04
10,460.81
9.5,470.26
8.5,470.99
8.5,474.56
8,493.4
7,471.58
7,460.24
7,449.61
7,440.59
7,452.04
6,488.39
6,479.65
6,461.36
5,449.17
5,423.64
5,435.83
5,433.31
5,440.81
7,432.2
7,440.85
8,477.14
8,498.12
9,506.37
10,504.84
9.5,488.02
9,492.75
8,480.53
8,485.22
8,501.83
8,483.21
7,467.12
7.5,457.87
6.5,446.03
6.5,450.5
6,499.88
6,490.37
6,472.12
6,454.07
5.5,435.2
5.5,443.55
6,439.84
6,445.98
6.5,442.27
7,455.33
8,486.16
8.5,504.31
8,503.7
8,504.8
8,495.3
8,495.6
7.5,483.35
7,478.83
7,502.22
7,486.66
6,472.17
5.5,460.76
6,453.23
6,455.28
6,497.17
6,489.17
6,467.19
5,458.82
5,443.78
5,438.59
5,438
5.5,446.08
6,435.52
7,444.87
8,472.49
7.5,492.17
7,500.3
7,497.35
7,478.49
7,492.41
7,487.57
6,483.89
6,501.18
6,487.93
6,468.93
6,460.06
6,447.59
6,454.08
6,495.29
6,492.91
6,472.34
6,443.17
6,438.96
6,433.37
5.5,430.95
5.5,430.77
6,417.98
7,437.21
7,468.89
8,493.14
7,501.06
7,500.56
7.5,482.53
8,491.35
8,481.16
8,477.48
8,492.09
8,483.17
7.5,468.66
7,454.76
7,445.15
7,441.09
6,481.55
6,485.69
5.5,465.69
6,453.14
6,442.83
7,433.52
6,431.51
6.5,434.36
7.5,418.47
9.5,423.28
11.5,452
11,478.49
12,494.77
12.5,490.7
12.5,473.49
11,474.45
9.5,467.96
9,468.25
8,475.47
8,470.09
9,459.58
8,450.6
7.5,446.27
7.5,446
7.5,500.94
8,497.97
8,473.25
8,452.27
8,448.85
7.5,438.58
7,437.56
8,427.94
9,395.6
9.5,393.19
11,406.01
12,428.7
12.5,435.87
13,448.92
12.5,433.77
11,436.85
10,432.87
10,430.93
9.5,447.65
9.5,462.88
9,448.14
9,446
9,441.91
9,437.89
9.5,471.82
9,473.06
8.5,447.95
8,431.38
9.5,419.15
10,411.09
10,406.34
10,404.1
10.5,399.72
11,417.82
12,471.1
13.5,494.18
13.5,509.71
13,505.91
13,484.22
12.5,491.73
12,486.69
11.5,488.75
11.5,506.02
10,480.45
9,468.46
8.5,432.7
8,408.94
8,408.75
8,453.55
8,462.9
8,455.21
8,445.52
8,439.14
8,434.97
7.5,436.65
8,443.55
8,428.2
8,435.78
8,468.32
8,484.4
8,492.9
8.5,495.61
9,482.89
9.5,482.97
8.5,485
8,484.7
8,500.73
8,488.56
8,469.82
8,459.13
8,457.69
8,464.67
8,508.06
8.5,504.36
9,482.11
8,465.9
8,460.52
8,446.92
8,451.4
7.5,450.76
7,441.65
8,452.32
8,487.22
8,514.02
8.5,522.66
9,530.57
8.5,513.81
8,514.79
8,504.94
8,501.18
7.5,515.5
7,489.45
7.5,477.23
8,463.42
7,452.56
7,447.55
7,487.49
6,484.14
6,464.33
6,449.45
6,435.43
6,431.1
6,441.38
6,448.66
5.5,441.65
6,447.44
6,483.74
6,508.31
7.5,522.18
8,523.08
6.5,499.88
5,504.85
6,502.02
5.5,497.32
4.5,505.42
5,499.87
4,477.68
4.5,470.46
3,463.68
3,454.78
3,496.21
3,498.03
2.5,481.27
2,468.9
2,457.92
2.5,448.92
3,453.2
3,459.65
4.5,449.31
6,459.18
6.5,496.03
7.5,519.6
8,526.38
8.5,515.4
7.5,494.71
7,497.84
6,490.74
6,497
6,513.16
6,503.65
6,490.23
6,463.85
6,449.55
6,451.51
6,509
6,504.69
5,491.69
5,469.5
5,459.5
5,452.32
5.5,443.21
5.5,451.94
6,441.22
6.5,444.84
7,477.03
7,501.38
8,517.82
8.5,514.39
8.5,508.72
8,501.01
8,498.97
7.5,498.98
6.5,504.97
6,484.66
6,474.39
6,462.41
6,461.01
5,457.99
5,507.84
5,509.08
5,487.05
4,477.18
5,468.38
4.5,463.71
4.5,450.87
4.5,447.51
5,431.9
5,414.51
5.5,426.35
6,448.66
6,465.5
6,472.25
6,466.4
6,465.96
6,461.3
6,451.38
6,456.46
6,452.38
6,445.61
5,438.07
5,430.5
5,431.68
5,479.82
5,475.02
5,456.12
5,419.01
4.5,421.32
3,419.89
2.5,414.65
2,413.51
3,397.09
4,409.23
5,454.3
5.5,477.08
6,494.99
5.5,482.2
4.5,465.92
3.5,477.28
1.5,481.54
0.5,479.87
0,497.64
0,496.59
-0.9,483.5
-0.9,473.05
-1.9,459.32
-1.9,462.46
-1.9,498.84
-2.4,486.07
-2.9,462.55
-2.9,441.79
-3.9,431.13
-3.9,431.28
-3.9,424.99
-2.9,424.25
-1.4,415.66
0,431.66
0.5,475.59
1,497.55
2,510.58
2,517.81
2,505.88
0.5,512.12
-1.4,514.34
-1.9,501.65
-2.9,504.75
-3.9,509.62
-3.9,495.67
-3.9,486.76
-4.9,483.26
-4.9,483.26
-4.9,507.07
-5.4,492.68
-6.4,474.4
-5.9,457.73
-5.9,443.69
-5.9,440.96
-5.9,442.82
-3.9,445.31
-1.9,431.98
-0.9,450.21
0.5,485.33
1,506.65
2,519.7
3,518.68
2,503.49
2,507.24
0.05,511.39
-2.4,511.29
-2.9,508.46
-2.9,501.13
-2.9,481.43
-3.9,470.6
-4.4,465.82
-4.4,468.38
-4.4,512.2
-4.9,506.46
-5.4,483.44
-4.9,460.11
-4.9,457.53
-5.4,448.61
-3.4,445.69
-1.9,447.08
-1.9,443.93
-0.9,449.25
-0.45,489.67
0.5,502.52
1,523.59
0.5,540.21
0,524.7
0,527.08
0,513.57
-1.9,514.91
-2.9,518.87
-2.9,504.49
-2.4,490.29
-1.9,477.26
-1.9,470.09
-1.9,474.56
-1.9,503.97
-1.9,509.03
-1.9,483.31
-1.9,465.34
-1.9,456.21
-1.4,452.17
-0.9,450.91
-0.9,457.28
0,449.86
0.5,458.92
1.5,508.35
2.5,526.65
3.5,535.56
3,539.6
3,508.33
2,521.31
1.5,517.57
1,517.73
1,523.63
1,499.51
0,486.46
0,471.22
0,469.2
0,469.45
0,505.64
0,498.59
0,474.67
0.5,467.16
0,453.12
0,448.75
1,447.36
1,449.65
1,444.93
1,446.06
2,474.43
2,475.78
3,505.7
3,515.87
3.5,506.24
4,503.76
4,498.94
2.5,487.42
3.5,475.93
5.5,478.87
6,465.49
3,453.65
5,451.21
6,451.45
6,506.2
6,507.35
5,483.85
5,456.73
5,447.59
5,446.03
6,445.15
6,446.11
6.5,420.69
7,407.92
7,390.77
7.5,398.56
8,435.54
8,460.93
8.5,463.51
8,467.93
8,466.9
8,454.99
8,458.55
8,454.69
8,452.97
8,439.43
8,433.74
8,434.57
8,480.11
8,461.02
7.5,464.98
6.5,448.89
6,424.47
6,424.97
6,421.3
6.5,429.1
7,405.53
7,417.47
8,457.59
9,485.77
10.5,505.39
11,509.72
11,484.87
10.5,463.05
8.5,439.88
8.5,453.6
8,464.84
8,478.66
8,462.43
6.5,452.64
6,448.27
7,443.01
6.5,494.47
7,491.07
6,466.59
5,445.71
5,439.15
5,406.41
5,417.03
6.5,421.66
9,416.11
10,435.86
10,476.47
10.5,467.75
10.5,447.85
11,501.76
10.5,496.95
10,509.54
9.5,512.57
8.5,503.15
8,507.49
8,499.88
7.5,483.29
7,470.48
7,461.26
6,458.83
5,499.3
5.5,493.68
5,474.15
6,460.83
4.5,451.73
4.5,449.9
5.5,447.75
6,448.29
7.5,426.76
8,437.75
7.5,471.52
8,494
8,515.35
7,526.63
7.5,513.97
7.5,508.92
5.5,501.42
5,493.95
5,502.32
5,498.89
4,488.66
3.5,473.67
2.5,473.2
2,471.81
0.5,510.46
0,509.36
-0.45,489.37
-0.45,471.57
-0.9,455.62
-0.9,454.63
0,454.66
0.5,455.27
2,424.8
2.5,447.42
2.5,497.05
3.5,522.8
4.5,533.86
4,530.14
3,515.45
3,518.3
1,516.9
0,503.85
-0.45,501.49
-0.9,506.02
-0.9,490.39
-1.9,477.44
-1.9,473.1
-1.9,465.25
-1.4,512.11
-1.4,506.89
-0.9,481.95
-0.9,459.93
-1.4,460.28
-0.9,451.45
-0.9,453.95
0,447.75
1.5,430.71
3,444.78
4,484.45
3.5,508.75
4,523.3
5,527.11
5,492.8
4.5,495.86
2.5,499.14
0,490.04
0,490.84
0,493.49
0,478.17
0,470.92
0.5,468.35
0,473.17
0,516.87
-0.45,512.29
-1.4,485.44
-2.5,460.29
-3.9,462.43
-2.9,454.55
-2.9,449.51
-2.4,461.26
-1.4,432.73
-0.9,441.38
1,471.83
4,484.63
4.5,495.93
5,491.14
5,482.65
5,488.05
3.5,481.22
0.5,468.38
0.5,466.89
1.5,479.67
1,470.98
1,461.6
1,452.92
0.5,458.37
-0.45,504.43
-0.45,502.2
-0.45,480.82
-0.45,455.74
0,449.09
-1.4,441.99
-1.4,435.45
1.5,444.01
3.5,412.73
5,414.68
6,426.12
6,442.4
7,465.78
6,467.14
6,458.49
5.5,457.3
4.5,459.61
3,457.73
3,449.49
2.5,458.43
2.5,460.26
2,450.89
1.5,450.5
2,449.03
1.5,495.42
1,495.83
1.5,469.31
1,459.83
1,447.47
0,434.89
1,443.75
1,444.99
2,420.79
3,426.61
4.5,493.87
5.5,526.63
6,534.04
6,536.23
5,509.59
5,510.68
4,508.94
4,508.62
3.5,507.09
3,506.94
3,490.85
3,478.88
2.5,466.11
2.5,463.69
2,508.57
2,506.33
2,472.62
2,461.9
2,453.45
2,450.29
2,445.76
3,458.3
3,450.33
2.5,457.56
2.5,500.23
1.5,534.18
1,556.97
1,549.15
1,529.57
1,520.75
2,524.96
2,521.38
1,530.41
2,505.04
2,485.72
2,469.53
2,459.53
2,455.22
2,505.38
2,504.24
2,476.17
2,467.94
2,449.44
2,437.52
2,444.31
2.5,450.46
3.5,434.79
4,456.13
5,488.37
5.5,516.42
6,525.28
6,532.65
6,507.6
6,509.7
6,502.65
5.5,500.36
5,495.84
5,498.4
5,482.51
4.5,466.23
5,462.8
5,465.94
5,513.92
5,510.3
4.5,488.64
4,472.49
4,462.69
4,452.79
4,451.77
5.5,459.83
6.5,449.84
7,461.78
7,491.99
7,533.18
7,537.77
7,540.38
7,518.38
7,516.43
6.5,512.41
6,507.45
5,498.14
5.5,482.14
5.5,472.37
5,464.73
4.5,455.74
5,458.78
4,514.35
4,501.63
4.5,483.8
5,468.29
5.5,449.72
5.5,442.07
5,445.54
6,451.4
7.5,421.32
9,438.29
10,481.81
11,500.46
11,516.36
11.5,512.24
11.5,476.51
11,491.59
9.5,478.97
9,461.35
8,456.88
8,454.85
6.5,444.78
5.5,434.43
6,443.45
6.5,437.66
5.5,497.13
6,499
5.5,477.82
5,452.75
4.5,445.15
4.5,443.69
4.5,444.35
7,447.61
9,427.73
10,440.32
11,476.88
12,489
12.5,502.89
13,508.3
13,490.02
12.5,481.29
11,478.41
8.5,483.58
8.5,472.59
8,466.22
8,462.03
7.5,456.52
7,453.99
6.5,451.35
5,519.79
5.5,516.23
6,496.2
6.5,470.41
6,460.18
5.5,455.43
5.5,446.99
7,455.77
10,429.14
12,426.42
13,437.22
14,474.38
15,476.77
15.5,476.72
16,459.68
15,446.08
12.5,433.8
11,428.25
10.5,425.32
10,448.35
9.5,448.09
9,442.73
8.5,437.73
8,439.81
8,498.51
6.5,485.88
6,455.15
7,431.87
9,427.51
8,423.77
8.5,421.8
9.5,413.04
10,398.16
10.5,425.14
12,464.93
13.5,499.19
13.5,501.65
12,512.57
12,494.43
11.5,488.06
10.5,489.93
9.5,476.17
9,477.41
9,475.21
9,457.11
8.5,448.33
8,441.49
8,434.99
7.5,496.86
8,488.46
8,471.28
8,449.64
7,446.71
7,443.85
9,442.3
9.5,448.02
10.5,431.16
11,437.15
12,473.56
12,503.5
12,498.24
13,495.49
12,483.29
12,478.81
11.5,478.14
10.5,476.37
9,470.51
9,465.56
8.5,458
8.5,453.94
8.5,453.83
8,451.69
7,514.86
7,507.48
7,477.23
7,459.5
6.5,460.3
6,454.47
6.5,456.67
8.5,458.35
9,433.4
10,455.83
11.5,478.04
13,488.91
14.5,502.12
14,495.42
14,477.85
14,482.1
13,477.41
12,466.18
11,469.74
10.5,472.91
11,466.14
11,458.96
11,452.84
10.5,448.83
9.5,515.54
9,511.07
8,479.49
8,458.96
8.5,454.33
7.5,452.32
7,454.88
8,458.02
9,440.94
10.5,451.98
12,486.44
13.5,498.05
14,502.28
14,499.58
14.5,472
14,476.45
13,475.37
12,463.11
11,464.73
11,474.89
11,477.71
10.5,467.75
9,460.95
8.5,459.86
8.5,512.73
8,501.74
8.5,477
9,458.76
9,448.42
8,444.07
8,441.68
9.5,456.21
11.5,446.17
12,460.59
13,489.75
14,500.07
14.5,508.77
13.5,502.1
12.5,475.13
13,482.88
11.5,475.56
11,468.84
10.5,464.76
10.5,469.11
10,456.31
9,447.56
9.5,444.02
9,444.46
8.5,508.9
8.5,506.33
8.5,478.17
7,462.59
8,455.16
7.5,455.88
8,456.77
11,456.83
12.5,431
14,447.17
15,473.74
15.5,509.04
15.5,510.71
15.5,505.63
15,482.02
15,476.75
13.5,476.88
11.5,468.57
11.5,456.37
11,461.75
11,464.96
9.5,456.82
10.5,458.76
11,462.3
10,508.97
9.5,508.31
9,482.38
9.5,467.85
9,455.27
9,448.01
8.5,439.99
8,451.42
10.5,415.06
11,417.84
11.5,429.61
13,459.57
13,481.3
13.5,473.25
13,464.12
13,463.4
12,459.25
11,445.89
11,442.33
10,436.74
9.5,438.4
9.5,434.29
9.5,426.59
7.5,427.73
6.5,492.71
6.5,483.4
8,459.53
8,447.18
6.5,435.35
6,431.07
6,433.48
6,436
7.5,417.06
9.5,438.82
10.5,483.62
12,496.57
13,505.61
13,492.31
13,477.23
12,483.84
10.5,475.22
8,471.45
7.5,467.19
6,452.41
5.5,463.85
6,461.63
4.5,454.06
3,451.68
4,501
5,497.92
4.5,473.67
4.5,461.32
4,454.5
4,452.14
4,452.6
5.5,457.66
8,448.22
8,460.31
9.5,493.31
10,510.08
10,507.55
10,500
10,487.09
10,494
9,497.33
8,486.72
7,484.64
7,481.79
7,481.28
6.5,472.89
5,465.75
5,466.03
5,509.56
4,502.36
4,470.14
3,446.22
4,434.47
4.5,433.79
3,447.24
5.5,454.07
7.5,438.63
9,455.56
10.5,486.41
11,506.26
12,511.73
11,509.45
11,486.37
10.5,498.91
9.5,504.78
8.5,505.79
7.5,496.15
7.5,484.85
7,480.52
7,478.15
7,470.7
7,469.02
7,510.54
7,502.64
6,476.73
6,462.17
6,454.76
5.5,448.83
6,452.72
6,451.85
6,433.34
6.5,447.69
6.5,492.76
8,511.87
8,515.71
8.5,529.57
9,513.12
9,518.96
8.5,517.95
7.5,508.6
6.5,500.18
6,493.65
6,487.99
6,477.21
6,468.04
5.5,460.41
5.5,488.06
5.5,485.34
5,462.91
6,447.91
5.5,436.9
6,438.45
6,439.68
6,454.52
7,436.16
8,442.74
8,478.55
8.5,503.89
10,513.31
10,517.07
10.5,497.97
10,504.03
9,494.3
8,489.34
9,493.9
8,500.91
7.5,490.65
7,474.3
7.5,459.89
8,464.32
7,496.85
7,492
7,469.82
7,454.08
7,439.73
7,430.3
7,431.04
7.5,428.87
9,411.98
10.5,431.16
12,466.42
11.5,486.6
12,499.51
12,494.88
11,471.82
10,471.81
10,470.17
9,449.21
8.5,440.48
8,455.2
7.5,463.56
7,462.76
7,463.45
6,453.49
5,492.33
5,484.1
6,469.13
6,450.48
6,441.13
6,420
6,435.48
6,433.16
6.5,409.22
7,414.32
7,407.48
7.5,425.22
8,444.69
7,451.71
6.5,455.93
7,454.71
6,449.57
6,445.1
6,446.87
6,453.45
6,455.9
6,454.21
6,444.02
6,440.04
6,477.39
5.5,467.12
5,418.83
5,406.66
5,401.81
5,397.37
6,395.04
7,399.7
8.5,383.61
10.5,416.41
12.5,459.26
13,477.52
14.5,479.61
15,471.43
16,455.03
15,453.04
14,451.82
10.5,442.08
8.5,436.44
8,444.09
7.5,452.41
6.5,439.23
6.5,434.75
6,427.35
6,476.14
6,465.49
5.5,433.39
7,416.54
5,403.74
5,407.38
4.5,408.91
7.5,414.21
11,403.19
12,418.34
12,458.07
12.5,471.82
13,474.85
13,468.22
14,449.94
13.5,446.71
13,437.13
12,429.11
11.5,430.52
11,430.17
11,435.65
11,429.8
10,421.53
9.5,419.35
9,467.3
9,459.79
8.5,435.74
8,420.12
7.5,399.91
7.5,402.8
8,408.2
8,409.57
9,393.19
10.5,418.52
10.5,455.5
10,476.8
9.5,485.25
7,483.77
6,461.82
6,466.27
6,467.6
5,455.97
5.5,454.5
5.5,447.51
6,452.26
6.5,441.36
6.5,435.9
5.5,436.32
5.5,466.89
4.5,456.97
4.5,436.38
5,422.38
5,408.3
4,403.89
5,400.84
6.5,396.16
7.5,402.7
9.5,425.83
10,453.41
10.5,466.93
11.5,474.94
12.5,458.88
12,440.07
11.5,443.73
10.5,442.96
8.5,443.52
6.5,434.7
7.5,432.24
8.5,443.28
7.5,436.7
6.5,431.59
7.5,429.27
7,474.87
7,463.12
7,430.56
7.5,417.95
6,404.5
5.5,405.49
6,400
5,397.64
6,404.16
6.5,408.53
7,446.76
7,464.56
8,476.06
9,477.58
9,449.14
8,458.44
8,454.18
7,453.85
6.5,451.5
6.5,443.25
6,438.81
6,432.78
6,423.85
7,419.55
6,471.55
6,463.75
6.5,436.4
7,418.15
7,405.39
7,404.91
7,405.39
8,403.19
8.5,368.92
10,389.22
10,444.68
10,460.53
11,474.42
11,481.21
11,463.33
11,456.74
10.5,453.09
10,438.95
10,433.45
10,428.3
9.5,437.12
9,423.86
8.5,416.38
8,412.9
7.5,458.2
7,455.71
7,435.52
7,419.82
7,409.25
7,400.05
7,396.81
8,399.7
9.5,376.01
10,375.57
11,376.53
12,392.89
13,421.68
13,432.22
13,426.85
13,421.21
12.5,408.41
11.5,395.25
10,401.04
10.5,415.26
10,430.78
10,428.21
9.5,416.73
9,416.12
8.5,450.32
9,442.32
9.5,417.57
10,403.47
8.5,394.7
8,389.86
8,389.95
9.5,395.13
10.5,381.12
12.5,400.95
13,444.92
13,470.88
14,478.47
14,469.66
14,452.32
14,453.47
13,449.74
12.5,443.37
12,433.03
12,437.19
12,444.12
11.5,436.6
11.5,427.07
10,426.07
10,469.42
10,461.66
9.5,434.94
11,419.62
11,409.55
11,402.52
11,408.89
12,409.07
13,394.9
14.5,420.25
15,457.2
15,469.71
15,470.21
15,466.19
15,452.27
14.5,447.52
14,440.17
14,439.19
14,443.61
14,444.58
13,444.88
13,445.81
12.5,440.54
12,436.44
11.5,470.66
11,464.25
11.5,439.09
11,423.89
10,415.36
9,406.34
10.5,409.45
12,412.79
14,406.09
16,423.96
17,451.18
18,464.29
19,462.79
19.5,452.85
20,434.22
19,435.73
17.5,435.13
15.5,429.82
15,425.47
14.5,438.29
13,454.95
13,448.13
13.5,437.61
12.5,432.59
12,470.54
12,466.71
12,440.72
12.5,426
13,421.64
13.5,416.12
12,418.15
12.5,415.17
16.5,405.45
16,419.03
17,443.92
19,461.75
19,465.32
18.5,455.39
18,430.5
18,430.46
16.5,432.71
15.5,432.11
14,426
14,437.36
14,449.06
14,439.38
13,432.84
13,426.69
13,463.28
13,461.34
12,445.55
11,433.86
11.5,424.96
12,418.44
12.5,417.7
13.5,408.09
15.5,404.38
16.5,421.07
17,443.31
18.5,457.7
19,465.63
20,453.23
18.5,426.54
18,430.92
18,432.5
16.5,426.33
15,426.82
15,431.08
15,449.44
14,444.4
14,438.9
14,439.09
14,463.44
14,455.96
13.5,436.16
12,424.34
12,413.93
12,405.2
13,409.43
13.5,402.69
15,395.55
16,413.69
16.5,438.58
16,449.3
17,457.61
18,462.89
18,447.75
16.5,442.59
15,437.7
13.5,422.87
13,419.3
12.5,433.42
12,452.5
12,428.34
12,423.56
12,433.16
11.5,453.65
11.5,448.59
12,427.97
12,412.8
11.5,402.67
11,400.58
11.5,402.11
12.5,393.26
14,380.11
15.5,388.09
15.5,396.62
17,401.76
18,418.33
19,434.36
19,422.61
18.5,422.71
17.5,418.64
16,409.13
15,407.25
13.5,405.43
12.5,438.99
13,439.49
13,433.33
13,426.97
12,447.62
11.5,430.99
11.5,411.48
11,399.69
11.5,393.31
11.5,391.03
12.5,390.1
14,382.45
14.5,383.67
16,410.07
17,450.29
19,458.53
19,470.94
19.5,472.74
20,451.43
20,450.44
20,449.09
18.5,444.75
17,441.15
16.5,429.08
15.5,447.4
14.5,435.77
12.5,429.41
11.5,430.29
11,452.76
10,446.36
9,434.65
8.5,425.48
8,417.84
8,413.82
8.5,414.4
10,407.38
11,407.05
11,431.41
12,462.25
12,462.18
12,471.8
11.5,474.22
10,459.22
8.5,454.46
8.5,455.17
8,456.35
8,457.73
6.5,445.68
5,457.37
4.5,451.48
3.5,439.92
3,437.5
3.5,470.11
2.5,471.08
2.5,445.05
2,432.49
2.5,422.59
1,418.79
3,421.91
5.5,418.04
7.5,422.01
8.5,440.69
10,468.97
10.5,476.48
11,479.46
11.5,463.62
11.5,444.36
11,453.93
10.5,438.96
9.5,437.86
8.5,430.95
8,443.36
6.5,467.93
6,455.09
5.5,444.42
6,439.07
5,471.98
5,459.73
4,434.48
4,424.39
4.5,417.06
3.5,417.13
3,418.86
5.5,410.8
7.5,408.27
9.5,428.17
9.5,458.16
11,464.08
12,459.16
12,462.08
12.5,441.37
11,451.88
10,444.69
8.5,437.06
7,441.07
5.5,442.77
4.5,461.94
3.5,462.54
2,447.44
2.5,444.93
1.5,477.68
0.5,464.94
1,445.16
0,426.01
-0.45,423.1
-0.9,415.29
1.5,415.35
4,405.36
7,396.4
8.5,419.51
9.5,453.88
10,458.81
11.5,467.17
11,455.5
11.5,433.62
10.5,446.33
10.5,433.99
7.5,431.15
5.5,430.74
5,430.79
3.5,455.64
4,441.93
3.5,433.85
3,427.76
1.5,471.45
1,471.37
0.5,453.58
2,429.92
0.5,411.43
0.5,416.47
3,416.51
5,401.49
8.5,401.92
10.5,423.99
11,466.08
12,475.43
13,485.77
13,474.92
13,429.37
13,426.89
12,439.65
8.5,439.85
7,431.49
6,424.02
5,437.84
7,434.31
7.5,424.25
6,422.57
5.5,472.94
5.5,464.69
6,442.09
3.5,422.11
4,398.41
3,405.42
5.5,405.44
8.5,397.96
10.5,373.27
12.5,378.27
14,400.54
15,401.4
16.5,405.44
16,404.36
17,392.74
17,396.87
16,394.98
13.5,390.44
10.5,386.9
11,383.54
12.5,423.06
11,424.75
9,425.87
10,428.33
9,469.03
7.5,454.32
9,429.63
9.5,420.3
9,395.57
6.5,390.21
9.5,389.17
13.5,377.01
14.5,384.48
16,408.26
17,448.81
17,475.61
17.5,477.14
18,461.33
18.5,444.46
18,448.19
17.5,443.14
15,436.04
14.5,413
13,403.56
11.5,432.18
10.5,431.72
10,428.87
10,417.67
11.5,443.42
10.5,442.47
11,421.48
9.5,412.91
11,395.66
10.5,403.9
11,405.49
15,393.56
17,392.26
18,397.09
19,430
20,449.82
20,448.31
21,444.56
21,418.5
21,421.21
19.5,415.07
17,412.29
15.5,405.36
14.5,400.19
16,436.66
15,434.68
15,424.17
14,415.82
13.5,458.19
10,443.79
9.5,420.28
10,401.83
10.5,406.87
10.5,399.22
12.5,398.39
15.5,389.58
17.5,390.52
18,411.63
19.5,448.4
21,458.85
21,458.1
21.5,447.24
21,422.06
21,426.79
19.5,431.56
17,425.92
14.5,413.74
14.5,397.98
14.5,431.46
13.5,428.89
13,416.47
13,422.46
13,469.26
12,452.38
12,421.63
11,410.91
11,412.47
10,406.75
11,409.62
13,388.49
15.5,384.25
17.5,407.09
19,437.18
20,436.77
20,441.43
20,437.03
19,417.55
18.5,425.54
17.5,422.56
17,426.11
16,417.56
16,412.96
15,444.16
15.5,439.07
15,431.76
15,432.72
14.5,452.25
14,438.16
14,406.68
11.5,406.64
12,395.56
12,396.71
14,400.93
13.5,388.01
15.5,389.62
16.5,422.39
18.5,451.57
19,463.12
19,463.55
19.5,449.72
20.5,425.23
19.5,435.24
18.5,438.77
17,432.32
15.5,420.01
15,418.04
15,445.09
15.5,439.76
14.5,430.83
12.5,424.43
11,456.09
12,445.13
11,409.91
11,406.61
11,399.31
11,390.56
14.5,393.43
16.5,385.83
17.5,379.5
19,403.84
20,438.08
20,443.69
21,453.9
20.5,451.36
20,430.57
19.5,430.13
14.5,422.78
14,399.42
13,406.81
12.5,412.76
12,430.18
12,427.38
12,422.12
11.5,422.15
11,469.25
10.5,455
11,419.63
11,389.01
10,414.05
10,393.91
10,373.76
11,390.4
13,388.18
14,394.82
15.5,404.94
16.5,401.84
17,433.12
18,435.57
15,429.61
13,426.13
12,419.33
11.5,421.23
12,401.23
11.5,384.95
11,417.61
10.5,434.32
10,429.73
10,446.7
9,467.9
9,450.96
8.5,442.15
8,423.45
7,409.96
8,406.92
9,409.83
9,389.46
10.5,396.63
12.5,412.62
14,464.14
15,475.02
15,472.58
14.5,468.74
15,466.44
13.5,470.04
13,457.05
12.5,442.21
12,423.69
11.5,411.17
11,449.25
9,459.68
10,461.57
10,471.16
9,499.74
7.5,485.53
7,468.82
6.5,472.29
6.5,439.57
5.5,421.73
8.5,432.83
10,422.25
11.5,409.16
12,435.61
12,465.92
12.5,481.71
12.5,480.81
12,468.64
11,465.3
9,464.87
8,472.19
8.5,457.2
8,439.85
7,422.28
7,449.69
8,463.13
7.5,467
6,475.19
7,495.73
6,475.17
5.5,448.84
4.5,461.34
5,414.16
5,410.92
7.5,412.88
9.5,414.99
11.5,411.36
12,403.18
13,463.89
13.5,489.29
14.5,479.52
14.5,468.16
15,471.42
14.5,470.63
14.5,470.63
13.5,470.81
12,458.93
11.5,420.12
10.5,443.78
9,468.1
8.5,464.53
8.5,464.18
9,501.61
8.5,245.63
8,442.73
7.5,420.15
8,420.04
7.5,415.34
8.5,414.63
10,420.82
11.5,409.76
12.5,421.65
13.5,469.78
14,480.4
15.5,478.53
16,474.34
16,460.28
16,454.01
15,452.23
14,450.79
13.5,435.44
13,404.98
12.5,403.71
12,457.85
12,458.5
11,452.06
11,477.35
11,468.44
10,441.97
9.5,426.17
9,413.94
9,409.31
11,407.53
13.5,409.99
15.5,403.01
16.5,420.55
17,451.53
18,460.62
19,470.14
19,468.51
19,438.74
19,440.06
17.5,441.62
16.5,441.39
15.5,433.27
15,406.4
15,404.3
13.5,440.51
13,443.68
12,437.58
12,469.76
11,458.97
11,432.64
11,416.28
9.5,410.2
10.5,409
11.5,412.24
13,413.97
14.5,399.7
16.5,410.9
18,452.26
19,462.96
19.5,464.71
20,457.21
20.5,445.18
20,441.83
18.5,434
17,422.98
14,414.74
14,400.72
14.5,404.57
14,437.77
14,437.26
14.5,427.7
14.5,461.74
12.5,453.41
10,428.85
10.5,413.92
8.5,400.99
10.5,403.07
12.5,398.81
14.5,397.27
16.5,382.11
17,390.89
18.5,401.23
19.5,413.58
20,427.09
20,419.23
20,415.44
20,412.72
19.5,404.64
15.5,402.22
12.5,393.18
12,377.53
11,381.11
10.5,424.81
9.5,440.52
8.5,431.53
7.5,458.81
7.5,445.04
6.5,409.61
7,404.4
5.5,397.91
8,391.77
10.5,392.93
12.5,399.65
13.5,389.92
16,407.89
17.5,451.08
18.5,448.71
19.5,458.28
20.5,457.54
20,436.85
20,438.06
19.5,440.43
17.5,436.14
15,428.05
13.5,408.9
16,404.87
15,434.58
14,436.53
13.5,426.61
14.5,460.49
12,450.64
11,417.38
11,418.63
11,396
9.5,395.26
10.5,397.32
13.5,400.14
14.5,393.35
17.5,408.92
20,453.66
20.5,459.11
21,462.22
21,470.23
22,452.28
21,448.04
20.5,448.73
18,447.49
16.5,441.69
15.5,408.23
15,401.3
13,431.54
12.5,441.18
12,433.79
12,468.97
11.5,457.4
12.5,429.94
11,422.4
9.5,413.63
9,409.5
11.5,409.01
13.5,411.56
14.5,398.56
16,410.07
17,458.56
18.5,462.27
18,464.98
17,463.26
16.5,448.09
14.5,447.52
13,443.77
11.5,413.92
10.5,411.74
9,414.54
7,426.71
7.5,444.25
6.5,446.51
7,443.87
7,472.01
6,467.84
6,448.69
6.5,425.66
6.5,420.78
6.5,411.61
7,405.13
7,410.59
9,401.88
11,413.8
11.5,461.28
11.5,471.09
11.5,481.03
12,467.63
13,456.93
12.5,457.62
11.5,448.49
10.5,444.42
10,435.63
9,439.04
9,438.02
8.5,471.29
8,470.97
7,462.12
7,486.02
6,466.88
6,442.62
7,432.84
6,419.87
5,424.53
8.5,425.52
10.5,425.68
12,406.53
13.5,421.77
14.5,473.66
14,465.97
14,470.4
15,458.04
16,431.95
15.5,439.92
14,444.71
12.5,437.11
11.5,428.06
11,426.63
9.5,429.62
9,463.01
9,462.97
9,453.82
8.5,489.29
8.5,473.66
7.5,446.27
7,434.44
7.5,425.72
8,424.3
8.5,422.63
8.5,427.63
10.5,406.65
12,416.31
13,456.88
14.5,464.28
14,476.06
16,471.83
15.5,458.11
15.5,457.73
15,452.78
13.5,443.42
12,421.65
11,404.42
10,410.49
8.5,454.08
9.5,457.24
10,449.36
9.5,478.46
7,470.08
7,446.6
7,431.15
7,417.76
8,413.7
8,407.69
9,404.86
9.5,396.81
8.5,410.38
8,418.14
8.5,429.88
9,452.93
9,469.87
9,454.03
9.5,448.89
9,435.26
9,435.81
8,433.55
8,415
8,422.65
8,450.74
9,450.78
10,437.82
12,462.5
12,445.44
12,418.72
11,408.01
11,393.85
10.5,398.47
11.5,394.58
13.5,396.76
15,394.75
15,428.22
16,458.44
16,479.79
16.5,488.63
17,489.2
16.5,473.31
15,478.05
13.5,477.45
13,466.71
12,461.98
11,441.56
10,435.19
8.5,464.39
8.5,466.15
8.5,452.31
8,480.11
8,469.17
8,443.02
8,426.09
7.5,419.88
8,412.01
9.5,416.01
11,419.63
12,413.53
12.5,437.5
14,462.62
14.5,478.9
15,488.12
15.5,483.78
16,461.93
16,462
15,453.22
14,445.52
13.5,423.36
13,404
11.5,403.22
9.5,445.21
8.5,455.59
9,448.48
8,481.71
8,474.6
7,445.83
7,429.9
6,417.62
7.5,415.19
10.5,423.2
12.5,418.12
14.5,405.58
15.5,430.8
16.5,459.82
17,478.81
18,481.79
18.5,474.32
19,453.94
18.5,458.94
17.5,457.4
14.5,453.04
13.5,442.87
14,421.45
14,418.59
14,449.47
14,457.76
14,450.91
14,479.05
14,469.93
13.5,439.69
13,420.02
12.5,412.27
11.5,407.73
12,413.1
16,406.36
16,403.36
18,421.6
19,453.13
20,474.01
20,472.88
21,460.97
21,445.7
21,453.22
20.5,444.89
19.5,443.48
15.5,439.17
16,415.29
15.5,413.32
15,440.06
14,447.73
14,440.3
13.5,473.92
13,469.72
12,444.83
11,431.01
12,414.34
13,412.72
14.5,413.94
16.5,411.82
18.5,409.04
20.5,433.36
21.5,459.31
22,470.67
23.5,476.52
23.5,477.04
22,448.78
19.5,456.6
18,464.74
18,461.49
18,446.06
18,423.52
17,418.54
17,443.22
16.5,449.3
16,445.24
15.5,473.58
15.5,465.92
14.5,440.35
15,428.19
14,416.64
15,402.59
16,404.28
19.5,395.8
21.5,390.49
22,415.79
21.5,451.83
22,468.95
22,479.98
21,485.28
20.5,453.14
21,456.53
21,454.51
18,442.79
17,440.96
16.5,423.94
16.5,429.63
15.5,455.46
14.5,453.67
14,448.7
13.5,478.25
13,470.34
13.5,447.92
12,434.24
12.5,422.3
13.5,409.8
16.5,415.12
18.5,410.71
19.5,401.4
21,415.07
21.5,432.36
23.5,436.09
24,435.53
24,430.6
24,421.55
24,417.71
23.5,412.17
21,411.56
19,402.67
19,397.16
19,398.38
17.5,425.68
16,437.98
15.5,433.28
15.5,455.61
14,441.5
14.5,418.35
13,397.46
12,398.52
14.5,388.04
17.5,391.71
18.5,389.16
19,386.24
19.5,411.79
21,451.24
22,467.71
22.5,488.09
23,484.4
24,459.02
23.5,461.8
22.5,462.83
20.5,455.42
20,443.42
20,435.88
19,427.83
18.5,456.28
19,458.46
18.5,456.58
18,466.92
17,446.04
17,425.1
14.5,410.97
12,411.41
14,407.74
18.5,409.49
20,407.23
21,406.19
22.5,434.29
23.5,466.96
24,477.1
25,475.75
25,475.3
25.5,466.55
24.5,470.28
23.5,471.48
20.5,464.48
19.5,440.32
19,432.5
19,427.12
19,447.1
18.5,460.93
17.5,459.41
17,473.02
16,455.84
16,437.65
15.5,419.7
15,421.7
15.5,414.45
14,412.36
13.5,405.13
14,396.84
12.5,418.83
11,450.5
13,452.85
16,462.24
17.5,460.08
18,444.78
15,449.97
16.5,445.43
15.5,441.02
13.5,424.65
13.5,415.75
13.5,420.78
13.5,441.7
12,453.82
12.5,445.39
11.5,458.31
10.5,448.36
11,427.1
10.5,411.88
9.5,397.63
10.5,398.74
12.5,402.19
14,398.86
15,391.93
16.5,408.57
17.5,445.44
18,461.02
19.5,469.62
19.5,472.29
19,453.29
19.5,456.65
19,455.76
16.5,456.07
14.5,443.68
13.5,434.31
12,431.32
11.5,447.74
10,454.08
11,447.47
9,468.99
9.5,457.49
9.5,430.48
9,417.19
8.5,408.12
10,404.54
12.5,401.7
14.5,397.06
15.5,393.43
17,414.04
18.5,447.87
19,453.33
19.5,460.89
20,459.08
20,432.08
20,438.12
19,445.56
17.5,441.35
14.5,434.97
14,416.44
13.5,412.8
13.5,440.96
12,449.57
12,445.62
10,460.35
10.5,447.05
10.5,419.73
8,408.72
9,405.54
11,397.32
13.5,392.2
15.5,383.45
16.5,369.67
18.5,392.67
19,436.35
20,451.09
20.5,470.45
20.5,467.08
21,454.08
21,450.75
20.5,454.05
19,441.61
18.5,413.19
17.5,398.32
17.5,392.95
17,421.15
16,437.81
16,430.04
11,468.27
11,459.08
11.5,438.01
9.5,421.51
11,408.65
14,410.86
15.5,407.63
17.5,394.03
19,381.2
19.5,393.39
21,407.12
22,421.64
22.5,443.23
23,437.34
22.5,426.85
22.5,424.88
21.5,421.86
20,415.89
18.5,409.62
17.5,387.34
18,387.07
17,418.72
17,434.46
16,434.22
17,466.21
16.5,443.03
16,421.47
13,402.99
15.5,394.3
14,396.51
16.5,398.1
18.5,393.81
20.5,387.42
22,410.93
23,456.79
23.5,468.98
23,479.31
23.5,480.28
23,456.52
23,461.56
22.5,461.32
21.5,457.18
21,447.7
19.5,418.27
18,419.57
17,444.98
18,450.58
18,441.21
17,470.43
17,457.71
17,437.11
17.5,426.85
17,424.71
17,421.07
17,418.83
19,410.45
20.5,412.98
20.5,429.65
21,475.55
21,478.54
19,480.09
16.5,472.75
14.5,448.61
13.5,461.76
13,464.22
12,457.32
12,435.13
12,425.36
12,424.53
12,449.31
12,455.07
12,448.33
12,479.51
11.5,468.33
11,439.44
10,419.35
10,425.22
11.5,416.14
13,414.12
14.5,412.16
15.5,415.83
15,367.62
16.5,446.05
14,471.25
12.5,485.28
12.5,484.09
12,474.63
12,476.86
13,470.72
13,464
12,436.76
11,441.18
10.5,436.18
11.5,460.92
10.5,464.11
11,460.61
10.5,479.95
9.5,471.07
10,446.89
9,427.93
9,418.61
10.5,416.62
12.5,417.29
14,410.87
16,414.72
17,449.99
18,465.18
19,476.52
20,485.97
21,481.9
21,457.75
21,455.09
19.5,453.58
18,449.17
17,435.94
16,422.05
15,419.42
13.5,443.96
13.5,451.3
13,450.03
11.5,486.46
11,464.64
10.5,437.01
10.5,418.2
10.5,414.26
12,410.17
14.5,415.72
16.5,397.04
17.5,397.7
18.5,422.77
19,471.9
20,472.09
20,472.64
20.5,471.02
20,445.62
19.5,450.44
14.5,443.84
13,436.65
13,424.46
12.5,423.31
12,422.98
11.5,445.43
11.5,444.06
11.5,436.81
11,471.97
11,461.93
11,457.32
10,437.24
10,431.89
10.5,431.21
12.5,430.86
14,421.83
14,414.66
16,442.28
15,459.63
16,480.28
18,483.61
19,480.25
16.5,446.73
13.5,451.17
13.5,450.08
13,438.65
12,427.52
12.5,401.34
11,404.8
11.5,433.21
12,448.6
10.5,437.6
9.5,484.6
9,477.57
9,450.94
9,438.87
9.5,408.69
10.5,423.75
12,427.91
12.5,418.46
14.5,392.67
16.5,394.12
18.5,406.41
18,409.99
19.5,436.56
20,417.38
18,427.64
17.5,416.36
15.5,392.07
15,386.02
12.5,382.08
13,374.55
13,379.96
12.5,413.37
12,435.27
11.5,429.68
12,476.7
11.5,465.65
10,437.58
10,416.83
9.5,414.16
10,407.42
11.5,409.93
13,406.36
14.5,399.28
16,416.26
17.5,455.45
17.5,463.53
19,470.72
18.5,469.22
19.5,444.55
20,447.7
20,450.73
18.5,431.92
15.5,424.88
15,400.68
14.5,396.92
12.5,422.55
12,451.55
11.5,447.85
11,488.5
10.5,481.49
10,451.51
10,437.59
9,432.13
11,430.3
13.5,433.27
15.5,424.55
17,416.16
18.5,438.29
20,465.5
21,465.15
22.5,470.87
23,470.67
23,453.34
23,454.53
22.5,458.84
19.5,454.1
18,426.88
18.5,399.41
15.5,401.34
16,425.63
15,446.4
12.5,440.48
13,489.93
12,483.7
11,452.63
11,433.78
11,429.97
12,427.41
14.5,429.54
16,418.42
18,406.57
19.5,429.8
20.5,457.49
22.5,454.72
23.5,462.83
24.5,466.94
24.5,452.85
25,451.75
24.5,445.31
22,424.37
21,410.81
19,396.23
18.5,394.7
17.5,422.03
15.5,446.06
13.5,455.34
13,495.33
13,479.26
13,438.88
13,429.32
12.5,427.11
14.5,425.21
16.5,428.91
18.5,416.05
20.5,413.75
21.5,435.9
23,470.39
23.5,472.2
25,479.05
24,482.53
24.5,458.15
25.5,461.47
23.5,450.83
21,445.53
18.5,430.03
19.5,415.55
18.5,420.9
17,443.49
16,466.65
15,470.04
14.5,488.04
14.5,480.23
15,449.53
13.5,420.1
12.5,426.48
15.5,421.43
17.5,420.3
19.5,410.89
20.5,413.13
22.5,434.71
23.5,479.7
24.5,484.08
25,489.89
25.5,483.77
26,455.28
26,467.14
24.5,464.52
23,458.97
21,446.61
21,407.43
20.5,407.76
19.5,429.58
19.5,460.37
18.5,463.65
18,489.92
17,475.39
16.5,444.58
16,433.12
15.5,432.02
16,425.49
18.5,425.67
20.5,421.85
22.5,416.73
24.5,429.26
26,465.19
26.5,480.98
27.5,475.82
28.5,483.19
28.5,466.61
28,470.88
27.5,467.47
25.5,466.07
24,452.59
22.5,425.15
21,423.29
20,441.76
19.5,460.93
19,460.3
17.5,485.59
16.5,474.4
16,439.7
17,432.18
16.5,426.18
16.5,424.6
21,421.99
22.5,407.03
23,399.35
23.5,390.13
23.5,379.09
24.5,388.36
25.5,408.16
25.5,410.73
25,402.76
25,402.24
23.5,398.3
21.5,384.76
21,383.5
21,377.25
21,390.31
20.5,414.15
20,448.96
20,437.56
18.5,471.37
17.5,452.52
18,431.23
17.5,415.44
15,414.93
18.5,412.16
21.5,408.3
23,401.7
24,400.1
25.5,422.43
27,471.4
28,463.73
29,466.34
29,462.33
29,437.91
29.5,443.75
29,446.65
27,448
25.5,452.67
24.5,426.2
20,415.83
19,424.68
18,444.84
18,443.75
18,479.25
18,470.57
17.5,452.11
16,441.69
16,431.41
16.5,428.22
18.5,431.05
21,421.56
23,415.8
24.5,437.45
26.5,471.08
27.5,495.81
28,492.45
29.5,489.1
29,477.09
27.5,481.86
26,492.82
24.5,497.83
23.5,474.78
22.5,430.58
22,427.62
22,439.27
21,467.12
21,462.24
20,497.42
19.5,483.97
19.5,451.39
19,446.74
20,438.47
19.5,429.76
22.5,435.89
24.5,430
25.5,424.04
27.5,443.05
28.5,481.55
29.5,509.55
30.5,509.87
30.5,506.75
30,482.91
30,502.2
29,510.55
27.5,505.32
25,489.37
23.5,440.24
23,430.29
21,441.53
21,467.31
19.5,463.31
19,502.4
19.5,486.98
18,459.07
17,458.18
17,449.92
20.5,444.31
23.5,435.36
25.5,430.79
26.5,437.55
28.5,458.69
29.5,487
30.5,517.24
30.5,516.37
30.5,514.78
31.5,503.06
31,510.94
30,504.47
28.5,498.58
25,474.66
24.5,446.63
23.5,431.56
23,445.28
20.5,473.54
20,469.83
20.5,503.46
19.5,495.54
18.5,473.21
17.5,457.89
17.5,450.91
21.5,446.3
24.5,443.81
26.5,432.48
28.5,427.96
29.5,459.89
30,492.06
31.5,517.29
31,525.22
30,512.78
30.5,490.37
29.5,501.67
30,494.2
28.5,485.2
28,466.04
25.5,440.61
23.5,439.39
22,446.16
21,470.08
22,464.29
20,490.56
19.5,480.02
19,455.26
19,450.16
18.5,440.47
21,435.65
24,424.69
26,415.66
27,408.45
28,429.16
29.5,464.3
30.5,484.75
31,507.8
32,507.32
31,495.92
30.5,488.07
30.5,479.22
29.5,470.44
26,450.37
23.5,435.18
22.5,423.77
24,435.78
23,462.84
22,459.37
22,500.68
21,485.2
21.5,455.8
20.5,444.58
20.5,446.09
22.5,439.02
25.5,440.69
27,423.73
29,409.96
29.5,412.36
30,422.06
31.5,446.23
32,463.86
32,460.42
32.5,455.9
31.5,446.52
30.5,448.88
29.5,447.27
27.5,434.18
25.5,411.77
24.5,405.28
25,416.68
23.5,446.48
22.5,447.58
23,492.93
22.5,481.32
21.5,458.39
20,442.07
20,427.27
20.5,425.92
23,432
24.5,423.88
26,421.24
27.5,443.39
29,481.5
30,508.74
29.5,503.1
29.5,500.91
29,473.69
29,472.89
27.5,474.26
25.5,471.55
22,464.7
20.5,441.15
19.5,436.89
17.5,437.31
17,463.42
16,459.89
15.5,485.05
14.5,483.37
14,462.99
13,448.96
13,437.58
15,434.75
17,433.7
18.5,428.73
19.5,437.76
21.5,448.36
22.5,482.8
23,503.63
24,485.72
25,473.77
26,456.61
25,458.18
24.5,464.54
23,452.99
20.5,429.22
19,421.66
18,414.66
17,420.06
16.5,443.36
15,437.56
14,477.4
13.5,475.07
13,450.49
11.5,442.71
11.5,437.71
13.5,430.53
15.5,426.41
17.5,424.58
19,422.88
20.5,443.63
21,473.22
22,495.85
23,496.22
23,497.54
23,473.92
23,482.71
22.5,480.25
21.5,474.81
18.5,457.16
18,432.25
16.5,429.22
15,442.12
14.5,465.91
14.5,457.55
13.5,492.24
13,479.4
11.5,457.14
11,447.28
11.5,441.92
12.5,437.77
15.5,435.96
18.5,422.06
19.5,416.22
21,434.45
23,478.72
24,500.21
25,493.52
25,499.93
25.5,480.7
25,477.36
25,488.46
23.5,488.5
21.5,475.17
19.5,445.61
18.5,438.65
17.5,445.86
16,472.84
14.5,470.08
14.5,496.44
14,486.5
14,465.17
13,453.75
13.5,443.43
16,442.22
18.5,440.84
20.5,432.38
21.5,437.73
23,458.03
23.5,489.76
25,507.15
25.5,514.26
26,511.48
26,479.24
26,480.95
25,491.16
23.5,479.89
21.5,470.32
19.5,450.01
18.5,435.68
17.5,438.66
17,467.71
15,462.34
14.5,488.86
14.5,474.2
14,455.69
13,445.13
13.5,439.91
15,436.47
17,435.86
18.5,419.04
20.5,419.6
22.5,441.57
24,474.83
25.5,500.72
25.5,499.7
27,501.13
26.5,483.41
26.5,479.61
25.5,482.37
25,470.5
24,459.91
21,430.47
19.5,419.15
18.5,427.04
18,453.21
17.5,449.86
16,480.06
16.5,473.23
15.5,449.88
14.5,438.7
14,437.79
15.5,428.96
17.5,430.24
18.5,419.61
20.5,418.36
21.5,413.71
21,415.43
22.5,427.71
22.5,449.18
22.5,447.5
22.5,440.66
21,437.91
20,436.19
18.5,435.22
17,414.47
16,405.59
15,404.43
14.5,398.77
13.5,429.11
13,417.2
13,449.12
12.5,439.72
12,420.22
11.5,413.88
11.5,406.39
14,403.3
16.5,404.52
18.5,396.46
20.5,401.09
21,426.73
21.5,467.11
22.5,498.29
23,492.95
24,500.79
23.5,483.52
23,488.91
22,491.34
21.5,481.77
18.5,448.35
18,423.55
17,421.91
16.5,426.98
16,457.82
16,454.6
15,479.56
14.5,477.69
15,456.04
14.5,451.1
13.5,439.11
17,433.14
19.5,436.08
20.5,424.82
21.5,427.97
23,446.04
24.5,478.21
24.5,500.1
25.5,496.64
26,501.26
25.5,490.09
26,490.72
25,486.63
24,481.27
21,459.74
21,443.1
21,437.57
21,450.03
19.5,474.82
17.5,467.52
18,492.86
17.5,487.87
17,464.98
16.5,453.84
15.5,444.31
19,441.37
22.5,448.15
25,439.09
25.5,429.48
26.5,449.02
27.5,483.37
28,508.28
28,516.31
28.5,514.91
29,495.4
29,497.77
28,497.49
27,487.38
24.5,478.96
23.5,446.26
23.5,437.16
23,447.93
22,476.11
23,471.07
22,503.42
20.5,492.95
21,469.48
20.5,464.94
17.5,459.07
21.5,452.51
25.5,453.31
27,440.22
27.5,443.83
28.5,455.63
28.5,482.92
30.5,516.6
31,510.03
29.5,509.05
29,487.48
28,496.75
28,497.72
27.5,476.26
24.5,467.21
24.5,447.32
24.5,440.38
20.5,448.8
20,469.1
19.5,464.51
20,492.62
21,493.59
18.5,466.43
20,452.89
19,448.91
19.5,447.98
19.5,442.59
20,421.17
20.5,429.59
19.5,443.77
22,469.72
23.5,485.26
25,501.1
25.5,500.34
26,474.7
25.5,481.79
24,487.92
23,488.42
22,472.83
21.5,442.63
19,386.79
18,423.49
18,446.25
19,442.37
18.5,476.35
17,469.1
18,447.6
17.5,442.06
17,440.79
19.5,440.21
21.5,441.14
24,424.57
25.5,430.07
27.5,444.07
29,476.69
29.5,504.1
30,523.75
30.5,520.12
30.5,504.22
30,505.05
30,501.62
28.5,491.12
26,463.39
22.5,433.1
22,429.97
21.5,433.87
22,463.03
21.5,469.71
20.5,499.75
20.5,496.12
20,471.31
19.5,460.76
19.5,453.09
22,449.13
24.5,445.72
26,434.96
27.5,433.47
28.5,444.72
30,442.17
30.5,445.75
31.5,452.49
31.5,469.26
32,462.14
31.5,459.61
31,455.31
29.5,457.27
26.5,442.54
24,423.37
23,426.83
22,437.82
20.5,470.01
22,470.22
20.5,498.69
20.5,487.43
20,462.81
19,454.79
21,442.15
23,438.32
25.5,439.53
27,424.4
28.5,424.48
30,438.18
32,482.56
32,516.05
33,514.24
33,516.69
32.5,502.91
32.5,513.78
32,505.09
30.5,490.2
29.5,470.29
28,453.08
28,449.1
27,453.62
27,477.81
23.5,477.88
22,518.68
23,513.78
21,492.87
21,480.33
21,466.95
24.5,463.1
29.5,461.29
31,452.72
32,457
33,473.14
33.5,509.53
34,542.67
34.5,537.65
35,540.18
35,524.27
34.5,521.92
33.5,521.82
33,522.03
30,500.94
28.5,469.52
28,462.6
27.5,464.08
27,492.43
26,491.15
25,520.27
24.5,512.16
24,488.86
24,474.39
24,469.05
26,458.45
27.5,451.73
29.5,446.84
31,453.09
32.5,473.19
33.5,507.92
35,545.95
35,543.48
34.5,540.75
36,521.46
35.5,526.95
34.5,523.05
32.5,517.76
28.5,502.67
27.5,475.52
26.5,470.19
25,464.39
23,483.82
23,482.58
22.5,508.48
21,492.77
20,468.47
19.5,466.47
18.5,454.72
21,455.46
25.5,456.08
27.5,440
28.5,445.33
29.5,466.29
31.5,503.46
32.5,525.7
33.5,530.64
34,530.58
34,513.27
33.5,522.03
32.5,505.96
30.5,505.08
28,487
25,466.33
24.5,454.89
23.5,451.58
22.5,481.97
22,480.99
22.5,501.7
21.5,492.93
21,485.51
20.5,477.72
19,468.96
22.5,460.74
27,457.11
29.5,446.48
31,450.81
31.5,469.01
33,515.32
34,532.03
36,526.04
35.5,540.16
36,521.19
36.5,515.27
35,508.53
33.5,509.81
30.5,498.96
30,473.29
29,455.43
29,465.22
28,496.4
26.5,500.73
25,530.36
24.5,520.48
25,493.2
24.5,483.48
25,472.14
26,469.95
28.5,475
30.5,463.34
33.5,466.45
35,478.97
36.5,501.69
37,528.3
38,539.89
38,538.03
37.5,513.49
38,526.7
36.5,524.91
34.5,514.67
32,497.06
30.5,468.59
30,463.87
28.5,457.18
26.5,489.32
25.5,490.76
25,526.1
25,516.32
25,492.39
21.5,485.86
21,474.11
23.5,465.1
26.5,461.98
29.5,444.55
31.5,439.51
33,446.87
32.5,463.9
33.5,480.58
35,492.17
34.5,489.71
34,471.44
34,476.47
33,477.4
30.5,465.61
28,443.44
26.5,422.92
24.5,414.46
23,421.5
22,451.26
21.5,451.03
21,478.65
21,474.32
20,443.36
20,431.58
20,426.56
20,423.86
21.5,422.86
23.5,406.74
24.5,410.34
26,440.59
27.5,491.87
27.5,523.44
29,528.12
30,524.73
29,510.78
28.5,514.02
27.5,515.61
26,503.13
24,482.48
21.5,459.93
19.5,446.07
18.5,452.79
18,469.45
17,468.13
16,492.66
15.5,492.73
15,468.44
14.5,455.65
15.5,445.67
17.5,446.47
19.5,443.96
20.5,433.16
22.5,435.65
24,452.16
25,489.39
25.5,512.06
25,513.54
26.5,515.46
27,435.29
26,248.31
26.5,450.15
25.5,476.73
23.5,487.62
22,466.64
20.5,459.93
19.5,460.66
18.5,482.56
18,471.01
17,489.49
17.5,486.49
17,465.79
16,457.77
16,454.12
19,455.93
21.5,453.94
23,441.6
24.5,444.62
26,466
27,507.65
28,522
29,529.67
29.5,521.71
29,501.03
29.5,509.23
29,510.25
28,499.39
26.5,486.87
25,468.72
23,465.42
21.5,462.24
21,486.48
20.5,488.66
20,522.21
19.5,516.84
19,489.49
18.5,477.21
18.5,469.89
20.5,463.23
22,460.52
24.5,454.41
26.5,448.33
28,458.66
28.5,494.52
29.5,520.65
30,526.15
30.5,516.52
30.5,492.39
30,495.96
29,505.14
27.5,496.88
25,478.99
23.5,457.66
22.5,447.99
20.5,449.86
20,477.31
20,475.56
19.5,516.3
18.5,514.26
16.5,491.26
16,480.95
17.5,471.91
21,462.12
23.5,467.58
25.5,459.24
26.5,453.56
28.5,475.38
29,524.05
30,545.04
30,543.03
30,552.25
30,520.37
30.5,522.2
30,534.85
29,530.53
27,512.92
24,475.14
23,465.36
22,460.67
22,479.82
22.5,478.36
22,521.58
21.5,524.58
21.5,494.93
22,488.8
21,474.52
23,457.3
26.5,462.53
27.5,452.64
29,453.47
30.5,464.95
32,495.42
32.5,527.19
33.5,524.35
33.5,530.88
34.5,523.68
33,519.8
33.5,506.72
32,493.37
30.5,485.94
28,461.99
27,453.07
26.5,446.76
25.5,465.42
26,467.43
26.5,515.59
27,517.53
26,499.54
24,456.13
23.5,466.44
25.5,459.6
27.5,457.78
30,449.18
33,452.19
34.5,464.99
36.5,469.45
37,474.86
37.5,493.67
38,502.72
38,483.14
37.5,478.27
36.5,481.35
35.5,471.73
33.5,456.71
32,441.12
31,441.97
31,443.72
30,465.17
30,473.4
29.5,507.86
27,496.03
26.5,464.33
28.5,448.65
28,445.86
28,442.71
30.5,432.65
33,430.95
34.5,438.84
35.5,473.24
37,519.06
37,522.67
38,549.09
38.5,560.84
38,538.28
37.5,543.66
37,551.56
35.5,538.33
32,515.28
29.5,497.31
28,486.42
26,486.29
26.5,488.58
25.5,491.03
24,535.56
23.5,547.33
22.5,514.93
22,498.71
22,492.9
27,488.58
28.5,484.52
26,475.73
29.5,469.61
32.5,494.02
33,548.32
34,572.86
34,568.32
34,566.72
34,538.79
34,548.56
33,557.19
31.5,543.47
29,534.68
26.5,495.65
24.5,470.15
24,475.22
23.5,494.58
23,496.83
22.5,536.89
22,538.76
21,493.52
21,477.12
21,471.35
23,469.66
26.5,466.36
28,473.05
29.5,456.48
31.5,480.66
32,531.76
33,550.01
34,546
34.5,557.55
34.5,555.34
34.5,542.16
33,545.83
32.5,543.57
30,541.73
28.5,491.23
26,473.03
26,472.89
26,502.11
25.5,495.72
24,530.76
23,518.98
22,494.48
22,483.18
22,487.73
24,474.66
27,472.94
29,467.84
30.5,477.07
32,492.95
33,531.29
33.5,551.87
34,564.71
34.5,567.74
34.5,542.07
34.5,532.26
34,534.18
32.5,549.68
30,543.42
27,510.26
26.5,499.28
26,490.85
25.5,507.08
24.5,512.46
24,533.56
22.5,525.71
23,507.59
23.5,488.61
23.5,480.93
25.5,455.15
26.5,478.44
29,472.21
30,476.08
31.5,502.11
32,539.02
32.5,570.35
34,585
33.5,588.02
33.5,565.75
33,569.77
33.5,581.21
31.5,573.85
30.5,565.77
30,522.85
29,500.08
27.5,486.69
26.5,506.02
25.5,510.36
25,545.05
24,548.51
24.5,521.06
23,502.61
24,493.93
26.5,486.79
28,460.25
29.5,468.52
31,469.25
32,496.06
33,533.8
34,547.12
34.5,568.51
35,570.24
34.5,563.74
34.5,561.06
34.5,557.63
33,548.52
31.5,518.37
28.5,481.07
27,468.68
26,466.16
25,483.12
23.5,485.03
23,523.93
23,521.95
23,497.19
20.5,485.82
19.5,477.84
22,463.42
24.5,462.87
27,451.44
28.5,445.09
30.5,457.45
32,464.09
33,480.78
32.5,499.91
33.5,493.11
33.5,488.21
33,490.38
33,492.38
31.5,483.05
29.5,467.71
27.5,441.63
26.5,436.45
25.5,444.97
24.5,467.66
23.5,467.5
23,499.59
22,498.83
22,481.08
21.5,463.12
22,452.51
24.5,448.54
26.5,445.71
28.5,433.22
30.5,439.13
32,466.73
33,523.87
33.5,537.81
34,545.62
35,547.61
34,530.09
34,538.85
33.5,535.25
32.5,530.79
30.5,525.96
29,492.83
27.5,438.28
26,483.54
25.5,507.34
25,511.2
23.5,536.74
22.5,530.83
23,508.18
23,494.63
22,485.14
25.5,481.82
29.5,475.19
30.5,460.39
32,468.08
33,484.66
34,546.8
34.5,570.67
34.5,576.17
34.5,572.64
35.5,556.54
35,560.59
35,559.22
33.5,561.19
31.5,545.27
29,508.51
27.5,482.59
27,484.04
25.5,497.68
24.5,495.17
23,535.66
22,526.89
21,507.61
20.5,497.03
20,484.62
20.5,479.25
21.5,476.73
23.5,470.02
25.5,470.27
26.5,488.67
28,533.53
29.5,551.38
29.5,550.51
30.5,547.75
30,527.11
29.5,544.75
28.5,542.33
27.5,532.2
24.5,522.88
22.5,478.85
21,474.22
20.5,470.83
19.5,488.26
19,484.84
18,526.09
17,530.97
16.5,498.73
17,495.62
17,488.17
18,477.9
18.5,478.37
17.5,461.16
19,461.54
19.5,484.75
21.5,516.07
23.5,533.44
24.5,548.31
25.5,551.92
27.5,525.27
22.5,519.13
20.5,533.55
18.5,512.52
18,498.53
17.5,476.24
16,463.06
17,462.56
18,484.26
17,482.44
16,516.19
16,517.89
16,489.75
16,493
16.5,481.17
19,472
21,478.32
22.5,461.01
24,460.44
25,484.56
26.5,478.68
27,530.33
28,537.11
28.5,542.33
29,516.92
29,529.71
28.5,534.12
28,522.25
26.5,506.04
25.5,454.34
24,472.92
23,467.3
22,492.94
21,497.49
20,525.23
20,526.01
18,503.14
18,488.07
18,488.28
19.5,481.52
20,475.93
24,466.84
25.5,458.71
26.5,470.71
27.5,503.16
27.5,522.59
29.5,535.15
29,536.25
28.5,518.61
29,518.74
29,513.46
27,501.74
25.5,488.15
23.5,467.12
22,457.39
21.5,457.78
20,473.85
19,473.43
18.5,511.93
18,508.94
17.5,491.16
16.5,484.42
16,478.58
18.5,453.76
21.5,469.17
23.5,455.78
26,445.77
27.5,454.56
29,470.27
30,483.49
31,491.7
30.5,488.53
30.5,479.99
31,486.02
31,483.55
30,480.91
28,471.27
26,450.88
24.5,444.56
23.5,441.81
22,467.36
21,472.69
20,509.97
19.5,506.84
19,480.79
18,465.05
19,455.13
19.5,445.43
22,451.77
24.5,440.97
26.5,439.74
28,468.45
29,510.51
29.5,543.8
31,554.67
30.5,556.52
31,540.18
31.5,551.93
31,541.18
30,538.27
28,533.53
25.5,499.75
24,482.03
23,476.65
22,496.76
20.5,500.14
18.5,526.19
18,519.16
17.5,491.94
16.5,484.81
17,482.81
18.5,481.43
20.5,479.64
21.5,465.72
23.5,469.39
25.5,500.94
28,538.01
29,553.51
30.5,562.15
30.5,568.76
31.5,549.98
31,558.62
31,556.14
30,538.59
28,536.76
25.5,513.9
24.5,498.85
23,484.94
21.5,504.94
21,506.89
21,538.04
20,525.88
19,508.4
18.5,485.45
19,479.26
21.5,478.4
24,467.83
25.5,460.58
27.5,469.9
29.5,496.33
30,532.69
30.5,554.76
31.5,566.28
32,567.63
33,550.53
32.5,562.33
32,558.79
31,554.06
29.5,527.8
28,490.38
27,474.18
25,470.04
25,489.6
24,490.79
22.5,521.8
24,526.06
22,497.79
20,492.61
20.5,482.88
22.5,473.31
25.5,478.16
27,461.81
28,461.33
29.5,489.69
31.5,534.91
32,562.85
33,563.21
33,565.16
33.5,545.36
33.5,554.42
33,557.38
31.5,554.29
29,535.08
27.5,487.21
26.5,472.83
26,463.1
24.5,479.34
23.5,484.16
23,525
22.5,509.23
22,497.02
21,483.79
21.5,474.36
25,468.12
28,473.49
29.5,455.71
31.5,454.1
33.5,471.77
34,524.63
34.5,554.65
36,552.59
36,557.47
35,526.79
36,535.49
35,546.3
34.5,528.69
31,519.6
29,491.48
27.5,476.95
28.5,461.44
27,481.23
27,481.45
26,514.31
25.5,514.28
25.5,494.88
25,496.7
25,489.87
27,483.35
29.5,479.25
31.5,473.02
33,475.17
34,492.29
35.5,532.23
35.5,554.6
36,566.45
36,572.29
36.5,557.3
36.5,554.18
35.5,557.21
34.5,545.08
31.5,508.57
30,475.86
29,471.19
29,465.98
27.5,483.87
26.5,486.97
26,527.13
25.5,518.63
26,500.16
25,491.74
24,479.44
27.5,472.57
29.5,471.94
32,456.87
33.5,455.47
35.5,470.5
36.5,484.85
36.5,493.9
37,504.51
38,495.36
38,476.84
37.5,483.87
37.5,496.28
36.5,485.31
34,467.98
31,445.25
29.5,441.51
29.5,440.18
28.5,456.62
27,462.38
26,497.58
26,496.99
25.5,476.87
26.5,463.54
26,459.7
28.5,449.16
31,450.06
32.5,442.54
34,451.3
35.5,479.42
37,535.27
37,556.8
38,568.87
38,575.7
38,562.2
38.5,567.38
37,568.26
36.5,552.28
34,534.34
31.5,503.41
30.5,495.21
29,481.51
28.5,504.71
28.5,509.81
27.5,541.28
26.5,538.05
26.5,516.79
26,505.58
26.5,493.33
28.5,485.22
31,484.58
32,468.2
34,478.08
35.5,499.72
37,546.32
37,576.66
38,586.74
38,592.77
39,570.64
38,583.37
37.5,588.96
36.5,566.04
34.5,535.46
32.5,516.09
29.5,504.38
29.5,494.6
28,511.14
27,518.81
26,544.14
26,547.29
26,521.42
24.5,512.13
23.5,500.73
25.5,492.05
29.5,487.52
31,478.32
32.5,480.7
34.5,506.69
35.5,549.42
36,554.22
36.5,567.37
37.5,561.81
37,552.27
36.5,566.79
36,573.41
34.5,565.96
32,550.15
30.5,508.91
28,490.93
27.5,486.85
28,505.39
27.5,509.45
25.5,546.3
26,545.53
24.5,518.63
24.5,506.57
25,480.48
25,482.33
28,479.32
30,472.61
31.5,480.1
34.5,504.43
36,547.22
36.5,565.78
37,579.46
37.5,584.2
37.5,569.57
37.5,581.32
37,585.72
35.5,568.98
32.5,559.29
30,516.02
28.5,506.53
26.5,491.01
25.5,506.79
23.5,513.42
22,546.33
21.5,538.91
20.5,516.5
19.5,501.12
20.5,496.08
22,487.71
24.5,483.02
26.5,465.95
28.5,462.88
30.5,490.62
32.5,535.77
33,554.56
34,569.06
34,566.4
34,543.72
34,543.36
33,558.61
33,556.03
31,535.7
29.5,516.62
27.5,493.32
26,486.46
26,506.58
25.5,507.1
25,534.3
24.5,529.89
24.5,511
22,504.8
21,495.34
24.5,485.06
27.5,480.21
29.5,469
31.5,479.55
33,500.71
33.5,532.23
35.5,553.72
36.5,562.53
37,572.26
37,568.32
36.5,566.74
36,554.71
35.5,537.18
32.5,528.26
30,502.43
28.5,486.85
27.5,481.82
26.5,504.81
27,509.92
26.5,538.76
27.5,541.06
26,517.04
23,500.49
25,491.96
26.5,482.05
31,479.03
32,474.1
34.5,470.23
36,476.72
37,478.81
37,490.63
37.5,513.47
38.5,520.24
39,500.06
39,509.98
38.5,512.12
37.5,507.75
35,484.45
32.5,468.5
32,466.86
30.5,467.77
28.5,492.44
28.5,497.39
29,521.43
28,519.09
27,505.2
26.5,488.03
26,475.93
28,471.19
30.5,472.92
33,458.62
34.5,462.49
36.5,484.42
37.5,530.5
39,556.56
39.5,569.7
40,583.26
40.5,574.16
40,578.34
39.5,581.54
38,573.63
35,562.5
33,517.14
32.5,510.4
31.5,512.07
30.5,521.03
30,519.91
27.5,552.18
28,545.18
27,527.87
27.5,508.87
28,500.1
30,496.97
33,497.85
34.5,487.37
36.5,487.16
37.5,511.81
38.5,557.01
40,582.05
40,597.81
40,597.87
40,581.91
40,593.38
39.5,592.45
38.5,588.71
35.5,578.96
33,533.08
31.5,511.69
30.5,503.91
30,519.35
29.5,519.09
29,544.83
28,547.87
28,531.52
28,520.15
27.5,508.8
29,504.17
31.5,496.95
33.5,488.8
35,481.81
36.5,524.16
37,564.91
37,580.99
38.5,593.09
38,601.51
38,577.77
38,596.07
37.5,603.27
36.5,598.56
34,583.72
32.5,532.09
30,509.75
29.5,496
29,516.53
29,520.6
28,549.41
28,549.07
27,522.88
26,507.78
26.5,494.11
27.5,487.13
29,496.21
30,489.48
31.5,495.05
32,520.72
33.5,567.25
34,590.28
35,603.14
35.5,600.46
36,578.38
35.5,587.42
35,588.06
34.5,584.6
32,555.72
30,517.92
30,512.27
28.5,502.67
27.5,512.96
27,517.61
26,554.77
26,555.83
25.5,527.51
25.5,517.53
25,505.08
26.5,493.34
28.5,501.57
29.5,494.08
31.5,490.2
33,523.69
33.5,565.53
35,584.24
35.5,589.21
36,590.21
35.5,568.55
35.5,564.65
35,570.82
34.5,585.85
32,571.79
30.5,528.61
29,511.46
28,501.01
26.5,521.45
25.5,527.03
26,554.62
25.5,550.32
24,524.3
24,505.15
25,500.6
27,494.7
29,496.69
30,483.75
32,484.09
33.5,509.14
34,544.83
35,568.5
35.5,580.66
35,579.1
36,566.28
35,572.3
35,568.61
34.5,555.01
31.5,534.46
29.5,494.33
27.5,489.01
27,482.15
26,506.64
24.5,496.28
24,541.08
24,540.07
23,518.74
22.5,510.21
23,498.94
25.5,493.14
28,495.7
29.5,485.08
31,478.43
32,488.72
33,498.11
34,515.11
34,517.96
34.5,512.77
34,518.9
35,518.61
34,517.17
33.5,504.47
31.5,483.68
30,458.17
28,459.26
28.5,457.56
27.5,476.32
26.5,477.01
27,517.62
26,516.92
25.5,497.34
24,485.45
24.5,477.82
27,471.89
29.5,467.93
31.5,458.57
32.5,456.21
34,485.5
35,549.93
35.5,579.86
36,577.68
36.5,575.97
36.5,560.27
36.5,571.15
36,577.63
35.5,561.24
32.5,546.43
30,517.94
30,502.42
29,497.2
27.5,515.74
27,510.76
26,545.31
25.5,542.56
25,518.48
25,507.54
25,500.38
27.5,480.38
30,479.47
31.5,475.75
33.5,479.63
35.5,509.19
36,551.35
37,570.81
37,584.76
38,590.57
38,573.18
37.5,582.21
37,580.45
35.5,565.87
33,549.14
32,524.95
30.5,512.99
29.5,498.95
27.5,512.32
27,511.03
27,535.9
27,546.15
26,522.11
26.5,508.8
26,496.99
27.5,490.46
29,485.31
31.5,475.84
34,487.37
36,506.65
36.5,547.84
37,568.27
37,582.2
37.5,576.55
38,552.83
37.5,565.12
37,568.93
36,566.56
33,555
30,531.55
30.5,508.49
30,500.09
29.5,516.63
29,509.27
27.5,539.78
27,549.85
26.5,523.15
26,514.64
25.5,506.79
26.5,500.81
28.5,496.98
30.5,489.86
32.5,488.89
34,513.02
35.5,560.62
36,582.12
37,593.43
37,589.07
37,575.31
37,584.14
37,586.38
36,573.82
33,562.31
32,529.93
31,510.18
31,498.31
29.5,521.06
28.5,522.67
28,551.3
27.5,550.25
27,524.19
26.5,513.38
26,507.7
27.5,501.99
30.5,501.65
32.5,495.86
33.5,502.48
34.5,525.56
35.5,570.65
36.5,590.53
36.5,597.9
37,600.26
37.5,576.44
37,581.33
36,585.15
35,569.93
33,554.86
31.5,532.6
30,504.43
29,500.6
27.5,518.33
27,512.07
27,546.21
26,551.6
26,531.59
25,518.38
25,509.92
27,501.21
29,500.69
30.5,495.49
32,494.75
32.5,514.8
34,558.42
33,581.82
34.5,588.9
35.5,576.26
35,575.18
35,580.71
34,561.41
33,537.49
31.5,521.77
28.5,505.5
28,491.76
27,491.25
27,513.19
25,509.25
25,538.81
24,545.91
24,518.15
24,509
24.5,503.24
25.5,496.59
28,494.15
29.5,485.14
31,490.74
32.5,496.86
33.5,498.55
34.5,509.6
34.5,518.98
35,529.82
34.5,523.95
35,525.15
35,519.1
33.5,514.49
32,502.37
30.5,456.51
29.5,455.49
28.5,460.64
28,491.49
27.5,496.58
26,523.88
25,519.23
25,502.39
25,489.75
24,484.8
26,479.58
28,475.79
31,466.84
32.5,454.93
34.5,481.33
35.5,546.03
36.5,582.07
37.5,585.75
35.5,584.86
36.5,565.61
36.5,584.72
37,572.25
35.5,554.74
33,558.55
31.5,528.88
31,514.17
30,508.39
29,522.9
28,514.27
28,548.12
28,544.13
27.5,513.12
26,506.46
25.5,509.03
27.5,499.28
30,500.19
33,490.43
35,491.05
36.5,518.27
38,564.86
38.5,583.8
39,599.56
40,601.3
40,579.78
40,588.82
40,594.94
38.5,578.06
35,562.42
33,528.36
32.5,512.87
30,504.87
29,517.99
28.5,519.22
29,549.82
28,540.66
27,515.21
27.5,510.93
26.5,504.98
29,495.6
32.5,495.52
34,482.39
36,492.65
37.5,513.43
39.5,562
40.5,591.23
41,598.46
41.5,603.54
41.5,586.25
41,588.29
40,584.67
39,574.28
36,568.95
34.5,525.43
34.5,515.63
32.5,508.95
32.5,522.83
32,519.77
31,554.69
29,552.76
28.5,526.72
29,513.2
26,504.78
28,499.94
32.5,499.86
35,493.73
36.5,502.62
38.5,530.96
39.5,583.87
40.5,605.96
40.5,615.55
41,605.85
40.5,589.42
41,607.78
40,611.11
38.5,601.05
36,591.43
34.5,536.81
33.5,514.3
34,507.25
33.5,526.13
31.5,526.85
30.5,574.18
28.5,563.94
28.5,536.07
28,523.4
28.5,513.51
31.5,502.88
33.5,501.03
35.5,499.99
37.5,505.13
39,532.54
40,588.74
40.5,602.46
41,616.4
41,625.27
41,605.14
41,606.74
40.5,612.23
39,602.16
36,578.36
34,538.59
33.5,518.48
32.5,517.06
33,542.46
33,534.87
31.5,564.14
29,564.01
28,540.48
29,531.06
29.5,512.06
31.5,507.95
33.5,508.72
35.5,478.89
37,490.45
38.5,512.49
40,563.49
40,596.49
40.5,611.1
41,614.29
41.5,599.73
41,594.34
40.5,589.36
39.5,594.46
36,564.01
35.5,527.18
35,518.03
33.5,519.58
34,544.15
32,526.17
31.5,564.55
29,568.55
30,557.26
29,532.45
30,515.28
30.5,509.22
32.5,511.65
34.5,501.86
36.5,495.79
37.5,506.84
39,530.23
39.5,538.37
40,547.07
41,550.42
41,543.57
40.5,551.87
40,548.19
38.5,530.46
35.5,511.93
33.5,487.94
33.5,486.16
32.5,493.07
31.5,522.05
30.5,522.32
30,541.95
28.5,535.13
27,520.48
27,503.16
27,502.75
29.5,491.62
32.5,494.32
34,492.99
35,487.95
36.5,512.98
37.5,567.29
38,602.14
39,617.17
39.5,613.04
39,603.44
39,612.76
38.5,611.51
37,603.84
33,585.04
32,557.44
32,540.28
31.5,541.1
32,560.55
31.5,553.62
31,577.42
29.5,574.04
27.5,557.47
28,545.36
25.5,531.87
29.5,529.88
31.5,533.04
33.5,528.8
35,519.5
36.5,532.49
38,577.41
39,595.14
39.5,613.64
40,621.18
40,608.44
40,613.97
39,619.59
37.5,621.26
34.5,592.17
33.5,554.08
33.5,539.08
32.5,534.94
29.5,552.88
29.5,552.22
29.5,575.33
29.5,568.55
27.5,543.54
27,531.09
26,526.26
28,521.44
31.5,519.26
32.5,509.17
34,505.88
35.5,535.27
36.5,584.06
37,590.6
38,592.12
38.5,601.35
38.5,580.54
39,581.79
38,586.68
36.5,586.38
33,581.46
33.5,540.12
33,527.53
32,528.78
29.5,550.14
28.5,548.18
27.5,568.87
27,566.24
28,551.2
28,525.99
29,506.66
30,503.95
32.5,509.11
34.5,504.86
36,505.19
37.5,527.84
38,581.66
39,599.54
39,627.51
39.5,633.2
40,609.02
39.5,614.24
39.5,621.69
36.5,613.68
34,597.34
33,562.56
33,552.43
32.5,552.73
30.5,563.75
30.5,559.61
30,580.91
30.5,575.2
29.5,553.26
28.5,542.61
27.5,524.38
28,514.9
32,514.48
33.5,508.91
36,506.97
38,532.39
39,581.73
40,606.3
38,620.67
37,619.44
32.5,592.14
35.5,601.01
36.5,604.2
35.5,593.59
32,566.99
33,543.9
32,529.58
31,529.26
30,560.99
29,557.71
29,577.08
28,567.2
28.5,544.31
28,528.79
28.5,520.11
30,504.08
31.5,512.42
32.5,513.78
34,503.97
35,530.17
36,565.52
37,590.26
37.5,589.17
38,598.1
38,586.94
36.5,586.77
35.5,587.96
33.5,574.03
31.5,563.03
29.5,526.36
28,518.73
27,525.52
27,541.22
26,528.59
25.5,567.24
25,563.25
24.5,540.44
24,531.48
23,519.83
25.5,512.46
29.5,504.49
30.5,501.69
32,487.56
32.5,494.25
33.5,502.25
34,514.6
34,526.43
35,532.65
35,523.47
35,536.35
35,539.6
33.5,535.55
31,515.82
30,477.85
28,474.23
27,481.35
26.5,505.19
26.5,513.54
25,534.75
24,536.25
23,514.35
23,502.52
23,498.21
24,487.61
26.5,478.62
29,477.61
30.5,473.46
31.5,498.01
33,549.15
33,577.43
34,580.38
34,585.38
34,571.15
34,577.16
33.5,591.85
32.5,581.37
29.5,552.72
28,513.47
28,514.86
28,513.3
27,523.03
26,521.25
25,554.86
24,552.4
25,529.36
25.5,521.38
24.5,511.57
25,503.42
29,502.54
31,496.74
33,486.54
34.5,518.64
35.5,569.56
35.5,584.48
37,603.06
37,617.1
37.5,602.37
38,590.06
37,589.87
35.5,587.23
32.5,580.09
30.5,548.23
30.5,535.06
29.5,533.27
28.5,548.39
28,538.48
28,569.16
28,570.54
26.5,538.29
25.5,523.06
27.5,531.19
30,535.64
30.5,524.4
32,502.63
33.5,471.85
36,487.4
37,537.53
38.5,565.1
39.5,568.81
39,580.36
39,576.26
39,573.06
38,564.75
36.5,567.11
33.5,558.93
31.5,536.88
31.5,529.99
31,511.85
30,524.34
29,529.54
28.5,561.48
28,568.31
28.5,548.7
28,536.55
28,535.46
27,536.92
30.5,530.27
32.5,518.33
34.5,489.68
36.5,501.67
38,537.54
39,568.63
39,585.66
39,594.13
39.5,582.65
39,593.79
38,588.8
36.5,587.43
33.5,573.5
32,541.52
30.5,521.81
31.5,496.62
31,514.29
30.5,523.02
29,571.22
28,578.61
26.5,551.93
27,539.6
25.5,537.54
28,540.11
31.5,538.91
33.5,521.07
36,492.06
37.5,507.65
38.5,544.66
39,576.43
39.5,595.21
40,594.01
40,576.73
39.5,584.12
39,598.75
37.5,583.95
35,570.46
33,542.17
32.5,532.59
31,501.99
29.5,519.83
29,521.35
28.5,567.91
28,575.51
27,554.91
28,539.62
27,533.44
28,539.99
32,535.21
34.5,512.61
36.5,486.53
38,504.41
39.5,540.77
40,563.44
40,577.2
40,571.67
40,570.88
40,571.77
39,573.66
37,569.08
34.5,565.88
35,528.13
33,517.47
33.5,505.43
31,521.53
31,522.58
29,572.55
27.5,568.69
28,551.3
26.5,537.95
25,534.52
27.5,537.31
30.5,528.73
32.5,506.94
34.5,468.25
36.5,467.87
38,480.65
39,491.51
39.5,504.72
39,511.12
39,512.6
39,528.04
38,536.71
36.5,533.89
33,524.56
32.5,502.24
31,496.68
30.5,480.42
31,494.72
29.5,501.87
28.5,538.43
28,539.69
27,520.66
25.5,503.4
26.5,500.83
27,510.01
31,499.12
32.5,483.37
33.5,465.28
35,485.99
36.5,537.77
37,570.53
38.5,578.26
38.5,582.57
38,563.1
38,574.06
37,587.66
35.5,579.82
32.5,577.06
31.5,541.57
31,524.64
31.5,503.33
29,529.66
28,529.77
27.5,570.43
27.5,566.24
26,551.05
26,533.49
26,529.73
26.5,531.28
29.5,521.15
31.5,509.79
34,490.14
35.5,510.64
36.5,535.17
37,566.75
36,577.11
37,582.67
37,579.59
36.5,583.3
36,586.55
34.5,570.02
32,554.47
32,542.35
29.5,537.37
28.5,500.23
26.5,518.92
26,523.75
25,557.69
25,561.46
24,545
25.5,532.52
24,529.82
26.5,517.97
29.5,510.97
31.5,499.34
32.5,494.14
34.5,508.52
35.5,549.27
36.5,578.28
37,580.53
37,572.28
36.5,573.53
36,582.4
36,584.84
34.5,585.75
31.5,578.97
30,544.36
29.5,534.93
29,511.43
28.5,532.98
28.5,530.49
28.5,557.43
28,562.38
27.5,554.13
27,538.6
26,535.34
27.5,540.9
30,537.64
32.5,518.47
34.5,490.35
35.5,501.85
36.5,547.86
37,580.35
37,588.81
38,586.74
38,570.56
37.5,585.87
37,578.33
35.5,562.16
34.5,566.73
33.5,548.83
32.5,533.49
31,512.17
31.5,528.92
29.5,533.51
28.5,562.2
29,562.05
27.5,541.25
27.5,531.52
27.5,527.47
28.5,529.95
31.5,525.22
33.5,507.1
34.5,491.95
36,511.07
37.5,558.17
38,584.83
39.5,595.42
39,591.16
39,564.73
39,575.32
38,591.46
36.5,586.03
35,576.14
32.5,561.79
31.5,524.27
33.5,508.15
29.5,532.47
30.5,539.31
30,567.97
28,569.06
29,549.87
29,534.3
28,522.27
29.5,528.1
30.5,523.67
32.5,505.49
34,476.71
34.5,489.88
35,532.56
36,551.52
36.5,564.18
37,565.59
37,555.99
37,561.82
36.5,565.26
34.5,564.06
32,555.19
30.5,531.52
29.5,524.11
28,505.11
27,525.57
26,525.33
25.5,549.98
24.5,548.76
24,530.79
23,518.24
23,514.08
25,515.64
27,511.81
29,493.33
30.5,472.85
32.5,475.84
34,485.53
34.5,505.89
35,510.76
36,506.74
36,506.8
36,510.18
34.5,519.75
33,516.43
30.5,510.61
28.5,501.21
28,506.63
28,482.09
28.5,506.19
27,505.46
26,534.81
26,530.75
25,516.65
23.5,493.51
22.5,484.19
27,495.66
30,493.44
30.5,481.27
32.5,464.46
34.5,479.67
35.5,520.21
37,551.91
38,560.44
38,564.35
38,549.04
37,566.44
37,584.4
35,579.69
32,568.83
32,534.92
31.5,516.45
32,499.01
31,522.19
31,522.31
27.5,554.23
28.5,549.04
27.5,532.16
28,523.1
28,520.54
27.5,524.29
31,518.05
32.5,507.09
34.5,486.31
36.5,501.17
37,537.07
38,561.68
38.5,581.93
38,582.83
38,578.96
38,576.8
37,575.17
35,564.01
31.5,555.89
32,525.19
31,521.58
30,499.17
29,524.44
28,528.1
28,557.99
27,555.9
27.5,534.3
26.5,519.94
25.5,514.98
27,514.37
30.5,512.44
32,500.39
33.5,487.08
35,505.39
36,543.21
37,561.67
37.5,567.04
38,577.95
37.5,569.85
37.5,571.16
36.5,582.7
34,579.19
31.5,567.68
31,533.23
29.5,522.56
29,501.85
28.5,526.94
28,527.96
28,553.04
27,556.78
26,535.21
26,526.15
25.5,518.88
25.5,521.04
29,522.21
31.5,508.34
32.5,491.18
34,507.62
35,542.43
36,566.31
36.5,572.64
37,581.9
36.5,580.19
36.5,585.78
35.5,586.4
33.5,576.29
31.5,568.23
28.5,528.6
28.5,517.95
28,497.72
26.5,514.31
27.5,513.98
26.5,554.12
26,549.38
26,534.45
25.5,528.09
25,521.16
25.5,519.35
26.5,520.52
28.5,509.35
30,489.7
32,491.17
33.5,522
34,547.31
35,558.79
35,571.99
35,530.28
35,522.5
34,565.48
32.5,573.09
30.5,551.54
30,524.71
29.5,518.11
30,500.58
28,526.29
29,528.18
27.5,555.98
26.5,555.89
26,537.41
24,529.11
23,521.49
24.5,521.88
28.5,518.12
31,504.42
32.5,483.22
34.5,496.25
35.5,525.5
36,540.96
36.5,543.68
37,563.1
36,563.95
36,571.76
35.5,570.08
33.5,549.8
32,545.66
30.5,526.91
29,517.87
29.5,496.81
29,515.59
28.5,518.52
28,556.22
27,548.77
27,502.27
25,482.32
25.5,492.74
25,506.21
28.5,504.1
30.5,486.43
32.5,464.65
34.5,469.52
36,475.98
36,487
37,504.72
37,517.72
37,522.14
36.5,525.58
36,516.68
34,519.84
31,515.28
28.5,495.6
28.5,496.47
29,483.67
28.5,490.97
27,480.73
25,499.74
25.5,501.8
25,493.48
24.5,483.18
23.5,479.61
23.5,486.25
26,489.34
28.5,474.22
30.5,446.6
32.5,459.99
33.5,497.42
35,518.11
35.5,532.99
36,546.11
36,541.34
35.5,543.47
35.5,547.73
33,542.61
31,534.24
29.5,497.11
27.5,482.95
27.5,471.82
28.5,494.65
26.5,492.39
26.5,523.35
26.5,524.68
24,509.75
24,495.95
23,488
24,490.45
27,484.15
30,472.77
31,457.32
32.5,470.75
35,516.91
36,541.78
36,549.15
36.5,553.9
36,552.34
36,563.84
34.5,565.52
33,559.64
30.5,552.94
29,510.96
28.5,491.4
27,477.38
28,506.22
26,505.04
25,533.1
25,539.58
24,515.92
24.5,508.48
22,500.06
22.5,501.54
26,500.43
28.5,489.39
30.5,458.52
32.5,475.51
33.5,516.82
34,541.04
34.5,553.25
34.5,557.85
33.5,550.82
33.5,559.81
34,563.96
32,563.35
30,537.71
29,504.82
27.5,489.04
26,475.43
26,499.14
25.5,498.76
24.5,537.03
24,535.94
22,515.32
21.5,498.11
21.5,480.06
22.5,485.13
24.5,492.92
26.5,482.65
27.5,452.82
29.5,465.19
32,507.9
32,536.2
33,550.59
33,539.74
33,529.28
33,541.79
32,549.27
30.5,542.49
27.5,531
27,498.39
27,478.74
26.5,466.73
25.5,489.78
24.5,490.8
23.5,528.74
23.5,528.55
22,511.31
22,498.54
22,492.34
23.5,492.7
26.5,487.87
28.5,471.8
30.5,452.68
32.5,465.92
33,492.76
33.5,512.61
34,533.82
34.5,544.73
34,524.82
33.5,531.78
32.5,541.05
30.5,539.75
27.5,529.69
26.5,497.3
26,486.95
25.5,473.3
25,493.5
24.5,489.97
23.5,523.96
23,526.4
22,512.77
22,499.6
21.5,489.14
22.5,494.18
25.5,490.22
27.5,480.23
29.5,451.08
32,456.06
33.5,491.92
34.5,520.82
35,528.72
36,531.64
36,526.96
35.5,538.78
34.5,536
32,528.35
30,520.03
29,493.65
28,479.65
27.5,471.92
26,497.08
26.5,493.85
25.5,519.27
25.5,523.21
24.5,503.93
23.5,495.46
24,490.03
24.5,490.59
27.5,489.56
30.5,466.35
32.5,432.24
34.5,441.88
36.5,467.67
37,475.44
37,493.49
36.5,509.3
37,504.2
37,510.1
36,510.84
33,511.16
29.5,506.02
30,484.07
28,478.34
27,469.63
27,482.88
27,478.68
26,509.61
25.5,510.14
24,493.78
23.5,477.66
22.5,469.53
23.5,472.73
27,464.07
28.5,443.63
30.5,421.2
31.5,443.85
33.5,480.52
35,515.22
35,533.98
35,533.87
35,522.92
35,523.22
34,531.49
31,532.05
29.5,530.85
28.5,497.34
27,479.62
27,466.13
27,490.19
25.5,486.64
24.5,521.24
24,514.53
23.5,498.03
23.5,485.03
21.5,476.84
21.5,481.75
23.5,478.35
26,462.31
27.5,437.51
29.5,453.23
31,486.06
32,508.26
33,525.2
33,531.57
33.5,514.65
34,515.7
33,530.62
31.5,516.54
30,502.14
28.5,480.6
27,468.41
26,460.73
24.5,480.28
23.5,482.04
23,506.98
23,499.68
21.5,475.45
21.5,460.1
21.5,455.64
20.5,458.33
23,448.89
25.5,427.55
28,384.09
29,387.84
30.5,400.43
31.5,418.23
32.5,428.82
33,418.52
33,391.06
32.5,367.68
32,347.06
30,324.96
28,305.8
28.5,295.98
27,289.85
25,297.05
25.5,315.5
25,309.83
24,325.14
24.5,315.89
24,289.07
22.5,267.02
23,251.07
23.5,244.73
27.5,230.97
29,237.92
30,225.71
31.5,236.5
33,240.59
34,242.81
34.5,236.8
34,234.46
34,241.03
34,238.8
33,237.14
31,233.07
29.5,230.15
28.5,222.02
27.5,224.27
28,263.56
28,264.72
26.5,247.24
26,267.98
25,263.18
26,246.77
24.5,234.58
24.5,226.55
25.5,222.41
27.5,226.07
29.5,223.11
31.5,200.42
32.5,207.14
33.5,218.74
35,232.28
35,246.05
36,262.82
35.5,266.9
35,263.43
34,262.94
30.5,261.43
29,252.58
29,248.67
27,252.85
26,280.53
25.5,276.95
25.5,269.5
26,286.76
25,287.7
24.5,272.63
23.5,261.4
21,251.45
23,247.16
26,242.92
30.5,246.41
32,221.28
33,224.4
34,248.71
35,274.1
34.5,290.69
35,308.36
35,305.32
34,304.17
33,304.11
30,297.26
28,315.07
27,323.45
26.5,322.85
25.5,345.65
25.5,346.86
26,347.83
25.5,373.38
25,370.82
24.5,358.96
23,350.55
23,337.5
23.5,336.44
25.5,336.96
29,332.51
30.5,312.04
31.5,317.66
33,327.54
33.5,350.56
34,365.89
34,374.12
34,379.54
33.5,378.19
32.5,369.57
30,370.73
27.5,379.74
27.5,383.87
25.5,390.39
25,418.3
24,416.55
23.5,406.86
23,442.99
21.5,440.46
20.5,420.94
20.5,406.75
19,395.89
19.5,386.72
21.5,382.65
23.5,386.11
25.5,375.53
27,397.91
27.5,449.28
29.5,481.89
30,504.14
30.5,516.92
29.5,499.4
30,511.11
28,513.29
27.5,501.47
26,488.27
24.5,464.88
23.5,453.79
22,478.65
21,477.87
20.5,471.46
20.5,511.11
19,510.46
19,491.17
18.5,478.95
18.5,471.21
18.5,466.87
22,465.11
23.5,461.51
25.5,432.65
27,441.92
28.5,477.83
29.5,503.97
29.5,521.81
31,522.58
30.5,494.37
30,508.93
29.5,509.76
27.5,497.16
26,479.11
24.5,457.43
24,455.48
23.5,480.09
23,469.76
22,454.07
23,497.75
21,501.35
21,480.53
20.5,469.19
20,460.83
20,457.87
24,453.96
26,454.44
27.5,431.02
28.5,449.67
29,482.65
30.5,498.22
31,511.26
31,519.82
31,508.28
30.5,517.53
29.5,513.96
27.5,515.88
27,498.92
25.5,474.33
24.5,465.02
25,488.61
24,475.59
23,465.78
23.5,506.7
23,509.78
22,490.61
23,485.4
22,474.76
21,469.03
23.5,470.88
26,468.09
28.5,441.04
29.5,464.8
31,506.26
32,517.75
32.5,522.42
32.5,529.39
33,523.93
32,530.15
30.5,524.75
28,515.54
26,506.14
24.5,475.03
25,473.53
24,500.21
23.5,488.6
24,474.59
24,512.12
22.5,512.83
23,497.96
22.5,490.77
22,480.52
22,472.77
25.5,471.45
28.5,471.24
29.5,442.59
30.5,465.84
31,504.91
32,513.17
32,530.09
32,541.82
32,516.92
31.5,527.47
29.5,531.28
27,532.81
25.5,512.96
25,476.05
23.5,470.64
23.5,493.71
23,487.64
23,474.23
23,524.16
22.5,523.44
21,499.7
20.5,491.23
20,482.65
20,475.38
21.5,474.27
24.5,471.67
27,447.52
29,458.5
30.5,485.95
30.5,503.7
31,510.67
32.5,524.36
32,504.52
32.5,507.21
31.5,513.3
28.5,503.28
26.5,487.88
25.5,468.88
25.5,467
25.5,481.89
23,469.6
24,462.95
22.5,512.03
21,510.74
20.5,499.35
20,489.06
20,479.47
20.5,472.98
24,471.76
26.5,469.76
28.5,440.24
30,443.32
32,453.86
33,465.69
34,476.93
34,488.25
34,475.98
33,477.48
31.5,482.28
29.5,481.78
28.5,463.7
29,438.98
28,441.68
28,463.21
25.5,456.39
25.5,456.82
25.5,501.64
24.5,498.24
24.5,475.83
22,465.43
21.5,459.32
21.5,455.35
25,455.39
28.5,448.6
30,423.89
32,454.5
33.5,501.53
34,518.59
34,523.62
34,530.62
34,518.15
33,528.84
31.5,531.99
29.5,531.96
27,511.75
26.5,484.58
26,481.32
25,493.98
25.5,487.39
26.5,478.38
22.5,507.79
24.5,511.39
25,490.86
24.5,480.09
25,475.67
25,475.97
27,471.57
30.5,471.55
31.5,446.5
32.5,464.98
33.5,498.12
33.5,522.93
33,541.96
34,543.23
34,522.68
33,530.7
31.5,532.53
29.5,515.47
28,504.76
27.5,475.51
27.5,480.19
27.5,500.29
26,492.72
25.5,484.32
24,526.59
24,516.25
27.5,491.07
24.5,486.93
24.5,482.62
24.5,455.76
26.5,446.12
29,442.01
29.5,426.5
32,441.84
32,482.93
32,501.71
32.5,509.96
32,516.04
31.5,496.11
31,499.29
29.5,505.68
28.5,504.43
27.5,496.51
26,476.69
26,486.82
25,501.15
24.5,495.1
24,486.91
24,510.16
24,508.79
24,482.65
23,457.77
23,453.14
22.5,447.75
22,450.6
21.5,448.91
26,442.48
28.5,463.96
30,499.14
30.5,519.24
31.5,522.83
31,521.92
31.5,505.27
30.5,520.84
29.5,517.53
28.5,499.79
26.5,486.58
26,482.58
25,485.47
26,499.79
25.5,494.71
25,481.42
24.5,512.4
22.5,510.18
24,485.52
23.5,477.45
20.5,470.96
21.5,470.48
24,469.23
28.5,459.86
29,431.21
30.5,452.22
32,495.09
32.5,521.03
33,514.35
33.5,522.85
33,498.36
32.5,519.29
31.5,531.1
29.5,530.6
27.5,518.96
26.5,479.25
25.5,478.19
24.5,495.98
24.5,478.43
26,468.84
26,514.74
25.5,509.48
25,486.52
24.5,474.64
23.5,467.57
21,466.69
25.5,470.14
25,469.99
20.5,443.28
23,449.82
25.5,491.55
22,507.83
19,503.78
18.5,498.27
19.5,481.32
19,488.62
19.5,484.86
20,472.06
20,458.24
18,441.02
17,456.05
16.5,472.32
15.5,466.25
15,454.98
15,504.6
15.5,500.14
15,478.15
15.5,466.66
16,457.88
16,451.03
17.5,456.24
19.5,458.21
21.5,427.3
23.5,431.39
26.5,445.06
27.5,455.82
29,469.06
29,469.11
29,457.79
28,458.86
27,462.57
24.5,458.57
23.5,446.08
22,422.63
22,432.92
21,456.7
21,454.89
21,441.8
21.5,481.37
21.5,475.56
21,461.6
19,455.16
19,448.36
18.5,444.19
21.5,444.39
24.5,442.26
26.5,422.08
28.5,448.63
30,493.38
31,514.16
31,523.31
31.5,518.69
31,493.42
31,509.27
29.5,513.74
26.5,501.8
26,484.21
24.5,456.7
24.5,475.05
24,493.49
25,484.1
23.5,473.46
23,497.57
22,492.16
21.5,468.11
20,466.64
20,461.56
20,462.18
21.5,461.99
24,458.7
25.5,433.92
26,445.87
28,493.68
29,512.38
29,519.8
30.5,524.78
30,499.25
29.5,505.43
28,513.15
25.5,501.01
25,492.78
24,460.74
23,465.56
22,483.22
22,479.65
21.5,466
22,509.33
20.5,501.72
20,474.44
20.5,477.89
19.5,473.3
19.5,470.7
21,469.06
24.5,467.68
27,447.21
28.5,463.9
29.5,497.89
30,515.86
30.5,517.25
31,520.11
31.5,506.62
31,522.76
29.5,510.2
26.5,500.48
25,492.84
24.5,463.12
24,474
23.5,489.21
23.5,475.17
24,457.77
23,499.68
22.5,497.59
21,481.97
21.5,477.79
22,472.7
22,470.79
23.5,472.03
26,466.33
28.5,449.34
29.5,461.59
31,496.3
31,506.41
31,509.82
31.5,510.51
32,497.02
31,512.63
29.5,504.18
28.5,490.64
27,484.41
26.5,466.26
26,479.23
25.5,462.48
24,423.09
22.5,422.76
23,473
21,481.69
21,453.12
20,452.65
19,440.64
17,425.58
17.5,417.66
19.5,414.94
21.5,401.32
23,420.05
24,458.73
25.5,477.1
26.5,483.97
27.5,485.52
27.5,461.73
27.5,481.39
26,474.81
23.5,467.82
23.5,461.29
22,440.05
21,449.85
20,463.6
20.5,451
20.5,436.18
19.5,483.1
19,484.44
18,454.22
18.5,441.97
18,434.23
18,426.42
19,428.33
20.5,425.3
21.5,412.04
23,425.53
24.5,463.26
26.5,475.44
27.5,484.48
27,493.92
26,478.73
17,482.8
19,469.02
18.5,456.45
14.5,437.66
16,420.71
17,434.53
16.5,436.77
15,427.29
16.5,425.5
17.5,465.69
17,472.68
17,458.22
16,441.06
16.5,430.05
16,426.89
17,430.05
17,426.89
16.5,404.36
17.5,396.67
19,417.02
19.5,435.05
20.5,441.13
20,429.96
20.5,415.81
20,425.43
19.5,433.88
18,434.76
17,421.45
17,398.06
17,424.95
16,447.14
16,441.32
16,433.33
16,466.8
15.5,463.27
15,438.89
15,423.27
15,412.43
15,418.82
17,421.47
18,420.77
20.5,404.1
23,417.1
24.5,449.68
25,471.28
26,479.15
25,475.07
25,454.13
24,464.67
22,474.34
21.5,473.75
22,447.68
21,424.38
21,444.66
20.5,446.25
20,444.52
19,440.22
18.5,469.55
17.5,462.8
16.5,450.26
16,445.25
16,438.38
15,433.45
16.5,431.43
19,432.69
21,418.63
22,422.19
22,452.12
23.5,467.54
24,476.28
24,475.8
25,444.61
24,452.51
23.5,459.76
21.5,460.4
20.5,458.38
19.5,427.79
17.5,443.09
17.5,450.03
17,436.62
16.5,426.09
16.5,475.92
16,467.09
14.5,448.67
14,439.66
14.5,437.27
14.5,433.62
15.5,427.14
17.5,435.32
19.5,421.47
20.5,437.91
21.5,461.79
22,473.18
22.5,482.78
22.5,484.86
22.5,461.65
22.5,474.75
20.5,477.89
19,478.81
18.5,470.99
18.5,436.95
18,450.57
19,453.77
17,444.8
14.5,441.39
14.5,478.31
15,465.69
14.5,432.63
13.5,426.46
14,424.37
14.5,425.74
17,431.71
18.5,430.63
19,418.9
21.5,429.78
22.5,463.19
24,479.31
24.5,485.13
24.5,474.19
23,449.97
23,457.28
22.5,456.74
20.5,455.09
19,448.31
19,427.57
19.5,450.9
18.5,451.22
18.5,438.64
19,437.72
19,480.55
18,477.16
16.5,452.84
16.5,446.72
16,436.65
16,435.62
16.5,436.24
19.5,432.89
21.5,333.99
22.5,330.74
24,446.16
24,477.29
22.5,484.95
20.5,491.27
19.5,463.07
19.5,465.03
19,464.97
18,460.85
17.5,452.9
16.5,427.91
15.5,449.39
14,454.25
13.5,443.71
13.5,431.19
13.5,479.55
13,479.66
12,451.73
12.5,439
12.5,434.36
13,428.8
13,429.83
16,429.78
18,421.82
19,426.65
19.5,462.98
21.5,486.02
20.5,495.74
21,492.17
21,485.6
20.5,483.97
18,475.48
15.5,467.45
14,457.17
14,415.57
14,445.47
14.5,450.73
13.5,441.58
13,433.74
12,479.08
12,476.36
11.5,454.94
11.5,444.19
11,441.57
11,440.35
13,439.67
14.5,440.26
15.5,411.24
17.5,397.32
18.5,404.23
18.5,427.59
19.5,436.24
19.5,433.59
20,424.58
19.5,435.07
18.5,422.98
16.5,422.4
16,414.56
15.5,386.7
15,413.17
15,415
15,429.89
14.5,428.87
14,471.8
14,467.48
14,439.82
13,428.62
12.5,423.64
11.5,414.53
11.5,412.1
13.5,415.42
15.5,405.7
16.5,417.51
18,451.42
18.5,479.41
20.5,480.54
20,473.72
20,452.15
20,465.94
18.5,463.24
16.5,452.1
16,432.56
15.5,420.8
14.5,450.75
14.5,444.64
14.5,435.42
13,428.59
12,479.39
11.5,475.74
11,447.87
11.5,439.43
11,436.2
12,434.83
13.5,435.98
15.5,438.03
17.5,425.95
18,429.58
19,453.71
20.5,469.51
20,487.04
19.5,486.01
19,463.52
18.5,475.82
18,478.29
17,463
16,448.7
16,430.11
16,449.84
15.5,455.45
14,451.24
14.5,440.36
13.5,479.48
13,480.45
12.5,459.04
13,453.74
13,446.5
11.5,442.24
14.5,443.63
15.5,442.36
16.5,426.61
17.5,438.33
19,472.44
19.5,490.74
21.5,500.95
21.5,496.96
20,466.47
20,472.19
20,460.27
19,456.34
19,433.87
18.5,431.72
16.5,459.68
16,459.47
16,444.93
16,437.17
16,476.89
15.5,473.71
15,456.71
15.5,449.05
15.5,441.19
13.5,435.21
13.5,432.24
15.5,432.96
16.5,431.08
19,436.57
21.5,465.55
22,479.58
23.5,489.84
23.5,487.86
22.5,455.77
21.5,470.65
20.5,462.23
19,445.36
19.5,435.56
19,428.59
18,451.88
17,416.26
16,396.61
16,363.86
16,364.61
16.5,414.52
13.5,423.44
15,401.47
15,386.14
16,406
16.5,408.78
16.5,408.78
16.5,391.7
18,407.57
19,441.67
19,456.33
19,462.15
19,464.15
17.5,442.81
17,460.35
17,468.72
16.5,464.16
16.5,458.17
16,446.36
17,438.14
17,435.86
16,432.79
16,429.78
15.5,473.46
15.5,476.42
15,458.37
15,447.75
14,436.47
14,428.44
14,429.77
15.5,429.23
17.5,409.1
19,411.53
21.5,449.4
22.5,473.19
23,490.33
22.5,481.17
22,451.33
21,432.48
20,435.28
19,428.53
19,423.02
18.5,421.34
18,447.71
18,443.13
18,434.23
17,432.4
16.5,475.39
16,469.16
15,453.36
15,440.34
15,436.66
15.5,430.04
16.5,427.1
17.5,424.57
19.5,397.43
20.5,387.69
22,382.24
22,378.52
23,386.38
23,386.65
23,378.08
22,383.81
20.5,381.86
20,377.59
19.5,369.58
19,373.42
18.5,416.16
19,419.82
18.5,419.87
18,410.8
16,446.57
17.5,445.81
16.5,425.99
16.5,413.71
16.5,406.9
15.5,400.89
15,393.92
17.5,394.02
19.5,396.74
21.5,405.73
23,427.88
23.5,436.76
24,447.73
24,446.31
24,428.95
23.5,430.23
20.5,431.65
19.5,420.02
19,419.07
19.5,419.1
20,450.87
19.5,437.23
19,424.65
17.5,417.5
17.5,449.59
17,449.99
16.5,428.84
15,427.12
14,417.32
13.5,410.98
16,408.64
21,401.76
23,393.44
23,405.74
24.5,431.5
25.5,444.91
26.5,453.56
27,455.73
26.5,429.35
25,439.85
22,437.52
20.5,444.37
21.5,433.61
19.5,419.72
19.5,436.43
18.5,427.45
20,420.16
19,416.17
16.5,456.98
16,460.47
17,439.84
17,429.11
15.5,422.88
15,417.73
17,415.98
20.5,419.17
23,400.94
24,405.43
27.5,436.7
28,448.62
29,467.33
29,458.71
29,431.48
28,440
26,440.38
25,442.25
24,422.26
23.5,418.95
22.5,439.32
22.5,430.15
23,420.59
22,414.68
21,457.15
21.5,463.39
20,447.45
21,438.68
21,430.21
21.5,425.41
22,424.73
23,427.17
23,418.13
23,428.17
25.5,452.75
26,464.47
27,476.84
25,461.77
24,432.68
23,443.09
22,443.14
20.5,448.43
20.5,446.79
18.5,426.24
19,443.98
18.5,442.17
19,440.76
18.5,433.71
18,476.7
14.5,474.58
15,455.51
15.5,447.02
14.5,438.64
14.5,429.97
15.5,431.9
18,434.46
20,419.75
22,421.58
22.5,446.4
24,467.47
25,475.5
24,468.83
24,428.32
24,447.43
22,457.68
21,453.38
19,435.25
18,423.11
18,442.83
17,439.28
18,435.66
17.5,429.72
17.5,473.8
17.5,472.26
17,451.84
16.5,436.44
15,433.19
13.5,424.88
16.5,424.75
18.5,424.66
21,412.38
22,422.34
23.5,445.49
24,456.29
24,468.55
24,473.9
24,449.33
23.5,447.23
21,441.84
19,433.16
18.5,426.46
18,424.4
17,445.65
16,438.68
16,431.19
15,427.76
15.5,470.49
16,464.45
16,447.17
16,441.34
16,433.76
14.5,425.96
14.5,422.21
16.5,415.83
18.5,394.73
22,386.1
24,381.41
24,393.72
24.5,392.6
25,402.51
25,400.2
23.5,401.06
20.5,391.34
19,386.93
19,379.11
19,386.8
19,424.13
18.5,421.92
18.5,418.33
17.5,415.14
17,451.59
17,444.78
17,425.69
16.5,416.69
17,411.54
15.5,406.04
15.5,405.56
16,407.98
20,391.15
21,401.88
22,433.59
22.5,454.58
22,459.91
22.5,461.93
22,434.86
22,440.56
19.5,436.3
18.5,436.55
17.5,428.58
18,424.99
17,449.56
16.5,440.4
17,434.12
16,427.08
16.5,451.15
15,447.59
14.5,432.98
16,422.66
14,411.95
13.5,408.97
15,411.59
18,418.51
20.5,412.17
21,414.52
23,442.03
23,456.13
23.5,475.46
24,469.76
23.5,435.5
22.5,454.02
20.5,460.11
19.5,453.39
18.5,435.19
18.5,442.86
18.5,458.83
18,452.12
17,441.15
16,433.22
16,464.2
16.5,451.4
16.5,438.62
15,436.18
15,428.4
15.5,423.05
16.5,425.2
19.5,426.41
21,411.6
22.5,422.36
23,445.03
24,453.43
24.5,463.57
24.5,463.6
24.5,441.26
23,450.79
20.5,452.24
19.5,450.83
18,444.46
19,440.63
18,454.22
16.5,446.18
16.5,438.07
16.5,430.76
17,460.2
16.5,463.54
17,444.12
16.5,436.72
15,426.16
16.5,424.05
17,423.03
18,423.95
20,421.27
21,423.06
23.5,455.97
24,464.27
25,482.12
24,484.58
23,459.15
23,464.64
20.5,471.25
18.5,462.4
18,447.6
17.5,450
17.5,466.21
17,458.89
17,447.34
16,439.04
16,468.82
15.5,464.61
15,449.59
15,442.32
14,432.16
14.5,429.52
15.5,430.55
16.5,426.2
18.5,417.66
19.5,430.07
20.5,460.36
21,477.93
21,470.57
20,483.89
20.5,456.23
20.5,466.91
19,477.46
18.5,480.04
17,463.11
15.5,463.01
13,467.47
13,456.19
12,446.07
11.5,439.53
11.5,469.81
10,461.35
9.5,454
9,443.7
8.5,436.98
8.5,434.56
9.5,429.97
11.5,430.99
13.5,429.12
14.5,426.28
16,458.83
17,477.1
18,490.19
18,484.94
18,465.56
17.5,480
15.5,467.62
13,457.84
12,450.05
11,435.77
11,458.2
10.5,453.36
10,447.9
10,441.35
9.5,477.92
8.5,475.79
7.5,458.44
7.5,446.03
8,428.53
7,422.78
8,420.55
10.5,413.96
12.5,404.48
14.5,418.54
15.5,423.7
16,432.54
16.5,443.74
17,437.03
17,431.02
16,435.87
13.5,433.24
11.5,419.69
13,437.33
11.5,461.66
9.5,451.94
9,441.77
9,433.29
8,426.01
7,455.84
6,442.72
6,430.05
6,424.68
6,421.79
5,415.84
7,417.6
11,420.3
12.5,416.91
14.5,436.1
16.5,461.7
17.5,472.5
18,498.37
19,483.92
18.5,455.74
17.5,463.85
13.5,457.35
12,454.8
11,472.15
12.5,481.67
12,474.73
11,463.28
11.5,454
10.5,448.48
9.5,478.53
10,470.53
8,454.07
6,443.57
5.5,440.98
6.5,435.96
8,442.72
10.5,445.8
12.5,433.19
15,451.6
17,479.42
18.5,487.92
19.5,498.2
19.5,486.15
19,458.03
18.5,471.99
15.5,474.64
13,481.88
13.5,492.94
12,494.85
11,477.51
11,467.47
11,461.87
9,450.16
8.5,490.7
8.5,483.94
8,452.24
7,444.7
7.5,442.77
8,432.98
9.5,439.57
11.5,441.46
13,440.29
15.5,455.6
18,481.45
19,484.09
20,488.23
20,482.72
20,459.45
18.5,473
15.5,471.3
16,474.74
15.5,486.24
15,493.08
14.5,484.07
13,476.18
13,467.96
13,459.05
12,482.8
11.5,472.74
12,451.95
10.5,451.52
9,447.31
8,443.72
9,449.21
12,449.54
13.5,433.48
15.5,446.84
17,475.88
19,485.67
20,492.94
20,483.92
20,454.51
19.5,468.56
16,469.12
13.5,472.62
13,494.83
13,501.18
12.5,488.76
13,473.97
12.5,465.48
12,455.74
12,485.12
11,474.49
9.5,455.8
12,450.05
11.5,447.05
12,442.79
10,442.34
14,445.81
16,434.71
18.5,460.97
19.5,485.55
20.5,509.26
22,507.23
22,481.37
22,459.51
21,475.86
17,476.59
15.5,485.36
14.5,495.42
15,495.54
14,477.22
14.5,467.93
15,464.26
13.5,458.13
12.5,483.07
13.5,477.55
11.5,453.67
12,450.59
12.5,446.9
12.5,441.62
11.5,438.3
14.5,442.91
18,434.29
19.5,459.66
21,486.22
22,487.67
22.5,496.47
23,496.99
23,470.33
21.5,466.62
18,464.43
18,466.93
18,484.43
16,477.61
16.5,467.53
16.5,457.9
15.5,453.06
16.5,450.17
16.5,494.45
15.5,490.8
13,467.95
12.5,452.73
13,443.16
14,441.43
14,439.2
16,437.76
18,419.13
19,425.86
20,443.98
21,451.07
21,457.8
21,457.41
21,437.21
19.5,438.53
16.5,440.2
15,440.67
15,455.31
15,464.93
14,451.15
14,448.26
14.5,445.16
13.5,442.88
14,482.28
14,471.09
12.5,444.45
11.5,430.69
12,422.67
10.5,422.38
10.5,421.9
13,414.24
15.5,410.46
17.5,437.6
18.5,466.77
20,482.5
20.5,483.53
21,478.42
20,455.68
19.5,463.44
18,456.53
16,453.11
16,477.42
15,479.31
16,463.02
15,458.65
14,452.3
13,453.25
11,489.46
11,472
11,456.54
10,449.93
10.5,445.45
10.5,443.62
10,445.33
14,430.56
16.5,417
19.5,450.49
20.5,476.95
21,475.08
21.5,482.78
22,473.92
21.5,447.17
20,466.54
17.5,470.65
17,474.56
16,496.44
15.5,500.13
15,489.97
15,484.14
14,476.77
11,461.81
12,488.67
11.5,473.76
10.5,451.79
11,446.09
9,434.39
10.5,423.88
11,422.89
13.5,429.9
16,428.42
18.5,458.85
20.5,487.97
21,501.36
22,500.62
22.5,496.51
22,477.37
21.5,466.87
17.5,473.18
17.5,477.92
17,493.04
16.5,486.65
17,463.1
16.5,451.4
16,443.86
15.5,440.96
15,468.1
14.5,479.06
13,454.84
13.5,451.74
13.5,444.29
11,438.2
10.5,432.82
14,436.16
16.5,428.61
18,445.59
19.5,479.06
21,488.46
22,499.29
22,494.02
22,467.04
20,476.66
16.5,476.9
15.5,485.03
15,492.51
14.5,496.57
15.5,474.71
15,463.17
16,454.16
14.5,451.67
14,484.1
14,476.21
14,442.18
12,435.24
11,433.05
11.5,431.42
11.5,428.99
14,438.2
16.5,439.94
18,460.53
20,490.58
22,511.98
22.5,513.8
23,481.24
23,457.24
21.5,475.17
18,479.74
18,474.87
16.5,482.15
17,479.36
17,468.3
15,459.79
14.5,452.74
12.5,444.92
13.5,481.74
13.5,475.73
13.5,455.88
11,447.42
9.5,439.01
9.5,431.78
11,431.19
14,432.71
17,417.23
19.5,440.3
21.5,475.27
22.5,499.73
23,503.26
23,492.85
23,457.97
21,464.62
19,465.66
18.5,469.78
17.5,483.92
17,462.13
15.5,445.11
16,438.55
16.5,432.99
17,425.82
15,469.8
13,490.63
12.5,450.25
13.5,438.78
14,433.22
11.5,426.32
14.5,423.54
17,423.35
19.5,411.45
19.5,425.15
21,447.89
22,465.2
23,476.33
23.5,474.47
23.5,453.39
22,445.61
19.5,438.32
19,433.34
18.5,442.15
18,441.63
17,435.68
18,429.19
17,425.44
15,427.54
15.5,467.88
14,469.92
13,436.79
13,423.23
12,413.37
12.5,405.67
13,403.08
15,398.24
17.5,373.66
20.5,369.68
22,384.89
23,402.96
23.5,396.29
23.5,378.08
22.5,338.54
21.5,318.4
17.5,315.37
16,287.7
17,275.61
16.5,288.07
17,284.42
16.5,280.18
15.5,274.87
14,272.22
13.5,293.09
13,279.57
12.5,248.37
12.5,220.81
13.5,208.83
12.5,209.53
14,209.2
16,220.41
17,211.44
17.5,209.48
20.5,195.76
22,190.93
22,192.28
22.5,202.6
22,187.69
20.5,181.28
18,185.43
18,188.8
17,217.5
15.5,235.69
14.5,231.41
14.5,220.79
14,219.58
14.5,224.87
14,253.07
14,256.14
14,229.36
13.5,215.2
12,206.92
12.5,203.44
11.5,203.16
13,204.02
17,179.28
18,186.61
19.5,199.98
21,211.01
22,209.6
22,205.78
22,197.04
20.5,194.24
17,198.68
15.5,189.2
16,221.47
17,240.01
16,237.37
15,226.12
15,224.5
15,230.67
13,266.82
12,253.06
11.5,249.62
12.5,236.09
12,231.44
11.5,232.1
11,231.85
14,234.24
16.5,206.09
18.5,196.43
19.5,196.01
21,219.21
21,225.83
22,229.49
21,225.57
20,213.21
18.5,205.52
18,210.72
16.5,244.39
16.5,264.53
16,262.62
16,258.04
15.5,257.38
14.5,256.34
15.5,295.91
14.5,295.19
12.5,275.35
11.5,264.26
11,262.04
11,263.75
11.5,265.93
14,265.14
16.5,239.31
18.5,252.47
21,274.17
21,297.99
22.5,304.34
22.5,304.45
22.5,295.04
20,293.02
17,281.85
16.5,275.66
16,325.16
15.5,352.48
15,343.22
13.5,333.54
13.5,338.57
14,336.95
13.5,375.58
14,375.91
12.5,363.64
13,354.43
12.5,349.47
12,343.71
13,344.93
15.5,343.63
16.5,311.45
18.5,323.64
20.5,353.84
21.5,372.63
22,380.49
22,376.66
22,367.04
20.5,370.4
18.5,362.98
17,353.6
16,380.56
16,391.95
15.5,387.33
15,379.74
15.5,380.31
14.5,377.48
15,418.75
13.5,420.54
11,401.34
11.5,396.58
10.5,391.07
11.5,382.63
12.5,382.54
13.5,385.37
16.5,357.15
18,364.16
20.5,376.49
21,391.12
21.5,403.51
22,405.21
22,379.16
20,391.66
17,394.04
17,384.75
16.5,417.01
16,430.78
14,419.67
14,410.29
15,402.12
13.5,398.27
12.5,432.95
14.5,422.2
12,396.17
10.5,387.87
10,382.71
11.5,381.62
11,383.81
12,388.95
13.5,385.07
16.5,408.63
18.5,438.61
19.5,452.61
21,465.14
21,462.83
21,444.11
19,447.44
15.5,444.17
14,450.92
15,470.63
15.5,463.08
14.5,447.91
13,440.23
12.5,438.55
12,437.97
11.5,478.5
11,473.82
10.5,449.92
10.5,443.48
9.5,439.95
9,439.05
8.5,438.81
12,442.77
14.5,433.01
16,452.37
17,479.87
18,492.47
18,495.97
18,490.02
18,462.33
17,465.81
15,463.18
15,454.06
13.5,477.19
13.5,474.17
13.5,459.3
13,447.08
12,442.41
11.5,440.15
12,481.98
11.5,478.5
11.5,450.64
10.5,448.98
10.5,442.73
10,434.29
9.5,435.03
10,439.21
11.5,425.74
13,448.67
15,483.17
15,499.28
16.5,496.57
16,488.73
16,464.06
15,480.87
13,479.52
13,474.7
12,497.22
12.5,484.65
11.5,466.51
11,455.04
11.5,446.83
11.5,442.73
11,485.29
10.5,481.25
10.5,456.67
10,441.55
10,437.82
9,436.31
9.5,441.74
10.5,440.32
12.5,431.46
13.5,447.3
14.5,478.24
15,489.84
16,497.16
16.5,495.49
16,467.01
15.5,469.55
14,467.55
13,467.48
13,482.66
13,489.96
12,466.93
11,454.33
10.5,449.95
10,444.69
9.5,483.96
9,481.4
9,455.17
8.5,454.12
8.5,446.1
8,443
8.5,441.9
10.5,446.65
12.5,433.47
14.5,446
16.5,475.72
17,485.89
18,494.29
17.5,477.21
18,443.71
16,456.31
13,462.92
13,457.18
12,491.97
12.5,494.55
12.5,478.04
12,465.1
12,459.03
11.5,453.19
12,493.34
9.5,487.79
8.5,464.69
9.5,460.13
10,450.74
11,444.36
10,446.37
11,448.21
14,425.63
16,437.04
16.5,470.93
17.5,492.49
18,499.81
18,496.31
18,454.23
16.5,449.26
15,453.4
14.5,455.15
13,486.83
13.5,483.73
13,463.71
11.5,453.25
11,449.43
12,446.75
11,487.86
10,483.09
10,456.13
10.5,454.56
9.5,445.1
9,438.08
7,439.61
10.5,438.63
14,414.08
17.5,415.27
17.5,430.71
18,448.31
19,456.44
20,449.6
19,428.62
18,436.56
15.5,427.79
14.5,430.18
14,459.45
14,456.85
13.5,439.23
13,437.52
13,437.6
12,441.51
11.5,473.14
10,462.53
10,432.73
10.5,425.51
9,421.8
9.5,422.52
10.5,423.16
12.5,427.36
15,416.42
15.5,432.17
18.5,471.86
20,491.69
21,499.93
21.5,482.65
21,455.57
19.5,465.91
18,466.41
17.5,469.21
16.5,494.33
15.5,486.74
16,462.27
15,447.68
14.5,450.49
14,445.4
12.5,488.28
12,478.68
12,463.81
11,456.25
11,448.4
9,444.67
9.5,444.67
12.5,443.78
17.5,434.87
16,447.06
18.5,481.36
21,496.07
21,508.15
21,496.52
20.5,468.78
18,481.24
15.5,473.05
14.5,469.31
14.5,490
14.5,475.37
14.5,461.94
14,455.77
14.5,448.55
13.5,441.37
13.5,478.85
13.5,478.32
11.5,462.67
11,456.17
12.5,447.94
12,442.75
12,441.31
13.5,444.12
16.5,437.36
18.5,453.42
19.5,476.77
20,493.28
20,499.46
20,485.2
18.5,457.6
17.5,469.24
15,467.25
14.5,471.52
14.5,505.36
13.5,494.08
13,471.45
13.5,467.18
13,458.59
12,452.84
13,487.18
12.5,482.21
10.5,463.6
11,452.47
10.5,447.63
8,443.39
8,445.17
10.5,450.68
12.5,439.53
16,457.82
17.5,487.17
17.5,496.02
19,493.64
20,485.6
19,472.95
17.5,475.55
15.5,464.72
15,465.63
15,494.18
15,487.76
15,465.86
15,463.95
13,459.9
13.5,457.31
14,486.86
12,484.52
12.5,461.09
11.5,456.11
11,450.35
12.5,450.54
11.5,450.29
13,445.64
15.5,440.63
17.5,453.11
19.5,482.4
21.5,497.51
22.5,502.69
22.5,487.17
23,463.54
20.5,479.64
19.5,472.85
18.5,474.52
18.5,492.84
18.5,484.53
17,463.86
15.5,457
15,443.15
13.5,445.99
12.5,490.82
12,485.6
12,463.82
11.5,453.87
12,446.28
11.5,442.92
12,443.34
14,444.78
16,429.05
18,451.94
20.5,486.13
22.5,489.66
23.5,494.91
24,498.36
24.5,478.31
22,473.85
19.5,468.69
19,475.41
18,499.94
17.5,466.16
15.5,446.23
16,439.11
16,430.46
16,434.51
13,481.91
13.5,483.29
12,463.08
11.5,454.51
11.5,442.61
12,436.68
11.5,439.4
12.5,440.89
17,416.38
20,423.15
20.5,427.94
22,430.2
23,435.51
22,430.65
22,423.54
20,427.52
17.5,424.32
17,434.42
16.5,466.14
14.5,443.06
14.5,431.42
13.5,425.63
13,422.09
12,422.1
12.5,459.39
10,457.08
10.5,432.18
10,425.33
10,425.43
8.5,418.15
7.5,417.8
9.5,423.76
12.5,418.67
15,439.37
17,473.07
17.5,483.62
18,484.71
18,477.84
18,463.22
16.5,472.73
14,475.08
13,481.61
12,495.53
11.5,473.45
10,459.37
10,450.32
9,442.66
8,438.04
9,462.45
9,463.26
9,441.47
9,431.47
9.5,427.5
9,425.24
9,428.44
9,435.92
9,428.41
10.5,446.29
12.5,476.77
13,485.95
14,494.14
14,490.56
14,471.39
12.5,474.06
10.5,474.74
9,486.48
8,510.23
8,492.43
7.5,464
7.5,459.5
8,453.56
6,443.87
6.5,485.57
6.5,478.03
6.5,458.24
6,449.73
6.5,438.96
6,427.43
6,430.27
7,441.17
9.5,424.46
11.5,434.72
12.5,471.43
14.5,481.26
15,494.95
16,491.6
15.5,459.93
14.5,467.48
12.5,473.62
12,478.17
10,501.81
11,482.2
10,460.57
9.5,459.14
8,455.3
7,451.52
7,486.16
5.5,475.62
7,448.7
5,439.59
5.5,433.46
5,424.09
6,424.52
6.5,437.12
9.5,430.54
10.5,455.26
14,481.69
15,483.05
16,489.95
16,485.54
15,463.12
13.5,464.35
11.5,464.7
11,469.1
11,494.77
10.5,494.62
9,475.85
9,471.56
10,468.35
9,458.19
7.5,492.72
7.5,490.22
7,465.98
6.5,449.93
6,447.11
5.5,441.84
4.5,436.96
6,449
8.5,427.85
9.5,440.55
9.5,483.92
10.5,511.28
12,521.62
12,508.23
11.5,475.11
11,502.88
10,500.04
10,504.49
10,515.97
10,494.19
10,471.66
10,465.31
9.5,460.87
9,454.7
8.5,481.84
9,480.41
8,457.09
8,448.26
8,437.56
8,419.02
8,407.7
8,418.57
8.5,393.73
8,410.67
8,465.56
8,484.36
7,491.49
8,518.2
7,504.03
8,504.95
8,500.93
8,494.96
8,509.88
8,507.87
7,499.67
7,461.07
7,479.7
7.5,478.45
7,501.39
7,504.5
7,488.98
6,478.27
6,469.36
6,464.19
6,465.14
6,464.62
6,432.24
6,423.16
7,437.36
7,463.48
7.5,483.11
7,480.19
7,480.75
7,487.11
6,488.05
5.5,485.17
5.5,505.21
5,485.79
5,470.8
4.5,466.39
4,465.75
4,460.7
4,500.09
3,493.46
3,460.35
3,445.85
2.5,428.33
3,420.44
3,417.78
3,426.31
3,417.95
3.5,435.69
3,475.66
3,501.91
3,509.27
3.5,523.05
4,495.58
4,487.3
3.5,484.34
3,494.49
3,517.8
2.5,504.66
2,475.34
2.5,488.45
3,478.65
2,466.65
2.5,500.35
2,510.7
2,453.47
2,441.04
2,426.37
2.5,422.74
3,422.43
3,424.05
3,406.09
3,414.73
3.5,455.48
3.5,479.88
4,518.75
4,534.73
4,513.12
4.5,522.27
5,522.52
5,529.88
5,535.11
5,502.46
5,467.29
5,441.57
5,446.13
5,436.22
5,473.95
4,471.18
4,437.26
4,419.47
4,423.22
4,406.58
3,422.7
3.5,425.74
5,424
5.5,438.52
6.5,459.35
7,479
8,514.42
8,531.71
7.5,514.58
7,517.8
7,515.67
6,515.69
5.5,531.13
5.5,505.51
5,481.25
4.5,456.89
4,454.6
3.5,437.04
4,465.89
3,469.43
2.5,446.94
3,439.79
3,436.06
3.5,430.8
3.5,429.59
4.5,452.86
5.5,438.3
7,450.86
8,488.77
8.5,520.92
9,534.97
9.5,546.13
8.5,519.57
8,523.27
7,520.59
6,516.87
6,535.77
6,509.82
5.5,484.2
5,473.85
5,448.36
5,448.45
5,516.48
4.5,517.56
4,489.39
4,489.13
3.5,447.44
4,437.26
3.5,439.69
3.5,466.87
5,457.73
6.5,463.86
7.5,490.35
8,512.31
9,522.88
9,530.18
9,511.78
8,519.55
8,520.5
7,523.47
7,543.44
6.5,531.65
7,505.42
6,491.77
6,461.34
6,458.25
6,509.17
6,509.18
5.5,503.14
5.5,487.13
4.5,471.93
5,471.46
6,466.02
5,468.03
6,437.91
7,439.71
7.5,484.64
9,505.53
9,522.47
9.5,529.4
9.5,517.52
9,520.65
8,519.44
6.5,508.68
6,524.63
7,517.43
6.5,500.49
7,494.32
6.5,499.79
7,495.86
7,521.38
7,524.73
7,498.86
7,481.03
7,469.17
7,458.16
6.5,454.38
7,457.9
7,419.35
7,416.62
7.5,426.86
8,437.81
9,465.7
8.5,478.2
8,463.79
8,469.16
8,467.68
7.5,461.21
7,486.38
7,482.4
7,475.58
7,466.41
6,469.16
6,461.36
6.5,488.97
6,486.08
5.5,438.64
5,417.54
4.5,412.67
5,412.31
4.5,413.37
5.5,423.68
7.5,409.16
8.5,418.54
10,466.91
11,488.59
11.5,523.65
11.5,521.69
11.5,502.92
10.5,500.82
8.5,476.25
7.5,481.47
7,508.32
6.5,512.64
5.5,480.6
5,466.56
5,443.66
4.5,443.19
3.5,486.98
3.5,484.43
4.5,469.25
4,461.29
4,442.9
3,425.37
3,422.9
4.5,410.83
6.5,404.41
7.5,412.46
9,451.07
10.5,486.64
12,523.12
12,521.39
12,485.89
11,483.44
8,473.25
7,479.71
7,501.76
6.5,501.92
5.5,473.39
5,447.03
5.5,442.65
6,437.42
4.5,480.49
5,480.14
4,441.46
4,431.75
3.5,426.8
3.5,421.59
3,414.97
5,423.79
6.5,416.19
8,426.46
9.5,463.78
10.5,504.78
11.5,522.81
12.5,503.95
12,469.2
11,478.68
7.5,479.97
8,481.04
6,509.2
5,497.47
5,474.82
5,457.5
4.5,450
3.5,444.73
3,483.79
3.5,477.16
2.5,448.33
2.5,424.82
2.5,417.58
3.5,414.2
3,414.72
4.5,420.05
6.5,397.87
8,419.37
9.5,467.27
10.5,512.28
11.5,515.18
12,508.86
12,475.27
10.5,485.84
9,474.22
7.5,464.86
7,485.08
6.5,482.74
5,457.54
5,446.92
4,445.3
3.5,436.54
4,481.07
4,477.27
3.5,437.47
2.5,426.4
2,420.26
2,412.69
2,413.49
3.5,422.63
5.5,417.77
7.5,433.06
9,467.58
10.5,507.44
11,512.74
11.5,506.36
12,447.62
10.5,458.47
8,466.74
6.5,475.57
7.5,491.05
6.5,498.46
5.5,477.5
4,463.27
4,458.35
3.5,457.38
3,528.48
2.5,517.12
1.5,458.76
2.5,445.44
2.5,443.39
2.5,435.29
1.5,433.5
3,426.89
5.5,408.96
7,419.82
8,460.34
9.5,490.87
11,527.1
11,517.85
11,493.33
10,483.99
7.5,466.93
7,461.44
7,491.7
6.5,489.63
7,464.23
6,454.26
4.5,449.49
3,444.48
3,508.15
2.5,508.69
2.5,464.67
2,445.26
2.5,437.1
2.5,427.35
2.5,429.39
4,434.41
5.5,412.34
7,410.13
8.5,415.59
9.5,434.5
11,472.5
12,477.43
11,466.36
10,441.89
8.5,436.88
9,425.45
7,460.69
7,458.53
6.5,447.26
6,433.94
5,430.23
5,427.76
5,493.14
4.5,484.64
5.5,430.58
3.5,411.26
4.5,395.93
4,406.31
3.5,410.55
5.5,422.28
7,411.2
8,421.31
13,470.75
13,524.68
14,523.11
14,529.34
15,470.74
12.5,476.37
11,472.79
11,467.43
9.5,496.88
8,487.74
7.5,460.85
7.5,449.6
7,446.55
7,440.01
7,496.51
7,496.04
6,456.22
5.5,448.35
6,440.95
5.5,433.77
6,432.48
5.5,442.69
8.5,429.86
10.5,441.71
13.5,480.4
15,531.88
15,545.76
14,544.68
14,485.93
12.5,487.79
11.5,489.42
10,484.94
10,509.13
10,496.78
9,475.23
8,469.24
8,457.9
8,451.06
7,518.15
6,519.89
5.5,467.27
6.5,462.5
5.5,456.9
7,451.17
7,449.77
7.5,454.29
9,436.4
10.5,445.33
12.5,482.17
13,527.04
14,529.74
14,527.32
13.5,471.92
12,468.13
9,472.97
8,482.09
7,507.39
7,500.81
7,474.57
6,466.73
7,462.48
6,461.9
5.5,519.44
5,515.6
5,464.9
4.5,464.25
4.5,456.32
4.5,447.29
4,443.71
5,455.43
5,434.81
6,443.13
8,479.66
8,533.21
8,544.88
8,542.95
8,489.11
7,489.76
6.5,495.83
7,497.87
6,523.18
5,508.23
4.5,482.81
3,465.49
3,463.93
2,454.45
2,520.49
2,510.19
2,485.58
1,452.95
1.5,449.45
1,439.7
0.5,438.58
0.5,443.35
1,430.56
1,447.62
1.5,482.15
2,532.45
2,547.24
2,557.01
2,505.93
2,496.54
2,486.64
2,485.12
2.5,505.97
2,484.07
2,457.73
2,440.54
1.5,431.6
1,430.42
1,479.64
1,477.25
