540,79.99
540,61.89
332.5,40.27
332.5,41.05
198.6,44.3
266,47.03
380,43.7
380,36.45
266,45.85
475,39.29
198.6,38.07
198.6,28.02
427.5,43.01
190,42.33
304,47.81
380,52.91
139.6,39.36
342,56.14
380,40.56
475,42.62
427.5,41.84
139.6,28.24
139.6,8.06
139.6,44.21
380,52.52
380,53.3
380,41.15
342,52.12
427.5,37.43
475,38.6
304,55.26
266,52.91
198.6,41.72
475,42.13
190,53.69
237.5,38.41
237.5,30.08
332.5,37.72
475,42.23
237.5,36.25
342,50.46
427.5,43.7
237.5,39
380,53.1
427.5,41.54
427.5,35.08
349,15.05
380,40.76
237.5,26.26
380,32.82
332.5,39.78
190,46.93
237.5,33.12
304,49.19
139.6,14.59
198.6,14.64
475,41.93
198.6,9.13
304,50.95
332.5,33.02
304,54.38
266,51.73
310,9.87
190,50.66
266,48.7
342,55.06
139.6,44.7
332.5,30.28
190,40.86
485,71.99
374,34.4
313.3,28.8
425,33.4
425,36.3
375,29
475,37.8
469,40.2
425,33.4
388.6,28.1
531.3,41.3
425,33.4
318.8,25.2
401.8,41.1
362.6,35.3
323.7,28.3
379.5,28.6
362.6,35.3
286.3,24.4
362.6,35.3
439,39.3
389.9,40.6
362.6,35.3
337.9,24.1
374,46.2
313.3,42.8
425,49.2
425,46.8
375,45.7
475,55.6
469,54.9
425,49.2
388.6,34.9
531.3,46.9
425,49.2
318.8,33.4
401.8,54.1
362.6,55.9
323.7,49.8
379.5,47.1
362.6,55.9
286.3,38
362.6,55.9
439,56.1
389.9,59.09
362.6,22.9
337.9,35.1
374,61.09
313.3,59.8
425,60.29
425,61.8
375,56.7
475,68.3
469,66.9
425,60.29
388.6,50.7
531.3,56.4
425,60.29
318.8,55.5
401.8,68.5
362.6,71.3
323.7,74.7
379.5,52.2
362.6,71.3
286.3,67.7
362.6,71.3
439,66
389.9,74.5
362.6,71.3
337.9,49.9
374,63.4
313.3,64.9
425,64.3
425,64.9
375,60.2
475,72.3
469,69.3
425,64.3
388.6,55.2
531.3,58.8
425,64.3
318.8,66.1
401.8,73.7
362.6,77.3
323.7,80.2
379.5,54.9
362.6,77.3
286.3,72.99
362.6,77.3
439,71.7
389.9,79.4
362.6,77.3
337.9,59.89
374,64.9
313.3,66.6
425,65.2
425,66.7
375,62.5
475,74.19
469,70.7
425,65.2
388.6,57.6
531.3,59.2
425,65.2
318.8,68.1
401.8,75.5
362.6,79.3
379.5,56.5
362.6,79.3
286.3,76.8
362.6,79.3
439,73.3
389.9,82.6
362.6,79.3
337.9,67.8
222.4,11.58
222.4,24.45
222.4,24.89
222.4,29.45
222.4,40.71
233.8,10.38
233.8,22.14
233.8,22.84
233.8,27.66
233.8,34.56
194.7,12.45
194.7,24.99
194.7,25.72
194.7,33.96
194.7,37.34
190.7,15.04
190.7,21.06
190.7,26.4
190.7,35.34
190.7,40.57
212.1,12.47
212.1,20.92
212.1,24.9
212.1,34.2
212.1,39.61
230,10.03
230,20.08
230,24.48
230,31.54
230,35.34
190.3,9.45
190.3,22.72
190.3,28.47
190.3,38.56
190.3,40.39
166.1,10.76
166.1,25.48
166.1,21.54
166.1,28.63
166.1,33.54
168,7.75
168,17.82
168,24.24
168,32.85
168,39.23
213.7,18
213.7,30.39
213.7,45.71
213.7,50.77
213.7,53.9
213.8,13.18
213.8,17.84
213.8,40.23
213.8,47.13
213.8,49.97
229.7,13.36
229.7,22.32
229.7,24.54
229.7,31.35
229.7,40.86
238.1,19.93
238.1,25.69
238.1,30.23
238.1,39.59
238.1,44.3
250,13.82
250,24.92
250,29.22
250,38.33
250,42.35
212.5,13.54
212.5,26.31
212.5,31.64
212.5,42.55
212.5,42.92
212.6,13.33
212.6,25.37
212.6,37.4
212.6,44.4
212.6,47.74
212,19.52
212,31.35
212,38.5
212,45.08
212,47.82
231.8,15.44
231.8,26.77
231.8,33.73
231.8,42.7
231.8,45.84
251.4,17.22
251.4,29.93
251.4,29.65
251.4,36.97
251.4,43.58
251.4,13.12
251.4,24.43
251.4,32.66
251.4,36.64
251.4,44.21
181.4,13.62
181.4,21.6
181.4,27.77
181.4,35.57
181.4,45.37
182,7.32
182,21.5
182,31.27
182,43.5
182,48.67
168.9,7.4
168.9,23.51
168.9,31.12
168.9,39.15
168.9,48.15
290.4,22.5
290.4,34.67
290.4,34.74
290.4,45.08
290.4,48.97
277.1,23.14
277.1,41.89
277.1,48.28
277.1,51.04
277.1,55.64
295.7,22.95
295.7,35.23
295.7,39.94
295.7,48.72
295.7,52.04
251.8,21.02
251.8,33.36
251.8,33.94
251.8,44.14
251.8,45.37
249.1,15.36
249.1,28.68
249.1,30.85
249.1,42.03
249.1,51.06
252.3,21.78
252.3,42.29
252.3,50.6
252.3,55.83
252.3,60.95
246.8,23.52
246.8,42.22
246.8,52.5
246.8,60.32
246.8,66.42
275.1,23.8
275.1,38.77
275.1,51.33
275.1,56.85
275.1,58.61
297.2,21.91
297.2,36.99
297.2,47.4
297.2,51.96
297.2,56.74
213.7,17.57
213.7,33.73
213.7,40.15
213.7,46.64
213.7,50.08
213.5,17.37
213.5,33.7
213.5,45.94
213.5,51.43
213.5,59.3
277.2,30.45
277.2,47.71
277.2,63.14
277.2,66.82
277.2,66.95
218.2,27.42
218.2,35.96
218.2,55.51
218.2,61.99
218.2,63.53
214.9,18.02
214.9,38.6
214.9,52.2
214.9,53.96
214.9,56.63
218.9,15.34
218.9,26.05
218.9,30.22
218.9,37.27
218.9,46.23
376,16.28
376,25.62
376,31.97
376,36.3
376,43.06
500,67.57
475,57.23
315,81.75
505,64.02
451,78.8
516,41.37
520,60.28
528,56.83
520,51.02
385,55.55
500.1,44.13
450.1,39.38
397,55.65
333,47.28
334,44.33
405,52.3
200,49.25
516,41.37
145,29.16
160,39.4
234,39.3
250,67.87
475,58.52
285,53.58
356,59
275,76.24
500,69.84
165,14.4
165,19.42
178,20.73
167.4,14.94
172.4,21.29
173.5,23.08
167,15.52
173.8,15.82
190.3,12.55
250,8.49
213.5,15.61
194.7,12.18
251.4,11.98
165,16.88
165,33.09
178,34.24
167.4,31.81
172.4,29.75
173.5,33.01
167,32.9
173.8,29.55
190.3,19.42
250,24.66
213.5,29.59
194.7,24.28
251.4,20.73
165,26.2
165,46.39
178,39.16
167.4,41.2
172.4,33.69
173.5,38.2
167,41.41
173.8,37.81
190.3,24.85
250,27.22
213.5,44.64
194.7,37.27
251.4,33.27
165,36.56
165,53.72
178,48.59
167.4,51.72
172.4,35.85
173.5,53.77
167,53.46
173.8,48.99
190.3,31.72
250,39.64
213.5,51.26
194.7,43.39
251.4,39.27
165,37.96
165,55.02
178,49.99
167.4,53.66
172.4,37.68
173.5,56.06
167,56.81
173.8,50.94
190.3,33.56
250,41.16
213.5,52.96
194.7,44.28
251.4,40.15
446,57.03
446,44.42
446,51.02
446,53.39
446,35.36
446,25.02
446,23.35
446,52.01
446,38.02
446,39.3
446,61.07
446,56.14
446,55.25
446,54.77
387,50.24
387,46.68
387,46.68
387,22.75
387,25.51
387,34.77
387,36.84
387,45.9
387,41.67
387,56.34
387,47.97
387,61.46
355,44.03
355,55.45
491,55.55
491,57.92
491,25.61
491,33.49
491,59.59
491,29.55
491,37.92
491,61.86
424,62.05
424,32.01
424,72.1
424,39
424,65.7
424,32.11
424,40.29
424,74.36
202,21.97
202,9.85
202,15.07
202,23.25
284,43.73
284,13.4
284,24.13
284,44.52
359,62.94
359,59.49
359,25.12
359,23.64
359,35.75
359,38.61
359,68.75
359,66.78
436,23.85
289,32.07
289,11.65
393,19.2
393,48.85
393,39.6
480,43.94
480,34.57
480,54.32
480,24.4
333,15.62
255,21.86
255,10.22
289,14.6
255,18.75
333,31.97
333,23.4
289,25.57
333,41.68
393,27.74
255,8.2
158.8,9.62
239.6,25.42
238.2,15.69
181.9,27.94
193.5,32.63
255.5,17.24
272.8,19.77
239.6,39.44
220.8,25.75
397,33.08
382.5,24.07
210.7,21.82
158.8,21.07
295.8,14.84
255.5,32.05
203.5,11.96
397,25.45
381.4,22.49
295.8,25.22
228,39.7
220.8,13.09
316.1,38.7
135.7,7.51
238.1,17.58
339.2,21.18
135.7,18.2
193.5,17.2
203.5,22.63
290.2,21.86
181.9,12.37
170.3,25.73
210.7,37.81
228,21.92
290.2,33.04
381.4,14.54
238.2,26.91
186.2,8
339.2,31.9
238.1,10.34
252.5,19.77
382.5,37.44
252.5,11.48
316.1,24.44
186.2,17.6
170.3,10.73
272.8,31.38
339,13.22
339,20.97
339,27.04
339,32.04
339,35.17
339,36.45
339,38.89
236,6.47
236,12.84
236,18.42
236,21.95
236,24.1
236,25.08
277,21.26
277,25.97
277,11.36
277,31.25
277,32.33
277,33.7
254,9.31
254,26.94
254,27.63
254,29.79
307,34.49
307,36.15
307,12.54
307,27.53
307,32.92
236,9.99
200,7.84
200,12.25
225,11.17
225,17.34
325,17.54
325,30.57
275,14.2
275,24.5
300,15.58
300,26.85
375,26.06
375,38.21
400,43.7
400,30.14
250,12.73
250,20.87
350,20.28
350,34.29
203.5,19.54
250.2,47.71
157,43.38
141.3,29.89
166.8,6.9
122.6,33.19
183.9,4.9
102,4.57
102,25.46
122.6,24.29
166.8,33.95
200,11.41
108.3,20.59
305.3,25.89
108.3,29.23
116,31.02
141.3,10.39
157,33.66
133,27.87
250.2,19.35
173,11.39
192,12.79
192,39.32
153,4.78
288,16.11
305.3,43.38
236,20.42
173,6.94
212,15.03
236,13.57
183.9,32.53
166.8,15.75
102,7.68
288,38.8
212,33
102,17.28
173,24.28
183.9,24.05
133,36.59
192,50.73
133,13.66
305.3,14.14
236,47.78
108.3,2.33
157,16.89
288,23.52
212,6.81
212,39.7
153,17.96
236,32.88
116,22.35
183.9,10.79
108.3,7.72
203.5,41.68
203.5,9.56
133,6.88
288,50.53
200,17.17
200,30.44
250.2,9.73
122.6,3.32
153,26.32
200,43.25
116,6.28
173,32.1
250.2,36.96
305.3,54.6
192,21.48
157,9.69
153,8.37
141.3,39.66
116,10.09
141.3,4.83
122.6,10.35
166.8,43.57
203.5,51.86
310,11.85
310,17.24
310,27.83
310,35.76
310,38.7
331,14.31
331,17.44
331,31.74
331,37.91
331,39.38
349,15.87
349,9.01
349,33.61
349,40.66
349,40.86
238,12.05
238,17.54
296,18.91
296,25.18
297,30.96
480,43.89
480,54.28
397,36.94
281,14.5
281,22.44
500,12.64
500,26.06
500,33.21
500,36.94
500,44.09
540,52.61
540,59.76
540,67.31
540,69.66
540,71.62
540,74.17
350,18.13
350,22.53
350,27.34
350,29.98
350,31.35
350,32.72
385,6.27
385,14.7
385,23.22
385,27.92
385,31.35
331,39
331,41.24
349,14.99
331,13.52
382,24
382,37.42
382,11.47
281,22.44
339,21.16
339,31.84
295,14.8
295,25.18
238,17.54
296,14.2
296,21.65
296,29.39
331,13.52
331,16.26
331,31.45
331,37.23
349,18.13
349,32.72
349,39.49
349,41.05
349,42.13
302,18.13
302,26.74
525,61.92
500,47.22
500,51.04
500,55.16
540,41.64
252,13.71
252,19.69
339,31.65
393,19.11
393,39.58
393,48.79
382,24
382,37.42
252,11.47
252,19.69
310,14.99
310,27.92
310,34.68
310,37.33
310,38.11
525,33.8
525,42.42
525,48.4
525,55.94
525,58.78
525,67.11
322,20.77
322,25.18
322,29.59
302,21.75
397,39.09
480,24.39
522,50.51
522,74.99
273,37.17
162,33.76
154,16.5
147,19.99
152,36.35
310,33.69
144,15.42
304,33.42
374,39.05
159,27.68
153,26.86
310,45.3
305,30.12
151,15.57
142,44.61
298,53.52
321,57.21
366,65.91
280,52.82
252,33.4
165,18.03
156,37.36
160,32.84
298,42.64
318,40.06
287,41.94
326,61.23
356,40.87
132,33.3
322,52.42
164,15.09
314,38.46
321,37.26
140,35.23
288,42.13
298,31.87
265,41.54
160,39.45
166,37.91
276,44.28
322,31.18
149,23.69
159,32.76
261,32.4
237,28.63
313,36.8
155,18.28
146,33.06
296,31.42
133,31.03
313,44.39
152,12.18
153,25.56
140,36.44
149,32.96
300,23.84
153,26.23
148,17.95
326,40.68
153,19.01
262,33.72
158,8.54
151,13.46
273,32.24
149,23.52
143,29.72
260,49.77
313,52.44
284,40.93
336,44.86
145,13.2
150,37.43
144,29.87
331,56.61
155,12.46
155,23.79
135,13.29
266,39.42
314,46.23
313,44.52
146,23.74
144,26.14
148,15.52
277,43.57
298,35.86
313,41.05
155,28.99
289,46.24
148,26.92
145,10.54
313,25.1
136,29.07
155,9.74
255,33.8
162,39.84
136,26.97
164,27.23
162,30.65
157,33.05
149,24.58
135,21.91
159,30.88
144,15.34
154,24.34
167,23.89
184,22.93
156,29.41
236.9,28.63
313.3,36.8
154.8,18.29
145.9,32.72
296,31.42
133.1,28.94
313.3,40.93
151.6,12.18
153.1,25.56
139.9,36.44
149.5,32.96
299.8,23.84
153.1,26.23
148.1,17.96
326.5,38.63
152.7,19.01
261.9,33.72
158.4,8.54
150.7,13.46
272.6,32.25
149,23.52
143,29.73
259.9,49.77
312.9,52.45
284,40.93
336.5,44.87
144.8,13.2
150,37.43
143.7,29.87
330.5,56.62
154.8,12.46
154.8,23.79
134.7,13.29
266.2,39.42
314,46.23
312.7,44.52
145.7,23.74
143.8,26.15
148.1,15.53
277,43.58
298.1,35.87
313.3,41.05
155.2,28.99
289,46.25
147.8,26.92
145.4,10.54
312.7,25.1
136.4,29.07
154.8,9.74
255.3,33.8
272.8,37.17
162,33.76
153.6,16.5
146.5,19.99
151.8,36.35
309.9,38.22
143.6,15.42
303.6,33.42
374.3,39.06
158.6,27.68
152.6,26.86
310,45.3
304.8,30.12
150.9,15.57
141.9,44.61
297.8,53.52
321.3,57.22
366,65.91
279.8,52.83
252.1,33.4
164.6,18.03
155.6,37.36
160.2,35.31
298.1,42.64
317.9,40.06
287.3,43.8
325.6,61.24
355.9,40.87
132,33.31
322.5,52.43
164.2,15.09
313.8,38.46
321.4,37.27
139.7,35.23
288.4,42.14
298.2,31.88
264.5,41.54
159.8,39.46
166,37.92
276.4,44.28
322.2,31.18
148.5,23.7
159.1,32.77
260.9,32.4
