1040,79.99
1055,61.89
932,40.27
932,41.05
978.4,44.3
932,47.03
932,43.7
932,36.45
932,45.85
932,39.29
978.4,38.07
978.4,28.02
932,43.01
932,42.33
932,47.81
932,52.91
1047,39.36
932,56.14
932,40.56
932,42.62
932,41.84
1047,28.24
1047,8.06
1047,44.21
932,52.52
932,53.3
932,41.15
932,52.12
932,37.43
932,38.6
932,55.26
932,52.91
978.4,41.72
932,42.13
932,53.69
932,38.41
932,30.08
932,37.72
932,42.23
932,36.25
932,50.46
932,43.7
932,39
932,53.1
932,41.54
932,35.08
1047,15.05
932,40.76
932,26.26
932,32.82
932,39.78
932,46.93
932,33.12
932,49.19
1047,14.59
978.4,14.64
932,41.93
978.4,9.13
932,50.95
932,33.02
932,54.38
932,51.73
971,9.87
932,50.66
932,48.7
932,55.06
1047,44.7
932,30.28
932,40.86
1120,71.99
926.1,34.4
1046.9,28.8
852.1,33.4
936,36.3
852.1,29
852.1,37.8
852.1,40.2
852.1,33.4
852.1,28.1
852.1,41.3
852.1,33.4
852.1,25.2
946.8,41.1
944.7,35.3
942.7,28.3
1134.3,28.6
944.7,35.3
1004.6,24.4
944.7,35.3
884.9,39.3
944.7,40.6
944.7,35.3
944.7,24.1
926.1,46.2
1046.9,42.8
852.1,49.2
936,46.8
852.1,45.7
852.1,55.6
852.1,54.9
852.1,49.2
852.1,34.9
852.1,46.9
852.1,49.2
852.1,33.4
946.8,54.1
944.7,55.9
942.7,49.8
1134.3,47.1
944.7,55.9
1004.6,38
944.7,55.9
884.9,56.1
944.7,59.09
944.7,22.9
944.7,35.1
926.1,61.09
1046.9,59.8
852.1,60.29
936,61.8
852.1,56.7
852.1,68.3
852.1,66.9
852.1,60.29
852.1,50.7
852.1,56.4
852.1,60.29
852.1,55.5
946.8,68.5
944.7,71.3
942.7,74.7
1134.3,52.2
944.7,71.3
1004.6,67.7
944.7,71.3
884.9,66
944.7,74.5
944.7,71.3
944.7,49.9
926.1,63.4
1046.9,64.9
852.1,64.3
936,64.9
852.1,60.2
852.1,72.3
852.1,69.3
852.1,64.3
852.1,55.2
852.1,58.8
852.1,64.3
852.1,66.1
946.8,73.7
944.7,77.3
942.7,80.2
1134.3,54.9
944.7,77.3
1004.6,72.99
944.7,77.3
884.9,71.7
944.7,79.4
944.7,77.3
944.7,59.89
926.1,64.9
1046.9,66.6
852.1,65.2
936,66.7
852.1,62.5
852.1,74.19
852.1,70.7
852.1,65.2
852.1,57.6
852.1,59.2
852.1,65.2
852.1,68.1
946.8,75.5
944.7,79.3
1134.3,56.5
944.7,79.3
1004.6,76.8
944.7,79.3
884.9,73.3
944.7,82.6
944.7,79.3
944.7,67.8
967.1,11.58
967.1,24.45
967.1,24.89
967.1,29.45
967.1,40.71
947,10.38
947,22.14
947,22.84
947,27.66
947,34.56
1006.4,12.45
1006.4,24.99
1006.4,25.72
1006.4,33.96
1006.4,37.34
1090,15.04
1090,21.06
1090,26.4
1090,35.34
1090,40.57
1057.6,12.47
1057.6,20.92
1057.6,24.9
1057.6,34.2
1057.6,39.61
1029.4,10.03
1029.4,20.08
1029.4,24.48
1029.4,31.54
1029.4,35.34
1088.1,9.45
1088.1,22.72
1088.1,28.47
1088.1,38.56
1088.1,40.39
1058.6,10.76
1058.6,25.48
1058.6,21.54
1058.6,28.63
1058.6,33.54
1058.7,7.75
1058.7,17.82
1058.7,24.24
1058.7,32.85
1058.7,39.23
1065.8,18
1065.8,30.39
1065.8,45.71
1065.8,50.77
1065.8,53.9
1066,13.18
1066,17.84
1066,40.23
1066,47.13
1066,49.97
1028.1,13.36
1028.1,22.32
1028.1,24.54
1028.1,31.35
1028.1,40.86
949.9,19.93
949.9,25.69
949.9,30.23
949.9,39.59
949.9,44.3
956.9,13.82
956.9,24.92
956.9,29.22
956.9,38.33
956.9,42.35
1007.8,13.54
1007.8,26.31
1007.8,31.64
1007.8,42.55
1007.8,42.92
1003.8,13.33
1003.8,25.37
1003.8,37.4
1003.8,44.4
1003.8,47.74
1085.4,19.52
1085.4,31.35
1085.4,38.5
1085.4,45.08
1085.4,47.82
1056.4,15.44
1056.4,26.77
1056.4,33.73
1056.4,42.7
1056.4,45.84
1028.4,17.22
1028.4,29.93
1028.4,29.65
1028.4,36.97
1028.4,43.58
1028.4,13.12
1028.4,24.43
1028.4,32.66
1028.4,36.64
1028.4,44.21
1055.6,13.62
1055.6,21.6
1055.6,27.77
1055.6,35.57
1055.6,45.37
1059.4,7.32
1059.4,21.5
1059.4,31.27
1059.4,43.5
1059.4,48.67
1080.8,7.4
1080.8,23.51
1080.8,31.12
1080.8,39.15
1080.8,48.15
961.2,22.5
961.2,34.67
961.2,34.74
961.2,45.08
961.2,48.97
973.9,23.14
973.9,41.89
973.9,48.28
973.9,51.04
973.9,55.64
955.1,22.95
955.1,35.23
955.1,39.94
955.1,48.72
955.1,52.04
1006,21.02
1006,33.36
1006,33.94
1006,44.14
1006,45.37
987.8,15.36
987.8,28.68
987.8,30.85
987.8,42.03
987.8,51.06
987.8,21.78
987.8,42.29
987.8,50.6
987.8,55.83
987.8,60.95
1086.8,23.52
1086.8,42.22
1086.8,52.5
1086.8,60.32
1086.8,66.42
1053.6,23.8
1053.6,38.77
1053.6,51.33
1053.6,56.85
1053.6,58.61
1022.8,21.91
1022.8,36.99
1022.8,47.4
1022.8,51.96
1022.8,56.74
1053.5,17.57
1053.5,33.73
1053.5,40.15
1053.5,46.64
1053.5,50.08
1052.3,17.37
1052.3,33.7
1052.3,45.94
1052.3,51.43
1052.3,59.3
1061.7,30.45
1061.7,47.71
1061.7,63.14
1061.7,66.82
1061.7,66.95
1075.7,27.42
1075.7,35.96
1075.7,55.51
1075.7,61.99
1075.7,63.53
1014.3,18.02
1014.3,38.6
1014.3,52.2
1014.3,53.96
1014.3,56.63
1078.7,15.34
1078.7,26.05
1078.7,30.22
1078.7,37.27
1078.7,46.23
1003.5,16.28
1003.5,25.62
1003.5,31.97
1003.5,36.3
1003.5,43.06
966,67.57
1098,57.23
1130,81.75
1030,64.02
1030,78.8
801,41.37
855,60.28
920,56.83
870,51.02
903,55.55
1124.4,44.13
1124.4,39.38
967,55.65
996,47.28
967,44.33
1120,52.3
1145,49.25
801,41.37
833,29.16
824,39.4
981,39.3
860,67.87
1044,58.52
1031,53.58
1061,59
830,76.24
1033,69.84
1005.6,14.4
1005.8,19.42
1007.3,20.73
1006.3,14.94
1006.3,21.29
1006.2,23.08
1007.3,15.52
1007.2,15.82
1079,12.55
948.9,8.49
1043.6,15.61
998,12.18
1043.6,11.98
1005.6,16.88
1005.8,33.09
1007.3,34.24
1006.3,31.81
1006.3,29.75
1006.2,33.01
1007.3,32.9
1007.2,29.55
1079,19.42
948.9,24.66
1043.6,29.59
998,24.28
1043.6,20.73
1005.6,26.2
1005.8,46.39
1007.3,39.16
1006.3,41.2
1006.3,33.69
1006.2,38.2
1007.3,41.41
1007.2,37.81
1079,24.85
948.9,27.22
1043.6,44.64
998,37.27
1043.6,33.27
1005.6,36.56
1005.8,53.72
1007.3,48.59
1006.3,51.72
1006.3,35.85
1006.2,53.77
1007.3,53.46
1007.2,48.99
1079,31.72
948.9,39.64
1043.6,51.26
998,43.39
1043.6,39.27
1005.6,37.96
1005.8,55.02
1007.3,49.99
1006.3,53.66
1006.3,37.68
1006.2,56.06
1007.3,56.81
1007.2,50.94
1079,33.56
948.9,41.16
1043.6,52.96
998,44.28
1043.6,40.15
967,57.03
967,44.42
967,51.02
967,53.39
967,35.36
967,25.02
967,23.35
967,52.01
967,38.02
967,39.3
967,61.07
967,56.14
967,55.25
967,54.77
938,50.24
938,46.68
938,46.68
938,22.75
938,25.51
938,34.77
938,36.84
938,45.9
938,41.67
938,56.34
938,47.97
938,61.46
967,44.03
967,55.45
882,55.55
822,57.92
882,25.61
882,33.49
882,59.59
822,29.55
822,37.92
822,61.86
822,62.05
882,32.01
822,72.1
822,39
822,65.7
822,32.11
822,40.29
822,74.36
942,21.97
942,9.85
942,15.07
942,23.25
842,43.73
842,13.4
842,24.13
842,44.52
942,62.94
942,59.49
942,25.12
942,23.64
942,35.75
942,38.61
942,68.75
942,66.78
838.4,23.85
913.2,32.07
913.2,11.65
940.6,19.2
940.6,48.85
940.6,39.6
936.2,43.94
936.2,34.57
936.2,54.32
936.2,24.4
931.2,15.62
889.8,21.86
889.8,10.22
913.2,14.6
889.8,18.75
931.2,31.97
931.2,23.4
913.2,25.57
931.2,41.68
940.6,27.74
889.8,8.2
1040.6,9.62
941.6,25.42
1040.6,15.69
1012.4,27.94
998.2,32.63
1026.6,17.24
1012.4,19.77
941.6,39.44
1055,25.75
1040.6,33.08
1047.8,24.07
977,21.82
1040.6,21.07
1091.4,14.84
1026.6,32.05
1076.2,11.96
1040.6,25.45
1104.6,22.49
1091.4,25.22
955.8,39.7
1055,13.09
977,38.7
1076.2,7.51
1118.8,17.58
1069.2,21.18
1076.2,18.2
998.2,17.2
1076.2,22.63
998.2,21.86
1012.4,12.37
1026.6,25.73
977,37.81
955.8,21.92
998.2,33.04
1104.6,14.54
1040.6,26.91
1083.4,8
1069.2,31.9
1118.8,10.34
1111.6,19.77
1047.8,37.44
1111.6,11.48
977,24.44
1083.4,17.6
1026.6,10.73
1012.4,31.38
968,13.22
968,20.97
968,27.04
968,32.04
968,35.17
968,36.45
968,38.89
968,6.47
968,12.84
968,18.42
968,21.95
968,24.1
968,25.08
968,21.26
968,25.97
968,11.36
968,31.25
968,32.33
968,33.7
968,9.31
968,26.94
968,27.63
968,29.79
968,34.49
968,36.15
968,12.54
968,27.53
968,32.92
968,9.99
1125,7.84
1125,12.25
1113,11.17
1113,17.34
1063,17.54
1063,30.57
1088,14.2
1088,24.5
1075,15.58
1075,26.85
1038,26.06
1038,38.21
1025,43.7
1025,30.14
1100,12.73
1100,20.87
1050,20.28
1050,34.29
963.4,19.54
977.6,47.71
935.4,43.38
971.8,29.89
975.6,6.9
958.2,33.19
959.2,4.9
887,4.57
887,25.46
958.2,24.29
975.6,33.95
965.4,11.41
938.2,20.59
965.4,25.89
938.2,29.23
909.8,31.02
971.8,10.39
935.4,33.66
927.4,27.87
977.6,19.35
946.8,11.39
929.8,12.79
929.8,39.32
888,4.78
932,16.11
965.4,43.38
972.6,20.42
946.8,6.94
973.4,15.03
972.6,13.57
959.2,32.53
975.6,15.75
887,7.68
932,38.8
973.4,33
887,17.28
946.8,24.28
959.2,24.05
927.4,36.59
929.8,50.73
927.4,13.66
965.4,14.14
972.6,47.78
938.2,2.33
935.4,16.89
932,23.52
973.4,6.81
973.4,39.7
888,17.96
972.6,32.88
909.8,22.35
959.2,10.79
938.2,7.72
963.4,41.68
963.4,9.56
927.4,6.88
932,50.53
965.4,17.17
965.4,30.44
977.6,9.73
958.2,3.32
888,26.32
965.4,43.25
909.8,6.28
946.8,32.1
977.6,36.96
965.4,54.6
929.8,21.48
935.4,9.69
888,8.37
971.8,39.66
909.8,10.09
971.8,4.83
958.2,10.35
975.6,43.57
963.4,51.86
1012,11.85
1012,17.24
1012,27.83
1012,35.76
1012,38.7
1025,14.31
1025,17.44
1025,31.74
1025,37.91
1025,39.38
1056,15.87
1056,9.01
1056,33.61
1056,40.66
1056,40.86
1119,12.05
1119,17.54
1090,18.91
1090,25.18
1040,30.96
936,43.89
936,54.28
1040,36.94
1104,14.5
1104,22.44
1125,12.64
1125,26.06
1125,33.21
1125,36.94
1125,44.09
1125,52.61
1125,59.76
1125,67.31
1125,69.66
1125,71.62
1125,74.17
974,18.13
974,22.53
974,27.34
974,29.98
974,31.35
974,32.72
966,6.27
966,14.7
966,23.22
966,27.92
966,31.35
978,39
978,41.24
1047,14.99
978,13.52
1047,24
1047,37.42
1111,11.47
1104,22.44
1069,21.16
1069,31.84
1069,14.8
1069,25.18
1118,17.54
1085,14.2
1085,21.65
1085,29.39
879,13.52
978,16.26
978,31.45
978,37.23
1047,18.13
1047,32.72
1047,39.49
1047,41.05
1047,42.13
974,18.13
974,26.74
1125,61.92
1125,47.22
1125,51.04
1125,55.16
1125,41.64
1111,13.71
1111,19.69
1060,31.65
940,19.11
940,39.58
940,48.79
1047,24
1047,37.42
1111,11.47
1111,19.69
970,14.99
970,27.92
970,34.68
970,37.33
970,38.11
1125,33.8
1125,42.42
1125,48.4
1125,55.94
1125,58.78
1125,67.11
974,20.77
974,25.18
974,29.59
974,21.75
1040,39.09
936,24.39
896,50.51
896,74.99
904,37.17
838,33.76
923,16.5
860,19.99
944,36.35
914,33.69
943,15.42
895,33.42
1013,39.05
953,27.68
1002,26.86
914,45.3
959,30.12
991,15.57
883,44.61
878,53.52
870,57.21
824,65.91
825,52.82
835,33.4
1023,18.03
1022,37.36
829,32.84
879,42.64
861,40.06
904,41.94
882,61.23
801,40.87
867,33.3
951,52.42
849,15.09
925,38.46
870,37.26
869,35.23
908,42.13
880,31.87
833,41.54
1049,39.45
859,37.91
870,44.28
818,31.18
892,23.69
990,32.76
864,32.4
853,28.63
1002,36.8
1047,18.28
827,33.06
819,31.42
949,31.03
867,44.39
992,12.18
1002,25.56
916,36.44
847,32.96
878,23.84
867,26.23
1002,17.95
801,40.68
1000,19.01
895,33.72
898,8.54
1074,13.46
931,32.24
953,23.52
967,29.72
936,49.77
917,52.44
970,40.93
986,44.86
979,13.2
1069,37.43
814,29.87
811,56.61
1047,12.46
877,23.79
961,13.29
910,39.42
869,46.23
1000,44.52
986,23.74
941,26.14
839,15.52
946,43.57
953,35.86
1002,41.05
880,28.99
924,46.24
1000,26.92
824,10.54
1000,25.1
923,29.07
877,9.74
919,33.8
822,39.84
847,26.97
961,27.23
820,30.65
819,33.05
935,24.58
965,21.91
848,30.88
1021,15.34
845,24.34
898,23.89
923,22.93
854,29.41
852.9,28.63
1001.9,36.8
1047.4,18.29
827,32.72
819.2,31.42
949.4,28.94
867.2,40.93
992,12.18
1001.9,25.56
916,36.44
846.8,32.96
878.2,23.84
867.2,26.23
1001.8,17.96
801.1,38.63
999.7,19.01
895.2,33.72
897.7,8.54
1074.5,13.46
931.3,32.25
953.4,23.52
967.4,29.73
935.7,49.77
916.6,52.45
970.4,40.93
985.8,44.87
979.5,13.2
1069.3,37.43
814.1,29.87
811,56.62
1047.4,12.46
877.2,23.79
961,13.29
909.7,39.42
869.1,46.23
999.7,44.52
985.8,23.74
941.5,26.15
838.9,15.53
946.5,43.58
953.2,35.87
1001.9,41.05
879.6,28.99
924.1,46.25
1000,26.92
824,10.54
999.7,25.1
922.6,29.07
877.2,9.74
919,33.8
904,37.17
838.1,33.76
923.2,16.5
860,19.99
944,36.35
913.9,38.22
942.7,15.42
895.5,33.42
1013.2,39.06
953.3,27.68
1001.8,26.86
914.3,45.3
959.4,30.12
991.2,15.57
882.6,44.61
878.4,53.52
870,57.22
824.3,65.91
825.1,52.83
835.5,33.4
1023.3,18.03
1022,37.36
828.7,35.31
879,42.64
860.5,40.06
904.4,43.8
881.6,61.24
801.4,40.87
866.9,33.31
951,52.43
849.3,15.09
925.3,38.46
870.1,37.27
868.6,35.23
907.9,42.14
879.6,31.88
832.6,41.54
1049.3,39.46
858.8,37.92
870.1,44.28
817.9,31.18
892.4,23.7
989.6,32.77
864.5,32.4
